Topic 9
Mean 1.53218846687
Median 1.46633706879
Sum 38.3047116717
1.46633706879
0.0
0.0
1.8458266905
0.864997437487
0.0
2.25129179861
1.8718021769
0.0
2.53897387106
1.46633706879
2.15948424935
0.0
0.0
1.8718021769
1.31218638897
1.8718021769
0.0
0.998528830111
1.64865862559
1.8718021769
1.33500106673
0.864997437487
0.0
1.07263680226
1.33500106673
0.0
0.929535958624
1.69167601067
1.23969088693
0.0
1.15267950994
2.25129179861
0.0
1.23969088693
1.15267950994
0.0
0.0
0.0
0.0
0.0
0.0
0.0
0.0
0.0

Topic 3
Mean 1.51089153661
Median 1.45334932559
Sum 27.196047659
0.0
0.0
0.0
0.0
0.0
0.0
0.0
1.64865862559
0.0
0.0
0.0
1.23969088693
0.0
0.0
1.44036158239
0.0
1.8458266905
0.0
0.0
1.15267950994
0.998528830111
0.0
1.46633706879
0.0
0.0
1.8718021769
0.0
0.0
0.0
2.25129179861
0.0
0.0
1.44036158239
1.23969088693
1.55814461805
0.0
0.0
1.46633706879
0.0
0.0
1.8718021769
1.23969088693
1.15267950994
1.8718021769
1.44036158239

Topic 8
Mean 1.44930842912
Median 1.44036158239
Sum 65.2188793103
0.998528830111
0.998528830111
1.15267950994
1.23969088693
1.15267950994
1.33500106673
1.44036158239
1.15267950994
1.55814461805
1.69167601067
1.23969088693
1.64865862559
1.15267950994
1.44036158239
1.44036158239
1.07263680226
1.44036158239
1.07263680226
1.23969088693
1.23969088693
1.23969088693
1.44036158239
1.64865862559
2.53897387106
2.53897387106
1.69167601067
1.69167601067
1.44036158239
2.53897387106
1.46633706879
1.15267950994
1.44036158239
1.44036158239
1.46633706879
1.33500106673
2.02814824729
0.80437281567
1.15267950994
2.02814824729
0.929535958624
0.929535958624
0.929535958624
1.07263680226
2.53897387106
2.02814824729

Topic 4
Mean 1.57138268725
Median 1.44036158239
Sum 56.569776741
1.23969088693
1.33500106673
1.33500106673
1.44036158239
1.23969088693
1.8718021769
1.15267950994
0.998528830111
1.8718021769
1.64865862559
1.55814461805
0.998528830111
1.23969088693
1.15267950994
1.15267950994
1.8458266905
1.33500106673
2.94443897917
1.64865862559
1.64865862559
1.23969088693
0.0
0.0
0.0
0.0
0.0
0.0
0.0
2.53897387106
1.33500106673
1.44036158239
1.55814461805
1.23969088693
1.23969088693
2.02814824729
0.0
1.69167601067
1.23969088693
2.15948424935
1.8718021769
2.56494935746
1.33500106673
1.8718021769
0.0
1.55814461805

Topic 5
Mean 1.50091738429
Median 1.38768132456
Sum 42.0256867601
0.0
0.0
1.64865862559
0.0
1.44036158239
1.23969088693
0.0
1.15267950994
1.8458266905
0.998528830111
0.0
2.94443897917
1.8458266905
1.33500106673
1.44036158239
0.0
0.0
0.0
0.0
0.0
0.0
0.0
1.8458266905
2.25129179861
1.55814461805
1.69167601067
2.25129179861
0.0
0.0
1.07263680226
1.15267950994
0.929535958624
0.864997437487
1.33500106673
0.0
1.33500106673
0.0
2.15948424935
1.31218638897
1.23969088693
0.998528830111
1.64865862559
0.0
1.55814461805
0.929535958624

Topic 2
Mean 1.51368351184
Median 1.38768132456
Sum 54.4926064263
1.69167601067
1.33500106673
1.8458266905
1.33500106673
2.53897387106
1.15267950994
1.44036158239
1.55814461805
1.55814461805
1.23969088693
1.8718021769
1.64865862559
1.33500106673
1.23969088693
1.44036158239
1.55814461805
1.23969088693
1.07263680226
0.998528830111
1.15267950994
1.23969088693
1.44036158239
1.55814461805
2.25129179861
1.23969088693
1.55814461805
1.55814461805
1.15267950994
2.53897387106
1.8718021769
1.33500106673
1.33500106673
1.33500106673
2.25129179861
1.23969088693
1.33500106673
0.0
0.0
0.0
0.0
0.0
0.0
0.0
0.0
0.0

Topic 0
Mean 1.37043022384
Median 1.38768132456
Sum 13.7043022384
0.0
0.0
0.0
0.0
0.0
0.0
0.0
1.15267950994
0.0
0.0
0.0
0.0
0.0
0.0
0.0
0.0
1.15267950994
0.0
0.0
0.998528830111
0.0
0.0
0.0
0.0
0.0
0.0
0.0
0.0
0.0
1.8458266905
0.0
0.0
1.33500106673
0.0
1.44036158239
0.0
0.0
1.64865862559
0.0
0.0
0.998528830111
0.0
1.44036158239
0.0
1.69167601067

Topic 7
Mean 1.37451576616
Median 1.33500106673
Sum 49.4825675817
1.8718021769
1.44036158239
1.44036158239
0.0
0.0
0.0
1.64865862559
2.15948424935
1.23969088693
0.0
1.33500106673
1.69167601067
1.55814461805
0.0
1.55814461805
0.929535958624
1.23969088693
0.929535958624
0.0
0.80437281567
0.864997437487
1.44036158239
1.55814461805
1.15267950994
0.0
0.998528830111
1.07263680226
2.02814824729
1.23969088693
1.33500106673
1.23969088693
0.0
1.23969088693
1.33500106673
0.80437281567
0.998528830111
1.64865862559
1.64865862559
1.55814461805
0.0
1.64865862559
2.25129179861
0.998528830111
1.23969088693
1.33500106673

Topic 1
Mean 1.40057569617
Median 1.33500106673
Sum 29.4120896195
0.0
0.0
1.33500106673
0.0
1.44036158239
0.864997437487
0.0
1.8718021769
0.74721440183
0.929535958624
0.0
0.0
0.0
0.0
0.0
0.0
1.15267950994
0.929535958624
0.929535958624
0.80437281567
0.0
0.0
0.0
0.0
0.0
0.0
0.0
0.0
0.0
2.53897387106
0.998528830111
1.44036158239
2.02814824729
0.0
1.07263680226
0.0
0.0
2.15948424935
1.55814461805
1.55814461805
1.8718021769
0.0
1.33500106673
0.0
1.8458266905

Topic 6
Mean 1.31887415233
Median 1.23969088693
Sum 36.9284762652
1.07263680226
0.0
0.0
2.02814824729
1.07263680226
0.0
1.44036158239
0.929535958624
0.0
1.23969088693
0.0
0.0
0.0
0.0
0.0
1.15267950994
0.929535958624
0.0
1.44036158239
0.998528830111
0.0
1.44036158239
1.07263680226
0.0
1.44036158239
1.23969088693
0.0
1.15267950994
1.69167601067
1.55814461805
0.0
1.8458266905
1.23969088693
0.0
1.8458266905
1.44036158239
1.23969088693
0.864997437487
0.0
2.15948424935
0.998528830111
0.0
0.929535958624
1.15267950994
1.31218638897

