Topic 5
Mean 1.97383102376
Median 2.02814824729
Sum 59.2149307128
0.0
0.0
1.8718021769
0.0
2.15948424935
1.8718021769
0.0
0.0
0.0
0.0
1.55814461805
0.0
0.0
0.0
0.0
1.8458266905
2.15948424935
1.8718021769
2.15948424935
0.0
1.8458266905
1.69167601067
1.64865862559
1.64865862559
1.64865862559
0.0
2.25129179861
2.02814824729
1.55814461805
2.15948424935
1.8718021769
2.15948424935
0.0
2.02814824729
2.56494935746
2.15948424935
1.44036158239
2.15948424935
1.8718021769
2.15948424935
0.0
2.25129179861
2.15948424935
2.25129179861
2.15948424935

Topic 6
Mean 1.82904490874
Median 1.8718021769
Sum 78.6489310757
1.64865862559
1.69167601067
2.15948424935
1.33500106673
1.8458266905
1.69167601067
2.02814824729
2.15948424935
1.8718021769
1.23969088693
1.46633706879
2.15948424935
1.8718021769
1.15267950994
2.15948424935
2.53897387106
1.8718021769
1.8718021769
1.33500106673
2.02814824729
1.64865862559
2.25129179861
1.15267950994
1.44036158239
1.23969088693
1.8458266905
1.15267950994
1.8458266905
1.64865862559
2.56494935746
2.56494935746
0.0
2.15948424935
2.15948424935
1.8718021769
0.0
2.02814824729
1.8718021769
1.8718021769
1.33500106673
2.25129179861
1.64865862559
1.8458266905
2.25129179861
1.8718021769

Topic 7
Mean 1.78688580459
Median 1.8458266905
Sum 80.4098612066
1.8458266905
1.8458266905
1.44036158239
2.25129179861
2.02814824729
2.53897387106
1.8718021769
1.44036158239
1.44036158239
2.15948424935
1.33500106673
1.23969088693
1.8458266905
1.55814461805
1.07263680226
1.8458266905
1.55814461805
1.8458266905
2.02814824729
1.55814461805
1.44036158239
2.15948424935
1.55814461805
2.02814824729
2.53897387106
2.15948424935
1.33500106673
1.69167601067
2.25129179861
1.33500106673
2.02814824729
1.8458266905
1.33500106673
1.8458266905
1.69167601067
1.64865862559
2.25129179861
1.8458266905
1.64865862559
2.25129179861
1.8718021769
1.33500106673
1.8458266905
2.25129179861
1.46633706879

Topic 0
Mean 1.76052497187
Median 1.8458266905
Sum 56.3367990999
1.23969088693
0.0
0.0
1.8458266905
2.53897387106
1.8718021769
1.8458266905
1.55814461805
1.46633706879
2.25129179861
2.25129179861
1.8458266905
2.15948424935
1.8718021769
1.69167601067
1.55814461805
1.23969088693
1.8718021769
1.69167601067
1.8458266905
1.8718021769
0.0
0.0
1.8718021769
1.64865862559
1.31218638897
1.8718021769
1.64865862559
1.8458266905
1.23969088693
1.8718021769
1.64865862559
1.69167601067
1.8718021769
1.64865862559
1.64865862559
0.0
0.0
0.0
0.0
0.0
0.0
0.0
0.0
0.0

Topic 9
Mean 1.75547954648
Median 1.69167601067
Sum 78.9965795916
1.8718021769
1.8718021769
2.56494935746
2.25129179861
2.15948424935
2.53897387106
2.25129179861
2.53897387106
2.15948424935
2.25129179861
1.55814461805
2.15948424935
1.64865862559
1.69167601067
1.69167601067
1.44036158239
1.23969088693
1.44036158239
1.69167601067
1.55814461805
1.15267950994
1.15267950994
0.929535958624
1.23969088693
1.55814461805
1.15267950994
0.864997437487
1.07263680226
1.8458266905
1.8718021769
1.8718021769
3.63758615973
2.02814824729
2.15948424935
1.23969088693
0.929535958624
2.02814824729
1.8718021769
1.8718021769
1.8718021769
2.56494935746
1.44036158239
1.44036158239
0.929535958624
1.69167601067

Topic 3
Mean 1.65117498108
Median 1.64865862559
Sum 64.395824262
1.55814461805
1.55814461805
1.55814461805
1.23969088693
1.33500106673
1.8718021769
1.07263680226
1.33500106673
1.33500106673
1.17865499634
1.23969088693
1.8458266905
1.64865862559
1.46633706879
1.44036158239
0.0
0.0
2.15948424935
1.8718021769
1.8718021769
1.64865862559
1.55814461805
1.8458266905
1.8718021769
1.64865862559
2.02814824729
1.8458266905
1.8718021769
1.55814461805
1.55814461805
1.44036158239
1.44036158239
1.23969088693
1.69167601067
0.0
2.53897387106
0.0
0.0
2.15948424935
1.8718021769
1.31218638897
1.64865862559
2.15948424935
1.8718021769
0.0

Topic 4
Mean 1.70827548793
Median 1.60340162182
Sum 61.4979175656
1.8458266905
1.46633706879
1.55814461805
1.8718021769
2.15948424935
1.64865862559
0.0
0.0
0.0
0.0
1.64865862559
1.8458266905
1.69167601067
2.25129179861
0.0
1.15267950994
1.44036158239
1.15267950994
1.55814461805
0.0
1.33500106673
1.33500106673
2.53897387106
1.33500106673
1.44036158239
0.0
2.25129179861
1.23969088693
1.55814461805
2.02814824729
1.44036158239
1.8458266905
0.0
2.02814824729
1.33500106673
1.55814461805
2.15948424935
2.02814824729
1.69167601067
2.56494935746
0.0
2.15948424935
1.33500106673
1.55814461805
1.44036158239

Topic 8
Mean 1.58114807513
Median 1.55814461805
Sum 71.1516633809
1.55814461805
1.69167601067
2.25129179861
1.69167601067
1.55814461805
2.53897387106
0.929535958624
0.998528830111
1.55814461805
0.929535958624
1.69167601067
2.94443897917
2.53897387106
1.69167601067
1.07263680226
1.15267950994
1.8458266905
1.69167601067
1.15267950994
0.998528830111
1.44036158239
1.23969088693
1.55814461805
2.15948424935
1.23969088693
0.80437281567
1.55814461805
1.23969088693
1.8458266905
2.25129179861
2.02814824729
1.8458266905
1.15267950994
2.02814824729
1.69167601067
1.69167601067
1.15267950994
1.23969088693
1.8458266905
1.15267950994
1.15267950994
1.33500106673
1.33500106673
1.64865862559
2.02814824729

Topic 2
Mean 1.48042585345
Median 1.49925310022
Sum 41.4519238965
1.8458266905
1.33500106673
1.44036158239
0.0
0.0
0.0
1.15267950994
1.23969088693
1.44036158239
0.0
1.07263680226
0.998528830111
1.55814461805
0.0
0.864997437487
1.55814461805
2.53897387106
1.8718021769
0.0
1.07263680226
0.998528830111
1.69167601067
1.8458266905
1.8718021769
0.0
1.15267950994
1.33500106673
1.55814461805
0.0
0.0
0.0
0.0
0.0
0.0
0.0
0.0
1.55814461805
1.69167601067
1.8718021769
0.0
1.44036158239
1.23969088693
1.64865862559
1.55814461805
0.0

Topic 1
Mean 1.48935571216
Median 1.23969088693
Sum 31.2764699554
0.998528830111
0.74721440183
1.23969088693
0.998528830111
1.55814461805
1.15267950994
0.998528830111
2.02814824729
1.23969088693
1.8458266905
0.0
0.0
0.0
0.0
0.0
0.929535958624
3.63758615973
1.15267950994
1.69167601067
2.53897387106
0.0
0.80437281567
1.55814461805
0.998528830111
1.44036158239
2.15948424935
0.0
1.55814461805
0.0
0.0
0.0
0.0
0.0
0.0
0.0
0.0
0.0
0.0
0.0
0.0
0.0
0.0
0.0
0.0
0.0

