Topic 0
Mean 1.67955878929
Median 1.64865862559
Sum 122.607791618
0.0
0.0
0.0
0.0
0.0
0.0
0.0
1.15267950994
0.0
0.0
0.0
0.0
0.0
0.0
0.0
0.0
1.15267950994
0.0
0.0
0.998528830111
0.0
0.0
0.0
0.0
0.0
0.0
0.0
0.0
0.0
1.8458266905
0.0
0.0
1.33500106673
0.0
1.44036158239
0.0
0.0
1.64865862559
0.0
0.0
0.998528830111
0.0
1.44036158239
0.0
1.69167601067
0.0
1.31218638897
0.0
0.0
0.998528830111
0.0
1.44036158239
0.0
1.69167601067
1.64865862559
0.0
3.63758615973
0.0
0.0
0.929535958624
0.0
1.33500106673
0.0
1.8458266905
1.8718021769
1.46633706879
0.0
1.15267950994
0.0
0.0
1.15267950994
0.0
1.44036158239
0.0
1.44036158239
2.02814824729
1.44036158239
1.55814461805
0.0
1.64865862559
0.0
0.0
0.0
0.0
0.0
0.0
0.0
2.15948424935
1.64865862559
1.8718021769
0.0
0.0
0.929535958624
0.0
0.0
0.80437281567
0.0
1.55814461805
0.0
1.15267950994
1.15267950994
1.15267950994
1.07263680226
1.15267950994
0.0
0.0
0.0
0.0
0.0
0.0
0.0
0.0
0.0
0.0
0.0
0.0
0.0
0.0
0.0
0.0
0.0
0.0
0.0
0.0
0.0
0.0
0.0
0.0
0.0
0.0
0.0
0.0
0.0
0.0
0.0
0.0
0.0
1.8718021769
0.0
0.0
1.55814461805
0.0
1.44036158239
0.0
2.25129179861
1.8718021769
1.69167601067
2.15948424935
1.44036158239
1.8718021769
1.15267950994
0.0
0.0
0.0
2.56494935746
0.0
0.0
1.07263680226
0.0
1.8458266905
0.0
2.53897387106
2.15948424935
1.64865862559
3.63758615973
1.55814461805
2.15948424935
1.23969088693
0.0
0.0
2.25129179861
0.0
2.25129179861
0.0
0.0
1.44036158239
0.0
1.8458266905
0.0
2.02814824729
2.15948424935
1.8718021769
1.8718021769
2.25129179861
2.15948424935
1.23969088693
0.0
0.0
2.94443897917
2.15948424935

Topic 5
Mean 1.62417582251
Median 1.55814461805
Sum 185.156043766
0.0
0.0
1.64865862559
0.0
1.44036158239
1.23969088693
0.0
1.15267950994
1.8458266905
0.998528830111
0.0
2.94443897917
1.8458266905
1.33500106673
1.44036158239
0.0
0.0
0.0
0.0
0.0
0.0
0.0
1.8458266905
2.25129179861
1.55814461805
1.69167601067
2.25129179861
0.0
0.0
1.07263680226
1.15267950994
0.929535958624
0.864997437487
1.33500106673
0.0
1.33500106673
0.0
2.15948424935
1.31218638897
1.23969088693
0.998528830111
1.64865862559
0.0
1.55814461805
0.929535958624
0.0
2.53897387106
1.64865862559
1.33500106673
1.23969088693
2.15948424935
0.0
2.02814824729
1.15267950994
1.8718021769
0.0
2.56494935746
1.46633706879
0.0
0.0
2.56494935746
0.0
1.46633706879
0.0
2.56494935746
2.15948424935
0.0
2.94443897917
1.44036158239
1.33500106673
1.15267950994
2.02814824729
0.0
1.8458266905
1.07263680226
1.64865862559
1.8718021769
1.8718021769
0.0
0.0
0.0
0.0
0.0
0.0
0.0
0.0
0.0
0.0
0.0
0.0
0.0
0.0
0.0
0.0
0.0
0.0
0.0
0.0
0.0
0.0
0.0
0.0
0.0
0.0
0.0
0.0
2.02814824729
1.44036158239
1.44036158239
1.15267950994
1.8458266905
0.0
1.8458266905
1.07263680226
2.53897387106
2.02814824729
0.0
1.8458266905
0.0
0.0
0.0
2.53897387106
1.8458266905
1.44036158239
1.33500106673
2.94443897917
0.0
1.8458266905
1.15267950994
2.02814824729
1.8458266905
0.0
2.25129179861
0.0
0.0
2.53897387106
0.0
1.64865862559
1.64865862559
0.929535958624
0.864997437487
1.64865862559
0.0
1.64865862559
0.80437281567
2.15948424935
1.8718021769
1.8718021769
1.64865862559
0.0
0.0
1.44036158239
1.07263680226
0.0
1.15267950994
1.69167601067
0.998528830111
0.929535958624
1.33500106673
0.0
1.44036158239
1.15267950994
0.998528830111
1.23969088693
0.0
1.15267950994
0.0
0.0
1.15267950994
1.15267950994
0.864997437487
0.0
1.69167601067
2.53897387106
1.23969088693
1.8458266905
2.15948424935
0.0
2.25129179861
1.07263680226
1.46633706879
2.25129179861
1.31218638897
1.44036158239
0.0
0.0
1.8458266905
2.02814824729
1.33500106673
1.15267950994

Topic 2
Mean 1.60935412853
Median 1.55814461805
Sum 246.231181665
1.69167601067
1.33500106673
1.8458266905
1.33500106673
2.53897387106
1.15267950994
1.44036158239
1.55814461805
1.55814461805
1.23969088693
1.8718021769
1.64865862559
1.33500106673
1.23969088693
1.44036158239
1.55814461805
1.23969088693
1.07263680226
0.998528830111
1.15267950994
1.23969088693
1.44036158239
1.55814461805
2.25129179861
1.23969088693
1.55814461805
1.55814461805
1.15267950994
2.53897387106
1.8718021769
1.33500106673
1.33500106673
1.33500106673
2.25129179861
1.23969088693
1.33500106673
0.0
0.0
0.0
0.0
0.0
0.0
0.0
0.0
0.0
1.8718021769
1.64865862559
1.33500106673
1.23969088693
1.44036158239
2.15948424935
1.44036158239
1.44036158239
1.8718021769
0.0
2.02814824729
2.25129179861
1.8458266905
1.33500106673
1.55814461805
1.8718021769
1.69167601067
1.55814461805
2.15948424935
0.0
2.25129179861
1.8458266905
1.8458266905
1.33500106673
1.44036158239
1.44036158239
1.8458266905
1.69167601067
1.44036158239
1.8458266905
0.0
1.44036158239
1.55814461805
1.64865862559
1.64865862559
1.15267950994
1.07263680226
1.23969088693
1.64865862559
0.998528830111
1.23969088693
1.8718021769
0.0
1.64865862559
1.8718021769
1.69167601067
2.02814824729
2.15948424935
1.33500106673
1.33500106673
1.33500106673
2.15948424935
1.07263680226
1.55814461805
2.15948424935
0.0
2.15948424935
2.53897387106
1.55814461805
1.8718021769
1.44036158239
1.55814461805
1.55814461805
1.23969088693
1.69167601067
1.44036158239
1.15267950994
1.55814461805
1.33500106673
0.0
1.44036158239
1.55814461805
1.44036158239
1.23969088693
1.33500106673
1.55814461805
1.69167601067
1.69167601067
1.33500106673
1.8458266905
1.55814461805
1.23969088693
1.69167601067
1.44036158239
0.0
1.55814461805
1.69167601067
1.55814461805
1.33500106673
1.44036158239
2.53897387106
0.0
0.0
0.0
0.0
0.0
0.0
0.0
0.0
0.0
0.0
0.0
0.0
0.0
0.0
0.0
0.0
0.0
1.8458266905
2.25129179861
1.69167601067
1.33500106673
1.55814461805
1.69167601067
1.23969088693
1.55814461805
1.8718021769
0.0
1.8458266905
1.8458266905
1.69167601067
1.69167601067
2.25129179861
1.55814461805
1.69167601067
0.0
1.69167601067
1.55814461805
1.55814461805
1.23969088693
1.69167601067
1.44036158239
1.55814461805
1.55814461805
1.33500106673
0.0
1.69167601067
2.25129179861
1.44036158239
1.23969088693
1.33500106673
2.53897387106
2.53897387106
0.0
1.55814461805

Topic 3
Mean 1.59125476934
Median 1.55814461805
Sum 194.133081859
0.0
0.0
0.0
0.0
0.0
0.0
0.0
1.64865862559
0.0
0.0
0.0
1.23969088693
0.0
0.0
1.44036158239
0.0
1.8458266905
0.0
0.0
1.15267950994
0.998528830111
0.0
1.46633706879
0.0
0.0
1.8718021769
0.0
0.0
0.0
2.25129179861
0.0
0.0
1.44036158239
1.23969088693
1.55814461805
0.0
0.0
1.46633706879
0.0
0.0
1.8718021769
1.23969088693
1.15267950994
1.8718021769
1.44036158239
0.0
2.94443897917
0.0
0.0
1.8458266905
1.55814461805
1.8458266905
0.0
2.02814824729
1.55814461805
0.0
1.44036158239
0.0
0.0
1.64865862559
1.23969088693
1.15267950994
1.8718021769
1.44036158239
2.02814824729
1.8458266905
0.0
1.44036158239
0.0
0.0
1.55814461805
1.15267950994
0.998528830111
1.64865862559
1.44036158239
1.46633706879
1.55814461805
1.46633706879
0.0
1.8458266905
0.0
0.0
1.44036158239
1.23969088693
1.15267950994
0.0
1.44036158239
1.8458266905
1.55814461805
2.25129179861
1.23969088693
0.0
1.31218638897
0.0
0.0
2.15948424935
1.07263680226
0.864997437487
1.8718021769
1.07263680226
1.64865862559
1.33500106673
1.64865862559
2.25129179861
1.07263680226
0.0
1.46633706879
0.0
0.0
2.56494935746
0.0
0.0
2.15948424935
0.0
1.8718021769
0.0
1.8718021769
1.64865862559
0.0
2.56494935746
0.0
1.55814461805
0.0
0.0
1.64865862559
1.15267950994
1.07263680226
1.8718021769
1.33500106673
1.64865862559
2.94443897917
1.8718021769
1.46633706879
1.33500106673
1.64865862559
1.8718021769
0.0
1.69167601067
0.0
0.0
1.15267950994
0.998528830111
0.929535958624
0.0
1.15267950994
1.15267950994
1.69167601067
1.44036158239
1.44036158239
1.15267950994
0.864997437487
0.0
1.55814461805
0.0
1.44036158239
0.0
0.0
2.02814824729
1.44036158239
1.15267950994
0.0
1.44036158239
1.8458266905
1.8458266905
1.69167601067
1.8458266905
1.55814461805
1.69167601067
0.0
1.55814461805
1.15267950994
0.0
1.46633706879
0.0
0.0
2.15948424935
0.929535958624
0.864997437487
2.15948424935
1.07263680226
1.8718021769
1.8458266905
2.15948424935
1.64865862559
1.07263680226
3.25809653802
2.56494935746
2.56494935746
0.864997437487
1.44036158239

Topic 4
Mean 1.59050843703
Median 1.44036158239
Sum 271.976942732
1.23969088693
1.33500106673
1.33500106673
1.44036158239
1.23969088693
1.8718021769
1.15267950994
0.998528830111
1.8718021769
1.64865862559
1.55814461805
0.998528830111
1.23969088693
1.15267950994
1.15267950994
1.8458266905
1.33500106673
2.94443897917
1.64865862559
1.64865862559
1.23969088693
0.0
0.0
0.0
0.0
0.0
0.0
0.0
2.53897387106
1.33500106673
1.44036158239
1.55814461805
1.23969088693
1.23969088693
2.02814824729
0.0
1.69167601067
1.23969088693
2.15948424935
1.8718021769
2.56494935746
1.33500106673
1.8718021769
0.0
1.55814461805
1.55814461805
1.33500106673
1.8718021769
2.02814824729
2.53897387106
1.23969088693
1.69167601067
0.0
1.69167601067
2.56494935746
1.44036158239
1.07263680226
1.15267950994
1.23969088693
0.998528830111
0.998528830111
1.55814461805
0.0
1.55814461805
1.23969088693
1.33500106673
2.02814824729
1.07263680226
1.15267950994
1.23969088693
0.998528830111
0.998528830111
1.55814461805
0.0
2.53897387106
1.23969088693
1.33500106673
1.23969088693
1.55814461805
1.33500106673
2.25129179861
1.8458266905
2.02814824729
1.23969088693
2.53897387106
0.0
1.69167601067
1.8718021769
2.02814824729
1.55814461805
1.33500106673
2.25129179861
1.33500106673
2.53897387106
1.8718021769
1.8718021769
1.23969088693
2.25129179861
0.0
2.25129179861
2.15948424935
1.8718021769
1.33500106673
1.8458266905
2.25129179861
1.8458266905
1.15267950994
1.55814461805
1.33500106673
1.07263680226
2.53897387106
1.69167601067
0.0
1.44036158239
2.02814824729
1.44036158239
1.15267950994
1.15267950994
1.44036158239
2.02814824729
1.8458266905
1.33500106673
1.8458266905
1.55814461805
2.02814824729
1.23969088693
2.53897387106
0.0
2.02814824729
2.02814824729
2.02814824729
1.55814461805
1.55814461805
2.02814824729
2.25129179861
2.02814824729
1.23969088693
1.07263680226
1.8718021769
1.69167601067
1.64865862559
0.998528830111
1.64865862559
0.0
1.33500106673
1.8718021769
1.64865862559
1.07263680226
1.07263680226
2.15948424935
2.15948424935
1.15267950994
1.33500106673
1.69167601067
1.23969088693
1.33500106673
1.44036158239
1.15267950994
1.15267950994
2.25129179861
0.0
1.8458266905
1.44036158239
1.55814461805
1.44036158239
1.44036158239
2.25129179861
1.55814461805
1.33500106673
2.25129179861
1.23969088693
1.23969088693
1.07263680226
1.44036158239
1.44036158239
1.44036158239
1.07263680226
1.69167601067
0.0
1.33500106673
1.23969088693
1.8458266905
1.07263680226
1.07263680226
1.8458266905
1.44036158239
1.15267950994
1.44036158239
1.07263680226
1.23969088693

Topic 9
Mean 1.54963736665
Median 1.55814461805
Sum 178.208297165
1.46633706879
0.0
0.0
1.8458266905
0.864997437487
0.0
2.25129179861
1.8718021769
0.0
2.53897387106
1.46633706879
2.15948424935
0.0
0.0
1.8718021769
1.31218638897
1.8718021769
0.0
0.998528830111
1.64865862559
1.8718021769
1.33500106673
0.864997437487
0.0
1.07263680226
1.33500106673
0.0
0.929535958624
1.69167601067
1.23969088693
0.0
1.15267950994
2.25129179861
0.0
1.23969088693
1.15267950994
0.0
0.0
0.0
0.0
0.0
0.0
0.0
0.0
0.0
1.46633706879
2.15948424935
0.0
0.0
1.8718021769
2.15948424935
1.8718021769
0.0
0.0
0.0
1.33500106673
2.15948424935
0.0
1.07263680226
1.64865862559
1.8718021769
1.64865862559
1.07263680226
1.44036158239
0.0
1.8718021769
1.8458266905
0.864997437487
0.0
1.44036158239
1.55814461805
0.0
0.929535958624
1.07263680226
1.15267950994
0.0
0.0
1.07263680226
0.0
0.0
0.0
0.0
0.0
0.0
0.0
0.0
0.0
0.0
0.0
0.0
0.0
1.31218638897
2.56494935746
0.0
0.929535958624
2.56494935746
2.15948424935
1.64865862559
0.929535958624
1.23969088693
0.0
1.8718021769
1.64865862559
0.929535958624
0.0
1.69167601067
1.15267950994
0.0
0.998528830111
1.33500106673
0.0
1.23969088693
0.929535958624
1.55814461805
0.0
0.0
1.15267950994
0.929535958624
0.0
0.998528830111
2.02814824729
2.15948424935
0.0
1.23969088693
2.94443897917
1.64865862559
1.55814461805
1.23969088693
2.25129179861
0.0
1.46633706879
1.55814461805
1.23969088693
0.0
1.64865862559
1.69167601067
1.33500106673
0.69314718056
0.0
0.80437281567
1.07263680226
0.0
0.998528830111
0.74721440183
0.929535958624
0.0
0.0
0.929535958624
0.74721440183
0.0
0.74721440183
2.94443897917
1.23969088693
2.02814824729
1.55814461805
0.0
1.55814461805
2.02814824729
0.0
1.8458266905
1.8458266905
1.69167601067
0.0
0.0
2.94443897917
1.55814461805
0.0
1.55814461805
1.55814461805
2.02814824729
1.23969088693
1.31218638897
1.8718021769
0.0
0.0
2.56494935746
1.8718021769
1.64865862559
0.0
0.0
0.0
1.8718021769
2.56494935746
0.0
0.0
1.8718021769
0.0
1.64865862559
0.0
0.0

Topic 8
Mean 1.51699370617
Median 1.44036158239
Sum 259.405923755
0.998528830111
0.998528830111
1.15267950994
1.23969088693
1.15267950994
1.33500106673
1.44036158239
1.15267950994
1.55814461805
1.69167601067
1.23969088693
1.64865862559
1.15267950994
1.44036158239
1.44036158239
1.07263680226
1.44036158239
1.07263680226
1.23969088693
1.23969088693
1.23969088693
1.44036158239
1.64865862559
2.53897387106
2.53897387106
1.69167601067
1.69167601067
1.44036158239
2.53897387106
1.46633706879
1.15267950994
1.44036158239
1.44036158239
1.46633706879
1.33500106673
2.02814824729
0.80437281567
1.15267950994
2.02814824729
0.929535958624
0.929535958624
0.929535958624
1.07263680226
2.53897387106
2.02814824729
1.33500106673
1.55814461805
2.94443897917
1.69167601067
2.02814824729
2.02814824729
1.33500106673
2.94443897917
1.8458266905
1.8458266905
1.15267950994
1.17865499634
1.07263680226
1.33500106673
1.33500106673
1.33500106673
1.23969088693
1.8458266905
2.94443897917
1.69167601067
1.69167601067
0.0
0.0
0.0
0.0
0.0
0.0
0.0
0.0
0.0
0.0
0.0
0.0
1.23969088693
1.15267950994
1.15267950994
1.55814461805
1.44036158239
2.25129179861
1.23969088693
2.25129179861
1.55814461805
0.929535958624
2.02814824729
1.44036158239
0.0
1.07263680226
0.998528830111
0.998528830111
1.23969088693
1.23969088693
1.23969088693
1.07263680226
1.44036158239
1.23969088693
0.80437281567
1.33500106673
1.15267950994
0.0
1.44036158239
1.33500106673
1.55814461805
2.53897387106
2.25129179861
1.8458266905
1.55814461805
1.44036158239
3.63758615973
1.55814461805
2.53897387106
2.53897387106
1.44036158239
0.0
1.55814461805
1.33500106673
0.998528830111
1.33500106673
2.02814824729
2.02814824729
1.55814461805
1.15267950994
1.23969088693
2.53897387106
1.15267950994
2.02814824729
1.8458266905
1.07263680226
0.0
1.15267950994
0.998528830111
2.53897387106
1.23969088693
1.69167601067
1.55814461805
1.44036158239
1.44036158239
1.44036158239
1.55814461805
1.8458266905
1.44036158239
1.55814461805
1.55814461805
1.33500106673
0.0
1.69167601067
1.44036158239
2.53897387106
1.8458266905
1.55814461805
1.23969088693
1.23969088693
1.55814461805
2.53897387106
1.55814461805
1.33500106673
1.8458266905
1.55814461805
0.998528830111
1.69167601067
1.44036158239
0.0
1.55814461805
1.33500106673
1.69167601067
1.23969088693
1.55814461805
0.998528830111
1.33500106673
0.998528830111
1.15267950994
1.15267950994
1.15267950994
1.8458266905
1.33500106673
1.23969088693
0.998528830111
1.23969088693
1.15267950994
0.0
1.15267950994
0.998528830111
1.33500106673
1.15267950994
1.44036158239
1.23969088693

Topic 6
Mean 1.45491701805
Median 1.33500106673
Sum 222.602303761
1.07263680226
0.0
0.0
2.02814824729
1.07263680226
0.0
1.44036158239
0.929535958624
0.0
1.23969088693
0.0
0.0
0.0
0.0
0.0
1.15267950994
0.929535958624
0.0
1.44036158239
0.998528830111
0.0
1.44036158239
1.07263680226
0.0
1.44036158239
1.23969088693
0.0
1.15267950994
1.69167601067
1.55814461805
0.0
1.8458266905
1.23969088693
0.0
1.8458266905
1.44036158239
1.23969088693
0.864997437487
0.0
2.15948424935
0.998528830111
0.0
0.929535958624
1.15267950994
1.31218638897
1.69167601067
1.07263680226
0.0
1.44036158239
1.44036158239
0.0
1.33500106673
1.44036158239
1.8458266905
1.15267950994
1.55814461805
1.23969088693
0.0
1.8718021769
1.33500106673
0.0
1.55814461805
1.44036158239
2.25129179861
1.64865862559
2.25129179861
1.23969088693
1.23969088693
0.0
1.64865862559
1.07263680226
0.0
1.07263680226
1.23969088693
1.33500106673
1.64865862559
1.23969088693
1.8718021769
1.15267950994
1.55814461805
0.0
1.15267950994
0.998528830111
0.0
0.998528830111
1.15267950994
1.69167601067
0.929535958624
1.15267950994
1.33500106673
1.33500106673
1.23969088693
0.80437281567
0.0
2.15948424935
0.929535958624
0.0
0.864997437487
1.07263680226
1.46633706879
2.56494935746
1.07263680226
1.8718021769
1.8718021769
0.864997437487
1.8458266905
0.998528830111
0.0
1.8458266905
1.15267950994
0.0
2.53897387106
1.33500106673
2.25129179861
1.23969088693
1.55814461805
1.8458266905
1.15267950994
1.07263680226
1.23969088693
1.55814461805
1.55814461805
0.0
1.55814461805
1.33500106673
0.0
2.02814824729
2.25129179861
2.02814824729
1.23969088693
1.55814461805
2.94443897917
1.46633706879
1.69167601067
1.31218638897
1.8458266905
1.69167601067
0.864997437487
0.0
1.69167601067
0.998528830111
0.0
0.929535958624
1.15267950994
1.17865499634
1.46633706879
1.15267950994
1.46633706879
1.46633706879
0.929535958624
1.8718021769
1.55814461805
1.23969088693
1.15267950994
1.55814461805
0.0
1.17865499634
0.998528830111
0.0
0.998528830111
1.15267950994
1.69167601067
1.17865499634
1.15267950994
1.33500106673
1.33500106673
1.69167601067
1.8718021769
1.07263680226
1.69167601067
1.06087196069
1.15267950994
3.63758615973
0.0
1.64865862559
0.998528830111
0.0
1.44036158239
1.15267950994
2.02814824729
1.64865862559
1.33500106673
2.25129179861
3.25809653802
1.44036158239
1.8718021769
1.69167601067
1.55814461805
1.46633706879
1.44036158239

Topic 1
Mean 1.44521834785
Median 1.44036158239
Sum 163.309673307
0.0
0.0
1.33500106673
0.0
1.44036158239
0.864997437487
0.0
1.8718021769
0.74721440183
0.929535958624
0.0
0.0
0.0
0.0
0.0
0.0
1.15267950994
0.929535958624
0.929535958624
0.80437281567
0.0
0.0
0.0
0.0
0.0
0.0
0.0
0.0
0.0
2.53897387106
0.998528830111
1.44036158239
2.02814824729
0.0
1.07263680226
0.0
0.0
2.15948424935
1.55814461805
1.55814461805
1.8718021769
0.0
1.33500106673
0.0
1.8458266905
0.0
1.8718021769
1.8458266905
2.53897387106
1.64865862559
0.0
1.15267950994
0.0
1.44036158239
2.25129179861
0.0
0.998528830111
0.80437281567
0.69314718056
0.593063722003
0.0
0.864997437487
0.0
0.80437281567
1.44036158239
0.998528830111
0.0
1.44036158239
0.929535958624
1.15267950994
0.998528830111
0.0
0.998528830111
0.0
1.33500106673
1.69167601067
1.33500106673
0.74721440183
0.0
1.23969088693
0.80437281567
0.998528830111
0.864997437487
0.0
0.864997437487
0.0
1.15267950994
1.69167601067
1.33500106673
0.641853886172
1.07263680226
0.0
0.0
0.0
0.0
0.0
0.0
0.0
0.0
0.0
0.0
0.0
0.0
0.0
0.0
0.0
1.8718021769
1.15267950994
1.23969088693
1.8718021769
0.0
1.23969088693
0.0
2.25129179861
2.15948424935
1.69167601067
1.23969088693
1.44036158239
1.44036158239
0.0
0.0
1.55814461805
0.998528830111
1.23969088693
1.64865862559
0.0
1.55814461805
0.0
1.44036158239
2.94443897917
1.69167601067
0.929535958624
1.69167601067
1.8458266905
0.0
1.8458266905
0.0
1.8718021769
1.55814461805
1.23969088693
2.15948424935
0.0
1.07263680226
0.0
1.55814461805
2.02814824729
1.69167601067
0.864997437487
1.33500106673
1.15267950994
0.0
2.94443897917
1.64865862559
0.0
2.15948424935
1.44036158239
1.15267950994
1.8718021769
0.0
1.23969088693
0.0
1.33500106673
2.15948424935
1.8718021769
1.07263680226
1.33500106673
1.07263680226
0.0
1.8718021769
1.46633706879
1.8718021769
0.0
1.64865862559
0.0
0.0
1.8718021769
0.0
0.0
0.0
0.0
1.64865862559
1.46633706879
0.0
0.0
0.0
0.0
1.46633706879
1.17865499634
1.46633706879
1.8718021769

Topic 7
Mean 1.36273449201
Median 1.23969088693
Sum 185.331890913
1.8718021769
1.44036158239
1.44036158239
0.0
0.0
0.0
1.64865862559
2.15948424935
1.23969088693
0.0
1.33500106673
1.69167601067
1.55814461805
0.0
1.55814461805
0.929535958624
1.23969088693
0.929535958624
0.0
0.80437281567
0.864997437487
1.44036158239
1.55814461805
1.15267950994
0.0
0.998528830111
1.07263680226
2.02814824729
1.23969088693
1.33500106673
1.23969088693
0.0
1.23969088693
1.33500106673
0.80437281567
0.998528830111
1.64865862559
1.64865862559
1.55814461805
0.0
1.64865862559
2.25129179861
0.998528830111
1.23969088693
1.33500106673
0.0
0.0
0.0
0.0
0.0
0.0
0.0
0.0
0.0
0.0
0.929535958624
1.23969088693
0.929535958624
0.0
0.80437281567
0.864997437487
2.02814824729
2.02814824729
0.80437281567
0.998528830111
0.0
2.56494935746
2.15948424935
1.44036158239
0.0
1.8718021769
1.33500106673
0.929535958624
1.33500106673
1.23969088693
1.8718021769
0.0
0.929535958624
1.69167601067
1.55814461805
1.15267950994
0.0
0.998528830111
1.07263680226
0.998528830111
1.44036158239
0.998528830111
1.23969088693
0.0
0.998528830111
1.33500106673
1.64865862559
1.69167601067
1.69167601067
0.0
2.15948424935
1.69167601067
0.998528830111
1.23969088693
2.53897387106
1.69167601067
0.0
0.998528830111
1.8718021769
1.23969088693
1.55814461805
1.44036158239
1.69167601067
0.0
1.23969088693
1.55814461805
0.929535958624
1.15267950994
1.23969088693
1.69167601067
0.0
0.929535958624
1.55814461805
1.15267950994
1.55814461805
2.15948424935
1.8718021769
1.07263680226
0.0
2.15948424935
0.998528830111
0.69314718056
0.864997437487
0.929535958624
1.8718021769
0.0
0.69314718056
2.15948424935
0.864997437487
2.15948424935
1.07263680226
1.07263680226
1.44036158239
1.07263680226
0.0
0.929535958624
0.998528830111
1.23969088693
1.23969088693
0.929535958624
1.15267950994
0.0
1.23969088693
1.07263680226
1.15267950994
1.15267950994
1.07263680226
0.80437281567
0.0
0.0
0.0
0.0
0.0
0.0
0.0
0.0
0.0
0.0
0.0
0.0
0.0
0.0
0.0
0.0
0.0
0.0
1.44036158239
1.44036158239
1.55814461805
0.0
1.23969088693
2.02814824729
0.929535958624
1.15267950994
1.23969088693
2.94443897917
0.0
0.929535958624
1.44036158239
1.15267950994
1.55814461805
1.55814461805
1.07263680226
1.07263680226
0.0

