Topic 9
Mean 1.75865148124
Median 1.8458266905
Sum 327.10917551
1.8718021769
1.8718021769
2.56494935746
2.25129179861
2.15948424935
2.53897387106
2.25129179861
2.53897387106
2.15948424935
2.25129179861
1.55814461805
2.15948424935
1.64865862559
1.69167601067
1.69167601067
1.44036158239
1.23969088693
1.44036158239
1.69167601067
1.55814461805
1.15267950994
1.15267950994
0.929535958624
1.23969088693
1.55814461805
1.15267950994
0.864997437487
1.07263680226
1.8458266905
1.8718021769
1.8718021769
3.63758615973
2.02814824729
2.15948424935
1.23969088693
0.929535958624
2.02814824729
1.8718021769
1.8718021769
1.8718021769
2.56494935746
1.44036158239
1.44036158239
0.929535958624
1.69167601067
2.25129179861
2.15948424935
2.25129179861
2.15948424935
2.15948424935
1.64865862559
1.69167601067
1.33500106673
1.8718021769
1.8718021769
1.8458266905
1.69167601067
1.64865862559
1.55814461805
1.69167601067
1.33500106673
1.8458266905
0.998528830111
1.33500106673
1.33500106673
1.55814461805
2.25129179861
1.8458266905
1.8458266905
2.25129179861
2.94443897917
1.69167601067
1.55814461805
1.15267950994
1.8458266905
1.8458266905
2.02814824729
1.69167601067
1.64865862559
1.8718021769
1.8718021769
2.15948424935
2.56494935746
1.31218638897
1.07263680226
0.864997437487
1.64865862559
1.64865862559
1.8718021769
1.31218638897
1.31218638897
2.02814824729
1.44036158239
1.69167601067
1.69167601067
1.8458266905
1.33500106673
1.23969088693
0.929535958624
1.44036158239
1.69167601067
1.33500106673
1.33500106673
1.8458266905
0.864997437487
2.25129179861
1.8718021769
2.94443897917
2.25129179861
2.15948424935
1.33500106673
1.44036158239
1.15267950994
2.94443897917
1.64865862559
1.8718021769
1.33500106673
2.25129179861
1.64865862559
1.44036158239
1.69167601067
1.8458266905
1.69167601067
1.8458266905
1.8458266905
1.8458266905
1.23969088693
0.929535958624
1.8458266905
1.44036158239
1.69167601067
1.55814461805
1.8458266905
0.864997437487
1.44036158239
1.44036158239
1.8718021769
2.15948424935
2.15948424935
2.15948424935
2.15948424935
2.56494935746
1.69167601067
0.929535958624
1.8718021769
1.8718021769
2.15948424935
1.8458266905
1.64865862559
1.8718021769
1.07263680226
1.8718021769
1.07263680226
1.8718021769
2.15948424935
2.56494935746
2.94443897917
2.15948424935
1.46633706879
1.15267950994
0.864997437487
1.8718021769
1.8718021769
2.15948424935
1.8458266905
2.02814824729
1.8718021769
1.55814461805
1.8718021769
1.44036158239
2.15948424935
1.64865862559
1.8718021769
2.56494935746
1.8718021769
1.8718021769
2.56494935746
0.0
0.0
1.8718021769
1.64865862559
2.15948424935
1.31218638897
1.64865862559
1.8718021769
0.0
1.64865862559
0.0
2.15948424935
1.8718021769

Topic 6
Mean 1.79247679491
Median 1.8458266905
Sum 313.683439109
1.64865862559
1.69167601067
2.15948424935
1.33500106673
1.8458266905
1.69167601067
2.02814824729
2.15948424935
1.8718021769
1.23969088693
1.46633706879
2.15948424935
1.8718021769
1.15267950994
2.15948424935
2.53897387106
1.8718021769
1.8718021769
1.33500106673
2.02814824729
1.64865862559
2.25129179861
1.15267950994
1.44036158239
1.23969088693
1.8458266905
1.15267950994
1.8458266905
1.64865862559
2.56494935746
2.56494935746
0.0
2.15948424935
2.15948424935
1.8718021769
0.0
2.02814824729
1.8718021769
1.8718021769
1.33500106673
2.25129179861
1.64865862559
1.8458266905
2.25129179861
1.8718021769
1.46633706879
1.8718021769
1.8718021769
1.23969088693
1.64865862559
2.15948424935
1.64865862559
1.23969088693
1.8718021769
1.64865862559
1.8458266905
1.64865862559
2.25129179861
1.8458266905
1.69167601067
1.64865862559
1.8458266905
1.69167601067
1.64865862559
1.55814461805
2.15948424935
1.64865862559
2.15948424935
2.15948424935
0.0
2.15948424935
2.15948424935
1.8718021769
0.0
2.15948424935
1.8718021769
1.8718021769
1.64865862559
1.46633706879
2.15948424935
1.8718021769
0.0
2.15948424935
2.15948424935
1.8718021769
0.0
2.15948424935
1.64865862559
1.64865862559
1.46633706879
3.25809653802
1.69167601067
1.46633706879
1.69167601067
1.33500106673
1.55814461805
1.31218638897
2.02814824729
1.55814461805
1.46633706879
1.8458266905
1.33500106673
1.8718021769
1.46633706879
1.46633706879
1.64865862559
2.15948424935
2.15948424935
0.0
1.8718021769
1.8718021769
1.8718021769
0.0
2.15948424935
1.8718021769
1.8718021769
1.64865862559
2.15948424935
1.8718021769
1.46633706879
1.64865862559
1.8718021769
1.8718021769
0.0
1.64865862559
1.64865862559
2.15948424935
0.0
1.8718021769
1.64865862559
1.64865862559
1.46633706879
1.8718021769
1.64865862559
1.31218638897
2.15948424935
1.55814461805
1.64865862559
1.64865862559
1.44036158239
1.46633706879
1.46633706879
2.25129179861
1.44036158239
1.64865862559
1.46633706879
1.46633706879
1.44036158239
1.64865862559
1.46633706879
1.8458266905
2.15948424935
1.46633706879
2.02814824729
1.07263680226
1.33500106673
1.15267950994
2.02814824729
1.07263680226
1.69167601067
1.8458266905
0.0
1.69167601067
1.15267950994
1.55814461805
0.0
0.0
1.44036158239
0.0
0.0
1.33500106673
1.8458266905
2.15948424935
2.15948424935
1.69167601067
1.8718021769
1.8718021769
2.25129179861
1.69167601067
2.15948424935
2.53897387106
2.15948424935
2.56494935746
2.15948424935
2.15948424935
2.25129179861
2.15948424935
1.8718021769
1.69167601067
1.55814461805

Topic 7
Mean 1.76709210433
Median 1.69167601067
Sum 302.17274984
1.8458266905
1.8458266905
1.44036158239
2.25129179861
2.02814824729
2.53897387106
1.8718021769
1.44036158239
1.44036158239
2.15948424935
1.33500106673
1.23969088693
1.8458266905
1.55814461805
1.07263680226
1.8458266905
1.55814461805
1.8458266905
2.02814824729
1.55814461805
1.44036158239
2.15948424935
1.55814461805
2.02814824729
2.53897387106
2.15948424935
1.33500106673
1.69167601067
2.25129179861
1.33500106673
2.02814824729
1.8458266905
1.33500106673
1.8458266905
1.69167601067
1.64865862559
2.25129179861
1.8458266905
1.64865862559
2.25129179861
1.8718021769
1.33500106673
1.8458266905
2.25129179861
1.46633706879
1.44036158239
0.998528830111
1.23969088693
1.44036158239
0.998528830111
0.998528830111
1.23969088693
1.23969088693
1.33500106673
1.07263680226
1.8458266905
1.55814461805
1.69167601067
2.02814824729
1.44036158239
1.33500106673
1.8458266905
1.55814461805
1.8458266905
2.02814824729
1.15267950994
2.25129179861
1.55814461805
1.55814461805
1.69167601067
1.55814461805
1.15267950994
1.69167601067
2.25129179861
1.44036158239
2.94443897917
1.07263680226
1.55814461805
1.33500106673
1.23969088693
1.8458266905
1.55814461805
1.07263680226
2.02814824729
1.44036158239
1.33500106673
1.8458266905
1.33500106673
0.998528830111
1.33500106673
1.15267950994
2.25129179861
1.55814461805
3.25809653802
2.25129179861
2.15948424935
1.44036158239
1.69167601067
2.15948424935
1.8458266905
3.25809653802
1.15267950994
1.55814461805
2.02814824729
1.44036158239
0.0
0.0
0.0
0.0
0.0
0.0
0.0
0.0
0.0
0.0
0.0
0.0
0.0
0.0
0.0
2.15948424935
1.33500106673
1.69167601067
2.25129179861
1.8718021769
1.23969088693
1.69167601067
2.15948424935
1.69167601067
2.25129179861
1.15267950994
1.8458266905
2.25129179861
1.23969088693
2.15948424935
0.0
2.02814824729
1.69167601067
2.25129179861
2.94443897917
2.15948424935
1.55814461805
2.02814824729
2.94443897917
2.02814824729
1.8718021769
1.33500106673
2.53897387106
1.8458266905
1.55814461805
2.15948424935
0.0
2.15948424935
1.8458266905
1.15267950994
1.69167601067
2.02814824729
1.15267950994
1.15267950994
1.44036158239
1.69167601067
2.25129179861
1.69167601067
1.15267950994
1.33500106673
1.69167601067
1.15267950994
1.55814461805
0.0
2.02814824729
1.8458266905
2.15948424935
1.55814461805
2.02814824729
2.53897387106
2.15948424935
1.55814461805
2.02814824729
2.53897387106
2.02814824729
2.15948424935
1.23969088693
2.53897387106
2.02814824729
1.55814461805
2.15948424935
0.0
2.25129179861
2.94443897917
1.69167601067

Topic 5
Mean 1.75209520079
Median 1.64865862559
Sum 185.722091284
0.0
0.0
1.8718021769
0.0
2.15948424935
1.8718021769
0.0
0.0
0.0
0.0
1.55814461805
0.0
0.0
0.0
0.0
1.8458266905
2.15948424935
1.8718021769
2.15948424935
0.0
1.8458266905
1.69167601067
1.64865862559
1.64865862559
1.64865862559
0.0
2.25129179861
2.02814824729
1.55814461805
2.15948424935
1.8718021769
2.15948424935
0.0
2.02814824729
2.56494935746
2.15948424935
1.44036158239
2.15948424935
1.8718021769
2.15948424935
0.0
2.25129179861
2.15948424935
2.25129179861
2.15948424935
2.94443897917
0.0
0.0
0.0
0.0
2.02814824729
2.25129179861
2.25129179861
2.02814824729
2.25129179861
1.23969088693
0.0
0.0
0.0
0.0
1.15267950994
1.55814461805
1.15267950994
0.998528830111
1.07263680226
1.44036158239
0.0
1.64865862559
1.46633706879
1.64865862559
0.0
0.0
1.64865862559
1.64865862559
1.64865862559
1.64865862559
0.0
0.0
0.0
0.0
0.0
0.0
0.0
0.0
0.0
0.0
0.0
0.0
0.0
0.0
0.0
0.0
0.0
0.0
0.0
0.0
0.0
0.0
0.0
0.0
0.0
0.0
0.0
0.0
0.0
0.0
2.15948424935
1.8718021769
2.15948424935
0.0
0.0
2.15948424935
1.64865862559
2.15948424935
2.15948424935
0.0
0.0
1.64865862559
0.0
0.0
0.998528830111
0.0
0.0
0.0
0.0
1.15267950994
1.15267950994
1.44036158239
1.15267950994
1.33500106673
1.23969088693
0.80437281567
0.0
0.0
0.0
0.0
1.33500106673
1.64865862559
1.46633706879
1.64865862559
0.0
1.69167601067
1.69167601067
1.55814461805
1.64865862559
1.64865862559
1.69167601067
1.15267950994
1.31218638897
0.0
0.0
1.64865862559
0.998528830111
1.44036158239
2.15948424935
1.8718021769
3.25809653802
0.0
1.69167601067
2.15948424935
1.8458266905
2.15948424935
2.15948424935
2.02814824729
1.15267950994
1.64865862559
0.0
0.0
2.15948424935
1.15267950994
1.64865862559
0.0
1.8718021769
1.64865862559
1.64865862559
0.0
0.0
1.64865862559
1.31218638897
1.64865862559
1.64865862559
0.0
0.0
1.31218638897
0.0
0.0
1.64865862559
0.0
1.31218638897
2.15948424935

Topic 4
Mean 1.67894874416
Median 1.64865862559
Sum 221.621234229
1.8458266905
1.46633706879
1.55814461805
1.8718021769
2.15948424935
1.64865862559
0.0
0.0
0.0
0.0
1.64865862559
1.8458266905
1.69167601067
2.25129179861
0.0
1.15267950994
1.44036158239
1.15267950994
1.55814461805
0.0
1.33500106673
1.33500106673
2.53897387106
1.33500106673
1.44036158239
0.0
2.25129179861
1.23969088693
1.55814461805
2.02814824729
1.44036158239
1.8458266905
0.0
2.02814824729
1.33500106673
1.55814461805
2.15948424935
2.02814824729
1.69167601067
2.56494935746
0.0
2.15948424935
1.33500106673
1.55814461805
1.44036158239
2.15948424935
1.64865862559
1.46633706879
1.8718021769
0.0
1.64865862559
0.0
0.0
0.0
2.15948424935
1.64865862559
1.64865862559
1.46633706879
2.15948424935
0.0
1.64865862559
0.0
0.0
0.0
3.25809653802
1.64865862559
0.0
0.0
0.0
0.0
0.0
0.0
0.0
0.0
0.0
0.0
0.0
0.0
1.55814461805
2.53897387106
2.02814824729
1.55814461805
0.0
1.69167601067
1.23969088693
2.02814824729
1.69167601067
1.69167601067
0.0
0.0
0.0
1.33500106673
1.8458266905
1.33500106673
2.25129179861
0.0
1.69167601067
1.69167601067
1.69167601067
2.02814824729
1.8458266905
0.0
0.0
0.0
1.44036158239
2.53897387106
2.02814824729
2.15948424935
1.8718021769
0.0
1.69167601067
1.33500106673
1.55814461805
1.69167601067
2.15948424935
2.15948424935
1.64865862559
0.0
1.69167601067
1.55814461805
1.07263680226
2.02814824729
1.07263680226
1.69167601067
0.0
1.69167601067
1.33500106673
2.02814824729
1.23969088693
1.55814461805
0.0
0.0
0.0
1.33500106673
1.69167601067
1.23969088693
1.15267950994
1.44036158239
0.998528830111
1.69167601067
0.0
1.15267950994
0.929535958624
1.07263680226
1.23969088693
1.07263680226
0.0
0.0
0.0
1.23969088693
1.07263680226
1.44036158239
0.864997437487
2.15948424935
1.8718021769
1.64865862559
2.15948424935
0.0
1.8718021769
0.0
0.0
0.0
2.15948424935
3.25809653802
1.8718021769
0.0
0.0
0.0
2.15948424935
0.0
0.0
1.31218638897
2.53897387106
1.17865499634
1.8458266905
0.0
2.02814824729
1.44036158239
1.23969088693
1.33500106673
1.64865862559
1.31218638897
1.46633706879
0.0
1.23969088693
2.02814824729
1.33500106673
1.55814461805
0.929535958624
1.46633706879

Topic 3
Mean 1.63788361056
Median 1.55814461805
Sum 240.768890752
1.55814461805
1.55814461805
1.55814461805
1.23969088693
1.33500106673
1.8718021769
1.07263680226
1.33500106673
1.33500106673
1.17865499634
1.23969088693
1.8458266905
1.64865862559
1.46633706879
1.44036158239
0.0
0.0
2.15948424935
1.8718021769
1.8718021769
1.64865862559
1.55814461805
1.8458266905
1.8718021769
1.64865862559
2.02814824729
1.8458266905
1.8718021769
1.55814461805
1.55814461805
1.44036158239
1.44036158239
1.23969088693
1.69167601067
0.0
2.53897387106
0.0
0.0
2.15948424935
1.8718021769
1.31218638897
1.64865862559
2.15948424935
1.8718021769
0.0
1.07263680226
2.02814824729
1.64865862559
1.46633706879
1.33500106673
1.44036158239
1.64865862559
1.55814461805
1.23969088693
1.64865862559
1.33500106673
1.55814461805
1.69167601067
1.55814461805
1.23969088693
1.8458266905
0.0
1.55814461805
1.55814461805
0.0
1.8458266905
1.69167601067
2.94443897917
2.25129179861
1.8718021769
1.8458266905
1.8458266905
2.15948424935
3.63758615973
1.8458266905
2.15948424935
2.53897387106
1.55814461805
0.0
0.0
2.15948424935
2.15948424935
1.17865499634
1.46633706879
1.8718021769
1.64865862559
0.0
1.8718021769
1.46633706879
0.0
1.8718021769
1.15267950994
1.44036158239
1.44036158239
1.15267950994
1.8458266905
1.55814461805
0.0
2.25129179861
1.33500106673
0.0
1.44036158239
1.33500106673
2.02814824729
0.0
1.44036158239
1.33500106673
1.23969088693
1.07263680226
0.998528830111
1.15267950994
0.0
1.23969088693
1.23969088693
0.0
1.15267950994
1.33500106673
1.15267950994
0.0
1.07263680226
1.55814461805
2.02814824729
1.8718021769
1.64865862559
2.02814824729
1.69167601067
1.8718021769
2.53897387106
1.69167601067
1.8718021769
1.69167601067
1.55814461805
2.25129179861
1.64865862559
2.25129179861
1.69167601067
1.69167601067
1.44036158239
1.33500106673
1.44036158239
1.07263680226
1.44036158239
0.0
1.44036158239
1.44036158239
0.0
1.07263680226
1.55814461805
2.25129179861
0.0
1.15267950994
1.55814461805
1.44036158239
0.0
0.0
0.0
0.0
0.0
0.0
0.0
0.0
0.0
0.0
0.0
0.0
0.0
0.0
0.0
0.0
0.0
0.0
2.25129179861
1.44036158239
1.69167601067
1.33500106673
1.15267950994
1.33500106673
0.0
1.69167601067
1.69167601067
0.0
1.15267950994
1.44036158239
2.02814824729
0.0
1.23969088693
1.15267950994
1.55814461805
2.25129179861
0.0

Topic 0
Mean 1.56799310148
Median 1.55814461805
Sum 217.951041106
1.23969088693
0.0
0.0
1.8458266905
2.53897387106
1.8718021769
1.8458266905
1.55814461805
1.46633706879
2.25129179861
2.25129179861
1.8458266905
2.15948424935
1.8718021769
1.69167601067
1.55814461805
1.23969088693
1.8718021769
1.69167601067
1.8458266905
1.8718021769
0.0
0.0
1.8718021769
1.64865862559
1.31218638897
1.8718021769
1.64865862559
1.8458266905
1.23969088693
1.8718021769
1.64865862559
1.69167601067
1.8718021769
1.64865862559
1.64865862559
0.0
0.0
0.0
0.0
0.0
0.0
0.0
0.0
0.0
1.44036158239
1.23969088693
0.0
1.33500106673
1.69167601067
1.33500106673
1.44036158239
0.0
1.44036158239
0.0
1.8458266905
1.15267950994
1.46633706879
1.8458266905
1.69167601067
1.55814461805
1.8458266905
1.31218638897
1.31218638897
0.0
1.23969088693
1.69167601067
1.44036158239
0.0
2.02814824729
2.94443897917
1.55814461805
1.69167601067
0.0
1.69167601067
0.0
1.55814461805
1.69167601067
1.15267950994
0.998528830111
0.0
1.23969088693
1.44036158239
1.07263680226
1.33500106673
0.0
1.07263680226
0.0
2.53897387106
1.33500106673
1.69167601067
2.25129179861
1.15267950994
0.0
1.33500106673
1.69167601067
2.02814824729
1.33500106673
0.0
1.69167601067
0.0
1.23969088693
1.69167601067
1.55814461805
1.07263680226
1.15267950994
0.998528830111
0.0
1.33500106673
1.69167601067
1.07263680226
1.15267950994
0.0
1.07263680226
0.0
1.07263680226
1.07263680226
1.8458266905
0.929535958624
1.07263680226
1.44036158239
1.07263680226
0.0
1.23969088693
1.55814461805
1.33500106673
1.23969088693
0.0
1.33500106673
0.0
1.15267950994
1.15267950994
1.44036158239
0.998528830111
1.33500106673
0.998528830111
0.0
0.0
1.64865862559
1.06087196069
1.31218638897
1.17865499634
1.8718021769
1.06087196069
1.06087196069
0.0
0.0
0.860201265223
0.0
0.0
0.0
0.0
0.0
2.25129179861
1.69167601067
1.8718021769
2.02814824729
2.02814824729
2.02814824729
1.64865862559
1.64865862559
2.15948424935
0.0
1.69167601067
1.55814461805
2.25129179861
1.55814461805
2.53897387106
1.23969088693
1.33500106673
1.06087196069
0.0
0.0
2.15948424935
1.8718021769
1.46633706879
2.15948424935
1.8718021769
1.8718021769
1.8718021769
0.0
0.0
1.46633706879
0.0
0.0
0.0
0.0
0.0
1.17865499634
1.8718021769

Topic 8
Mean 1.45639851962
Median 1.44036158239
Sum 233.02376314
1.55814461805
1.69167601067
2.25129179861
1.69167601067
1.55814461805
2.53897387106
0.929535958624
0.998528830111
1.55814461805
0.929535958624
1.69167601067
2.94443897917
2.53897387106
1.69167601067
1.07263680226
1.15267950994
1.8458266905
1.69167601067
1.15267950994
0.998528830111
1.44036158239
1.23969088693
1.55814461805
2.15948424935
1.23969088693
0.80437281567
1.55814461805
1.23969088693
1.8458266905
2.25129179861
2.02814824729
1.8458266905
1.15267950994
2.02814824729
1.69167601067
1.69167601067
1.15267950994
1.23969088693
1.8458266905
1.15267950994
1.15267950994
1.33500106673
1.33500106673
1.64865862559
2.02814824729
1.23969088693
1.8458266905
2.02814824729
1.23969088693
1.23969088693
1.55814461805
1.33500106673
1.64865862559
1.8458266905
1.55814461805
1.44036158239
2.02814824729
1.69167601067
1.44036158239
1.07263680226
1.69167601067
2.53897387106
1.44036158239
1.69167601067
1.44036158239
1.44036158239
1.15267950994
1.23969088693
1.8718021769
1.15267950994
0.998528830111
1.44036158239
1.23969088693
1.8718021769
1.55814461805
1.55814461805
1.46633706879
1.33500106673
0.0
0.0
0.0
0.0
0.0
0.0
0.0
0.0
0.0
0.0
0.0
0.0
0.0
0.929535958624
0.998528830111
1.55814461805
0.929535958624
1.69167601067
1.07263680226
0.998528830111
0.80437281567
1.15267950994
1.15267950994
1.23969088693
1.07263680226
0.998528830111
0.0
2.02814824729
1.33500106673
1.44036158239
1.44036158239
0.80437281567
1.44036158239
0.998528830111
1.07263680226
1.55814461805
0.998528830111
1.07263680226
1.23969088693
0.998528830111
0.0
0.80437281567
0.0
0.0
1.8718021769
0.0
0.0
0.0
0.0
1.8718021769
0.0
1.46633706879
1.8718021769
0.0
1.64865862559
0.0
0.0
0.0
1.15267950994
2.02814824729
2.15948424935
1.15267950994
0.74721440183
1.55814461805
1.55814461805
2.15948424935
1.8458266905
1.64865862559
1.64865862559
1.33500106673
1.8718021769
0.0
0.74721440183
0.998528830111
1.8718021769
0.998528830111
1.07263680226
1.15267950994
0.998528830111
0.641853886172
1.15267950994
0.80437281567
0.864997437487
1.15267950994
0.80437281567
0.864997437487
0.998528830111
0.80437281567
0.0
0.641853886172
0.864997437487
0.0
0.80437281567
1.8458266905
2.53897387106
2.25129179861
1.8458266905
1.15267950994
1.8458266905
1.8458266905
2.56494935746
2.53897387106
1.44036158239
1.69167601067
1.55814461805
1.46633706879
0.0
1.15267950994
1.55814461805
1.46633706879
2.02814824729
1.07263680226

Topic 1
Mean 1.48605665509
Median 1.44036158239
Sum 167.924402025
0.998528830111
0.74721440183
1.23969088693
0.998528830111
1.55814461805
1.15267950994
0.998528830111
2.02814824729
1.23969088693
1.8458266905
0.0
0.0
0.0
0.0
0.0
0.929535958624
3.63758615973
1.15267950994
1.69167601067
2.53897387106
0.0
0.80437281567
1.55814461805
0.998528830111
1.44036158239
2.15948424935
0.0
1.55814461805
0.0
0.0
0.0
0.0
0.0
0.0
0.0
0.0
0.0
0.0
0.0
0.0
0.0
0.0
0.0
0.0
0.0
0.998528830111
2.02814824729
1.23969088693
1.69167601067
1.8458266905
0.0
1.69167601067
1.64865862559
0.0
0.0
0.998528830111
1.69167601067
0.998528830111
1.23969088693
1.69167601067
0.0
1.69167601067
1.8458266905
0.0
0.0
1.69167601067
0.0
0.0
0.0
0.0
0.0
0.0
0.0
0.0
0.0
0.0
0.0
0.0
1.15267950994
2.02814824729
1.15267950994
1.69167601067
1.8718021769
0.0
1.44036158239
2.94443897917
0.0
0.0
2.25129179861
1.8458266905
0.0
0.69314718056
1.46633706879
1.06087196069
1.64865862559
1.8718021769
0.0
1.07263680226
1.46633706879
0.0
0.0
1.64865862559
0.929535958624
0.0
2.15948424935
0.864997437487
1.69167601067
1.07263680226
1.44036158239
1.55814461805
0.0
1.69167601067
1.55814461805
0.0
0.0
2.02814824729
1.69167601067
0.0
2.25129179861
0.998528830111
0.80437281567
1.33500106673
0.998528830111
1.44036158239
2.25129179861
0.0
2.02814824729
1.23969088693
0.0
0.0
1.33500106673
1.07263680226
0.0
1.23969088693
0.929535958624
1.15267950994
1.15267950994
1.44036158239
1.07263680226
1.33500106673
2.02814824729
0.0
1.33500106673
1.15267950994
0.0
0.0
1.44036158239
2.02814824729
0.0
2.25129179861
0.998528830111
1.23969088693
1.15267950994
0.0
1.46633706879
1.64865862559
1.46633706879
1.46633706879
0.0
0.0
1.17865499634
0.0
0.0
1.8718021769
0.0
0.0
1.64865862559
1.64865862559
0.0
0.0
0.0
0.864997437487
1.69167601067
1.07263680226
1.33500106673
1.44036158239
0.0
1.33500106673
1.15267950994
0.0
0.0
1.69167601067
1.15267950994
0.0
2.02814824729
1.15267950994
2.25129179861
1.15267950994
1.23969088693
0.0

Topic 2
Mean 1.44073541972
Median 1.33500106673
Sum 158.480896169
1.8458266905
1.33500106673
1.44036158239
0.0
0.0
0.0
1.15267950994
1.23969088693
1.44036158239
0.0
1.07263680226
0.998528830111
1.55814461805
0.0
0.864997437487
1.55814461805
2.53897387106
1.8718021769
0.0
1.07263680226
0.998528830111
1.69167601067
1.8458266905
1.8718021769
0.0
1.15267950994
1.33500106673
1.55814461805
0.0
0.0
0.0
0.0
0.0
0.0
0.0
0.0
1.55814461805
1.69167601067
1.8718021769
0.0
1.44036158239
1.23969088693
1.64865862559
1.55814461805
0.0
1.23969088693
1.33500106673
1.55814461805
0.0
1.8458266905
1.15267950994
1.15267950994
1.23969088693
0.0
1.8458266905
1.15267950994
1.23969088693
1.55814461805
0.0
1.07263680226
2.02814824729
1.07263680226
1.33500106673
0.0
1.55814461805
1.55814461805
1.69167601067
2.53897387106
1.33500106673
0.0
1.15267950994
0.929535958624
2.02814824729
1.69167601067
0.0
1.55814461805
1.23969088693
1.15267950994
1.07263680226
1.15267950994
1.55814461805
0.0
0.998528830111
1.33500106673
1.44036158239
1.23969088693
0.0
1.69167601067
1.55814461805
1.33500106673
1.07263680226
1.15267950994
1.23969088693
1.55814461805
0.0
1.07263680226
1.15267950994
1.07263680226
1.15267950994
0.0
2.25129179861
1.69167601067
2.53897387106
1.15267950994
1.33500106673
0.0
0.0
2.56494935746
0.0
0.0
0.0
1.64865862559
1.46633706879
0.0
1.64865862559
0.0
0.0
0.0
0.0
0.0
0.0
0.0
0.0
0.0
0.0
0.0
0.0
0.0
0.0
0.0
0.0
0.0
0.0
0.0
0.0
0.0
1.33500106673
1.33500106673
1.8458266905
0.0
1.15267950994
1.8458266905
1.31218638897
1.33500106673
0.0
2.02814824729
1.55814461805
1.8458266905
1.23969088693
1.44036158239
1.69167601067
1.31218638897
0.0
0.0
0.0
0.0
0.0
0.0
0.0
0.0
0.0
0.0
0.0
0.0
0.0
0.0
0.0
0.0
0.0
0.0
0.0
1.07263680226
1.15267950994
1.44036158239
0.0
0.998528830111
1.07263680226
0.998528830111
1.07263680226
0.0
1.44036158239
1.55814461805
1.44036158239
1.07263680226
1.23969088693
1.33500106673
0.0
0.0
1.44036158239
0.0

