Topic 9
Mean 1.80653817389
Median 1.8588144337
Sum 10.8392290433
1.46633706879
0.0
0.0
1.8458266905
0.864997437487
0.0
2.25129179861
1.8718021769
0.0
2.53897387106

Topic 3
Mean 1.64865862559
Median 1.64865862559
Sum 1.64865862559
0.0
0.0
0.0
0.0
0.0
0.0
0.0
1.64865862559
0.0
0.0

Topic 7
Mean 1.63339318393
Median 1.54451010399
Sum 9.80035910355
1.8718021769
1.44036158239
1.44036158239
0.0
0.0
0.0
1.64865862559
2.15948424935
1.23969088693
0.0

Topic 2
Mean 1.56954999211
Median 1.49925310022
Sum 15.6954999211
1.69167601067
1.33500106673
1.8458266905
1.33500106673
2.53897387106
1.15267950994
1.44036158239
1.55814461805
1.55814461805
1.23969088693

Topic 5
Mean 1.38762435424
Median 1.34002623466
Sum 8.32574612546
0.0
0.0
1.64865862559
0.0
1.44036158239
1.23969088693
0.0
1.15267950994
1.8458266905
0.998528830111

Topic 4
Mean 1.41332168092
Median 1.33500106673
Sum 14.1332168092
1.23969088693
1.33500106673
1.33500106673
1.44036158239
1.23969088693
1.8718021769
1.15267950994
0.998528830111
1.8718021769
1.64865862559

Topic 8
Mean 1.27199703548
Median 1.19618519844
Sum 12.7199703548
0.998528830111
0.998528830111
1.15267950994
1.23969088693
1.15267950994
1.33500106673
1.44036158239
1.15267950994
1.55814461805
1.69167601067

Topic 6
Mean 1.29716837996
Median 1.1561638446
Sum 7.78301027975
1.07263680226
0.0
0.0
2.02814824729
1.07263680226
0.0
1.44036158239
0.929535958624
0.0
1.23969088693

Topic 0
Mean 1.15267950994
Median 1.15267950994
Sum 1.15267950994
0.0
0.0
0.0
0.0
0.0
0.0
0.0
1.15267950994
0.0
0.0

Topic 1
Mean 1.19815210399
Median 1.13226851268
Sum 7.18891262396
0.0
0.0
1.33500106673
0.0
1.44036158239
0.864997437487
0.0
1.8718021769
0.74721440183
0.929535958624

