Topic 1
Mean 0.51428082462
Median 0.452991452991
Sum 18.5141096863
0.0
0.0
0.5
0.0
0.923076923077
0.4
0.0
0.5
0.666666666667
0.444444444444
0.0
0.307692307692
0.307692307692
0.307692307692
0.4
0.0
0.875
0.444444444444
0.545454545455
0.5
0.333333333333
0.0
0.285714285714
0.352941176471
0.333333333333
0.307692307692
0.133333333333
0.153846153846
0.0
0.888888888889
0.705882352941
0.769230769231
0.461538461538
0.307692307692
0.615384615385
0.352941176471
0.0
0.947368421053
0.615384615385
0.761904761905
0.666666666667
0.307692307692
0.75
0.4
0.941176470588

Topic 0
Mean 0.479324325774
Median 0.452991452991
Sum 17.2556757279
0.631578947368
0.307692307692
0.133333333333
0.631578947368
0.6
0.285714285714
0.555555555556
0.347826086957
0.428571428571
0.5
0.285714285714
0.125
0.235294117647
0.75
0.266666666667
0.75
0.166666666667
0.875
0.461538461538
0.545454545455
0.285714285714
0.588235294118
0.444444444444
0.4
0.8
0.769230769231
0.823529411765
0.5
0.6
0.181818181818
0.307692307692
0.444444444444
0.875
0.285714285714
0.4
0.666666666667
0.0
0.0
0.0
0.0
0.0
0.0
0.0
0.0
0.0

Topic 8
Mean 0.460207138022
Median 0.444444444444
Sum 9.66434989847
0.0
0.307692307692
0.0
0.444444444444
0.0
0.6
1.0
0.0
0.545454545455
0.588235294118
0.571428571429
0.0
0.444444444444
0.96
0.823529411765
0.285714285714
0.0
0.153846153846
0.285714285714
0.285714285714
0.5
0.0
0.0
0.0
0.0
0.0
0.0
0.0
0.0
0.0
0.0
0.0
0.0
0.0
0.0
0.0
0.153846153846
0.0
0.142857142857
0.5
0.25
0.571428571429
0.25
0.0
0.0

Topic 5
Mean 0.49985380117
Median 0.4375
Sum 4.9985380117
0.0
0.352941176471
0.0
0.526315789474
0.0
0.705882352941
0.0
0.0
0.0
0.0
0.235294117647
0.0
0.375
0.5
0.0
0.0
0.0
0.0
0.0
0.0
0.0
0.222222222222
0.0
1.0
0.705882352941
0.0
0.375
0.0
0.0
0.0
0.0
0.0
0.0
0.0
0.0
0.0
0.0
0.0
0.0
0.0
0.0
0.0
0.0
0.0
0.0

Topic 4
Mean 0.49985380117
Median 0.4375
Sum 4.9985380117
0.526315789474
0.705882352941
0.352941176471
0.705882352941
0.222222222222
1.0
0.0
0.0
0.0
0.0
0.5
0.235294117647
0.375
0.375
0.0
0.0
0.0
0.0
0.0
0.0
0.0
0.0
0.0
0.0
0.0
0.0
0.0
0.0
0.0
0.0
0.0
0.0
0.0
0.0
0.0
0.0
0.0
0.0
0.0
0.0
0.0
0.0
0.0
0.0
0.0

Topic 2
Mean 0.49186018447
Median 0.428571428571
Sum 10.3290638739
0.0
0.333333333333
0.0
0.96
0.0
0.588235294118
0.375
0.0
0.777777777778
0.526315789474
0.222222222222
0.0
0.428571428571
0.222222222222
0.625
0.4
0.0
0.333333333333
0.470588235294
0.315789473684
0.25
0.333333333333
0.0
0.666666666667
0.526315789474
0.666666666667
1.0
0.307692307692
0.0
0.0
0.0
0.0
0.0
0.0
0.0
0.0
0.0
0.0
0.0
0.0
0.0
0.0
0.0
0.0
0.0

Topic 3
Mean 0.369477124183
Median 0.366666666667
Sum 3.69477124183
0.0
0.444444444444
0.0
0.470588235294
0.0
0.333333333333
0.4
0.0
0.235294117647
0.2
0.0
0.0
0.0
0.0
0.0
0.0
0.0
0.0
0.0
0.0
0.0
0.0
0.0
0.0
0.0
0.0
0.0
0.0
0.0
0.0
0.0
0.0
0.0
0.0
0.0
0.0
0.444444444444
0.0
0.666666666667
0.333333333333
0.166666666667
0.0
0.0
0.0
0.0

Topic 9
Mean 0.324665452817
Median 0.307692307692
Sum 6.81797450915
0.0
0.0
0.266666666667
0.0
0.0
0.0
0.0
0.4
0.25
0.0
0.0
0.117647058824
0.111111111111
0.0
0.111111111111
0.0
0.571428571429
0.4
0.0
0.4
0.375
0.0
0.0
0.0
0.0
0.0
0.0
0.0
0.0
0.307692307692
0.363636363636
0.0
0.285714285714
0.3
0.666666666667
0.0
0.0
0.461538461538
0.285714285714
0.0
0.285714285714
0.125
0.333333333333
0.0
0.4

Topic 6
Mean 0.373080195041
Median 0.3
Sum 16.7886087768
0.285714285714
0.25
0.5
0.235294117647
0.266666666667
0.235294117647
0.285714285714
0.5
0.285714285714
0.4
0.4
0.333333333333
0.285714285714
0.588235294118
0.75
0.4
0.5
0.266666666667
0.375
0.588235294118
0.833333333333
0.25
0.428571428571
0.375
0.235294117647
0.285714285714
0.285714285714
0.266666666667
0.25
0.428571428571
0.375
0.235294117647
0.285714285714
0.285714285714
0.266666666667
0.875
0.333333333333
0.4
0.235294117647
0.3
0.4
0.555555555556
0.4
0.235294117647
0.235294117647

Topic 7
Mean 0.322284382284
Median 0.29020979021
Sum 3.22284382284
0.0
0.266666666667
0.0
0.0
0.0
0.0
0.0
0.0
0.0
0.0
0.25
0.0
0.363636363636
0.0
0.0
0.272727272727
0.0
0.133333333333
0.0
0.0
0.125
0.545454545455
0.0
0.333333333333
0.0
0.0
0.307692307692
0.625
0.0
0.0
0.0
0.0
0.0
0.0
0.0
0.0
0.0
0.0
0.0
0.0
0.0
0.0
0.0
0.0
0.0

