Topic 1
Mean 0.466257123819
Median 0.444444444444
Sum 71.3373399443
0.0
0.0
0.5
0.0
0.923076923077
0.4
0.0
0.5
0.666666666667
0.444444444444
0.0
0.307692307692
0.307692307692
0.307692307692
0.4
0.0
0.875
0.444444444444
0.545454545455
0.5
0.333333333333
0.0
0.285714285714
0.352941176471
0.333333333333
0.307692307692
0.133333333333
0.153846153846
0.0
0.888888888889
0.705882352941
0.769230769231
0.461538461538
0.307692307692
0.615384615385
0.352941176471
0.0
0.947368421053
0.615384615385
0.761904761905
0.666666666667
0.307692307692
0.75
0.4
0.941176470588
0.0
0.533333333333
0.307692307692
0.307692307692
0.4
0.285714285714
0.571428571429
0.133333333333
0.5
0.307692307692
0.0
0.347826086957
0.6
0.4
0.333333333333
0.142857142857
0.166666666667
0.352941176471
0.421052631579
0.545454545455
0.142857142857
0.0
0.571428571429
0.285714285714
0.533333333333
0.363636363636
0.266666666667
0.571428571429
0.125
0.714285714286
0.533333333333
0.266666666667
0.133333333333
0.0
0.0
0.0
0.0
0.0
0.0
0.0
0.0
0.0
0.0
0.0
0.0
0.0
0.0
0.526315789474
0.5
0.333333333333
0.5
0.235294117647
0.555555555556
0.111111111111
0.416666666667
0.4
0.470588235294
0.117647058824
0.333333333333
0.0
0.0
0.285714285714
0.714285714286
0.285714285714
0.545454545455
0.266666666667
0.333333333333
0.333333333333
0.555555555556
0.533333333333
0.266666666667
0.153846153846
0.285714285714
0.0
0.285714285714
0.0
0.545454545455
0.923076923077
0.571428571429
0.888888888889
0.833333333333
0.4
0.5
0.75
0.727272727273
0.375
0.571428571429
0.461538461538
0.0
0.315789473684
0.714285714286
0.0
0.588235294118
0.714285714286
0.555555555556
0.6
0.285714285714
0.625
0.823529411765
0.588235294118
0.625
0.6
0.571428571429
0.4
0.0
0.5
0.625
0.714285714286
0.0
0.666666666667
0.352941176471
0.461538461538
0.444444444444
0.307692307692
0.714285714286
0.5
0.571428571429
0.4
0.736842105263
0.352941176471
0.333333333333
0.0
0.8
0.285714285714
0.5
0.705882352941
0.0
0.285714285714
0.533333333333
0.285714285714
0.363636363636
0.8
0.333333333333
0.333333333333
0.666666666667
0.470588235294
0.266666666667
0.153846153846
0.285714285714
0.0
0.285714285714
0.333333333333
0.769230769231
0.333333333333
0.285714285714

Topic 8
Mean 0.448112717479
Median 0.421052631579
Sum 47.0518353353
0.0
0.307692307692
0.0
0.444444444444
0.0
0.6
1.0
0.0
0.545454545455
0.588235294118
0.571428571429
0.0
0.444444444444
0.96
0.823529411765
0.285714285714
0.0
0.153846153846
0.285714285714
0.285714285714
0.5
0.0
0.0
0.0
0.0
0.0
0.0
0.0
0.0
0.0
0.0
0.0
0.0
0.0
0.0
0.0
0.153846153846
0.0
0.142857142857
0.5
0.25
0.571428571429
0.25
0.0
0.0
0.2
0.0
0.153846153846
0.545454545455
0.266666666667
0.333333333333
0.266666666667
0.0
0.0
0.461538461538
0.4
0.0
0.153846153846
0.727272727273
0.4
0.333333333333
0.333333333333
0.0
0.0
0.461538461538
0.5
0.285714285714
0.0
0.571428571429
0.571428571429
1.0
0.421052631579
0.117647058824
0.0
0.0
0.133333333333
0.142857142857
0.142857142857
0.0
0.0
0.0
0.0
0.0
0.0
0.0
0.0
0.0
0.0
0.0
0.0
0.0
0.333333333333
0.0
0.4
0.588235294118
0.555555555556
0.666666666667
0.625
0.0
0.0
0.307692307692
0.333333333333
0.4
0.380952380952
0.0
0.333333333333
0.0
0.421052631579
0.428571428571
0.380952380952
0.631578947368
0.454545454545
0.0
0.0
0.823529411765
0.4
0.4
0.4
0.0
0.631578947368
0.75
0.0
0.142857142857
0.916666666667
0.777777777778
0.88
0.235294117647
0.0
0.0
0.933333333333
0.428571428571
0.428571428571
0.125
0.0
0.555555555556
0.705882352941
0.307692307692
0.0
0.470588235294
0.666666666667
0.625
0.705882352941
0.285714285714
0.0
0.0
0.333333333333
0.363636363636
0.363636363636
0.444444444444
0.0
0.625
0.625
0.625
0.0
0.0
0.0
0.0
0.0
0.0
0.0
0.0
0.0
0.0
0.0
0.0
0.0
0.0
0.0
0.0
0.0
0.0
0.307692307692
0.0
0.6
0.777777777778
0.545454545455
0.444444444444
0.125
0.0
0.0
0.142857142857
0.153846153846
0.153846153846
0.571428571429
0.0
0.4
0.421052631579
0.133333333333
0.470588235294
0.0

Topic 4
Mean 0.442326073193
Median 0.375
Sum 19.9046732937
0.526315789474
0.705882352941
0.352941176471
0.705882352941
0.222222222222
1.0
0.0
0.0
0.0
0.0
0.5
0.235294117647
0.375
0.375
0.0
0.0
0.0
0.0
0.0
0.0
0.0
0.0
0.0
0.0
0.0
0.0
0.0
0.0
0.0
0.0
0.0
0.0
0.0
0.0
0.0
0.0
0.0
0.0
0.0
0.0
0.0
0.0
0.0
0.0
0.0
0.0
0.0
0.0
0.0
0.0
0.0
0.0
0.0
0.0
0.0
0.0
0.0
0.0
0.0
0.0
0.0
0.0
0.0
0.0
0.0
0.0
0.333333333333
0.235294117647
0.25
0.307692307692
0.0
0.333333333333
0.0
0.0
0.0
0.0
0.0
0.0
0.0
0.0
0.0
0.0
0.0
0.0
0.0
0.0
0.0
0.0
0.0
0.0
0.0
0.555555555556
0.47619047619
0.25
0.461538461538
0.0
0.333333333333
0.0
0.0
0.0
0.0
0.0
0.0
0.333333333333
0.0
0.571428571429
0.285714285714
0.555555555556
0.615384615385
0.0
0.333333333333
0.0
0.0
0.0
0.0
0.0
0.0
0.4
0.0
0.714285714286
0.266666666667
0.2
0.210526315789
0.25
0.0
0.266666666667
0.0
0.0
0.0
0.0
0.0
0.0
0.533333333333
0.0
0.266666666667
0.266666666667
0.0
0.0
0.0
0.0
0.0
0.0
0.0
0.0
0.0
0.0
0.0
0.0
0.0
0.0
0.0
0.0
0.0
0.0
0.0
0.0
0.0
0.0
0.0
0.0
0.0
0.0
0.0
0.0
0.0
0.0
0.0
0.0
0.0
0.0
0.0
0.857142857143
0.25
0.823529411765
1.0
0.0
0.461538461538
0.0
0.0
0.0
0.0
0.0
0.0
0.545454545455
0.0
0.461538461538
0.615384615385
0.285714285714
0.0
0.0

Topic 5
Mean 0.441074338146
Median 0.375
Sum 24.259088598
0.0
0.352941176471
0.0
0.526315789474
0.0
0.705882352941
0.0
0.0
0.0
0.0
0.235294117647
0.0
0.375
0.5
0.0
0.0
0.0
0.0
0.0
0.0
0.0
0.222222222222
0.0
1.0
0.705882352941
0.0
0.375
0.0
0.0
0.0
0.0
0.0
0.0
0.0
0.0
0.0
0.0
0.0
0.0
0.0
0.0
0.0
0.0
0.0
0.0
0.0
0.0
0.0
0.0
0.0
0.0
0.0
0.0
0.0
0.0
0.3
0.0
0.444444444444
0.285714285714
0.0
0.333333333333
0.0
0.4
0.0
0.0
0.0
0.526315789474
0.0
0.7
0.625
0.0
0.363636363636
0.0
0.4
0.0
0.0
0.0
0.363636363636
0.235294117647
0.0
0.952380952381
0.666666666667
0.0
0.375
0.0
0.952380952381
0.0
0.0
0.0
0.142857142857
0.833333333333
0.210526315789
0.0
0.222222222222
0.285714285714
0.0
0.285714285714
0.0
0.266666666667
0.0
0.0
0.0
0.125
0.428571428571
0.428571428571
0.190476190476
0.0
0.857142857143
0.625
0.0
0.375
0.0
0.666666666667
0.0
0.0
0.0
0.111111111111
0.6
0.8
0.222222222222
0.0
0.0
0.0
0.0
0.0
0.0
0.0
0.0
0.0
0.0
0.0
0.0
0.0
0.0
0.0
0.0
0.0
0.0
0.0
0.0
0.0
0.0
0.0
0.0
0.0
0.0
0.0
0.0
0.0
0.0
0.0
0.0
0.0
0.47619047619
0.0
0.25
0.555555555556
0.0
0.333333333333
0.0
0.461538461538
0.0
0.0
0.0
0.142857142857
0.571428571429
0.333333333333
0.285714285714
0.25
0.0
0.0
0.0
0.0
0.0
0.0
0.0
0.0
0.0
0.0
0.0
0.0
0.0
0.0
0.0
0.0
0.0
0.0
0.0
0.0
0.0

Topic 0
Mean 0.44094674953
Median 0.444444444444
Sum 58.6459176875
0.631578947368
0.307692307692
0.133333333333
0.631578947368
0.6
0.285714285714
0.555555555556
0.347826086957
0.428571428571
0.5
0.285714285714
0.125
0.235294117647
0.75
0.266666666667
0.75
0.166666666667
0.875
0.461538461538
0.545454545455
0.285714285714
0.588235294118
0.444444444444
0.4
0.8
0.769230769231
0.823529411765
0.5
0.6
0.181818181818
0.307692307692
0.444444444444
0.875
0.285714285714
0.4
0.666666666667
0.0
0.0
0.0
0.0
0.0
0.0
0.0
0.0
0.0
0.5
0.461538461538
0.285714285714
0.5
0.533333333333
0.4
0.375
0.6
0.571428571429
0.0
0.571428571429
0.142857142857
0.266666666667
0.428571428571
0.307692307692
0.25
0.461538461538
0.307692307692
0.333333333333
0.0
0.352941176471
0.571428571429
0.181818181818
0.181818181818
0.285714285714
0.4
0.166666666667
0.666666666667
0.5
0.666666666667
0.0
0.285714285714
0.2
0.5
0.153846153846
0.285714285714
0.615384615385
0.555555555556
0.266666666667
0.5
0.47619047619
0.666666666667
0.0
0.5
0.461538461538
0.0
0.5
0.153846153846
0.285714285714
0.333333333333
0.333333333333
0.266666666667
0.363636363636
0.333333333333
0.363636363636
0.0
0.333333333333
0.307692307692
0.0
0.333333333333
0.666666666667
0.631578947368
0.142857142857
0.631578947368
0.363636363636
0.133333333333
0.181818181818
0.470588235294
0.181818181818
0.0
0.5
0.153846153846
0.0
0.166666666667
0.166666666667
0.588235294118
0.545454545455
0.4
0.615384615385
0.947368421053
0.5
0.5
0.88
0.75
0.0
0.545454545455
0.375
0.4
0.533333333333
0.4
0.571428571429
0.5
0.333333333333
0.363636363636
0.666666666667
0.5
0.5
0.5
0.666666666667
0.5
0.0
0.666666666667
0.4
0.285714285714
0.444444444444
0.444444444444
0.363636363636
0.666666666667
0.0
0.0
0.0
0.0
0.0
0.0
0.0
0.0
0.0
0.0
0.0
0.0
0.0
0.0
0.0
0.0
0.0
0.0
0.0
0.0
0.0
0.0
0.0
0.0
0.0
0.0
0.0
0.0
0.0
0.0
0.0
0.0
0.0
0.0
0.0
0.0
0.0

Topic 2
Mean 0.439841990742
Median 0.4
Sum 29.029571389
0.0
0.333333333333
0.0
0.96
0.0
0.588235294118
0.375
0.0
0.777777777778
0.526315789474
0.222222222222
0.0
0.428571428571
0.222222222222
0.625
0.4
0.0
0.333333333333
0.470588235294
0.315789473684
0.25
0.333333333333
0.0
0.666666666667
0.526315789474
0.666666666667
1.0
0.307692307692
0.0
0.0
0.0
0.0
0.0
0.0
0.0
0.0
0.0
0.0
0.0
0.0
0.0
0.0
0.0
0.0
0.0
0.380952380952
0.0
0.307692307692
0.444444444444
0.285714285714
0.235294117647
0.533333333333
0.285714285714
0.0
0.0
0.0
0.0
0.0
0.0
0.0
0.0
0.0
0.0
0.0
0.0
0.0
0.5
0.0
0.571428571429
0.666666666667
0.6
0.25
0.333333333333
0.4
0.0
0.0
0.307692307692
0.0
0.75
0.0
0.307692307692
0.782608695652
0.307692307692
0.235294117647
0.444444444444
0.285714285714
0.0
0.0
0.421052631579
0.0
0.333333333333
0.0
0.0
0.0
0.0
0.0
0.0
0.0
0.0
0.0
0.0
0.0
0.0
0.0
0.0
0.0
0.0
0.0
0.0
0.0
0.0
0.0
0.0
0.0
0.0
0.0
0.0
0.0
0.0
0.0
0.0
0.0
0.0
0.0
0.0
0.0
0.0
0.0
0.0
0.0
0.0
0.0
0.0
0.0
0.0
0.0
0.0
0.0
0.0
0.0
0.0
0.0
0.0
0.0
0.0
0.0
0.0
0.0
0.0
0.0
0.0
0.0
0.0
0.5
0.0
0.625
0.526315789474
0.6
0.166666666667
0.266666666667
0.555555555556
0.0
0.0
0.25
0.0
0.5
0.266666666667
0.0
0.0
0.0
0.0
0.25
0.0
0.625
0.526315789474
0.666666666667
0.111111111111
0.266666666667
0.555555555556
0.0
0.0
0.25
0.0
0.4
0.266666666667
0.0
0.0
0.0
0.0
0.555555555556

Topic 6
Mean 0.39183503464
Median 0.363636363636
Sum 74.4486565815
0.285714285714
0.25
0.5
0.235294117647
0.266666666667
0.235294117647
0.285714285714
0.5
0.285714285714
0.4
0.4
0.333333333333
0.285714285714
0.588235294118
0.75
0.4
0.5
0.266666666667
0.375
0.588235294118
0.833333333333
0.25
0.428571428571
0.375
0.235294117647
0.285714285714
0.285714285714
0.266666666667
0.25
0.428571428571
0.375
0.235294117647
0.285714285714
0.285714285714
0.266666666667
0.875
0.333333333333
0.4
0.235294117647
0.3
0.4
0.555555555556
0.4
0.235294117647
0.235294117647
0.166666666667
0.4
0.166666666667
0.352941176471
0.4
0.666666666667
0.461538461538
0.166666666667
0.166666666667
0.588235294118
0.875
0.363636363636
0.307692307692
0.285714285714
0.4
0.5
0.571428571429
0.307692307692
0.307692307692
0.4
0.333333333333
0.375
0.4
0.285714285714
0.272727272727
0.4
0.533333333333
0.428571428571
0.285714285714
0.285714285714
0.347826086957
0.4
0.823529411765
0.285714285714
0.5
0.428571428571
0.533333333333
0.5
0.571428571429
0.307692307692
0.714285714286
0.714285714286
0.266666666667
0.153846153846
0.363636363636
0.333333333333
0.142857142857
0.166666666667
0.142857142857
0.8
0.285714285714
0.588235294118
0.5
0.142857142857
0.142857142857
0.736842105263
0.625
0.25
0.363636363636
0.166666666667
0.285714285714
0.4
0.285714285714
0.555555555556
0.888888888889
0.666666666667
0.625
0.285714285714
0.285714285714
0.5
0.588235294118
0.363636363636
0.347826086957
0.533333333333
0.526315789474
0.307692307692
0.4
0.307692307692
0.352941176471
0.4
0.666666666667
0.461538461538
0.307692307692
0.307692307692
0.588235294118
0.857142857143
0.4
0.75
0.363636363636
0.625
0.588235294118
0.285714285714
0.533333333333
0.666666666667
0.266666666667
0.333333333333
0.333333333333
0.307692307692
0.4
0.4
0.266666666667
0.153846153846
0.363636363636
0.461538461538
0.461538461538
0.166666666667
0.333333333333
0.545454545455
0.142857142857
0.166666666667
0.142857142857
0.333333333333
0.235294117647
0.470588235294
0.428571428571
0.142857142857
0.142857142857
0.421052631579
0.5
0.181818181818
0.545454545455
0.166666666667
0.444444444444
0.421052631579
0.631578947368
0.166666666667
0.315789473684
0.428571428571
0.375
0.235294117647
0.285714285714
0.333333333333
0.333333333333
0.375
0.375
0.782608695652
0.285714285714
0.375
0.315789473684
0.428571428571
0.307692307692
0.285714285714
0.307692307692
0.666666666667
0.307692307692

Topic 7
Mean 0.38052861922
Median 0.348484848485
Sum 25.1148888685
0.0
0.266666666667
0.0
0.0
0.0
0.0
0.0
0.0
0.0
0.0
0.25
0.0
0.363636363636
0.0
0.0
0.272727272727
0.0
0.133333333333
0.0
0.0
0.125
0.545454545455
0.0
0.333333333333
0.0
0.0
0.307692307692
0.625
0.0
0.0
0.0
0.0
0.0
0.0
0.0
0.0
0.0
0.0
0.0
0.0
0.0
0.0
0.0
0.0
0.0
0.380952380952
0.0
0.266666666667
0.0
0.0
0.25
0.315789473684
0.421052631579
0.0
0.0
0.0
0.0
0.0
0.0
0.0
0.0
0.0
0.0
0.0
0.0
0.0
0.222222222222
0.0
0.307692307692
0.0
0.0
0.714285714286
0.111111111111
0.266666666667
0.0
0.0
0.222222222222
0.0
0.521739130435
0.0
0.333333333333
0.0
0.0
0.461538461538
0.285714285714
0.714285714286
0.0
0.0
0.4
0.0
0.4
0.222222222222
0.0
0.307692307692
0.0
0.0
0.428571428571
0.111111111111
0.266666666667
0.0
0.0
0.222222222222
0.0
0.375
0.666666666667
0.545454545455
0.0
0.285714285714
0.0
0.0
0.266666666667
0.315789473684
0.6
0.0
0.0
0.421052631579
0.0
0.235294117647
0.571428571429
0.235294117647
0.0
0.0
0.0
0.0
0.0
0.0
0.0
0.0
0.0
0.0
0.0
0.0
0.0
0.0
0.0
0.0
0.545454545455
0.0
0.363636363636
0.0
0.0
0.461538461538
0.315789473684
0.6
0.0
0.0
0.631578947368
0.0
0.4
0.571428571429
0.4
0.6
0.0
0.0
0.0
0.0
0.0
0.0
0.0
0.0
0.0
0.0
0.0
0.0
0.0
0.0
0.0
0.0
0.0
0.0
0.0
0.380952380952
0.0
0.307692307692
0.0
0.0
0.285714285714
0.315789473684
0.421052631579
0.0
0.0
0.666666666667
0.0
0.25
0.4
0.25
0.421052631579
0.0
0.631578947368
0.0

Topic 3
Mean 0.365898330199
Median 0.333333333333
Sum 27.4423747649
0.0
0.444444444444
0.0
0.470588235294
0.0
0.333333333333
0.4
0.0
0.235294117647
0.2
0.0
0.0
0.0
0.0
0.0
0.0
0.0
0.0
0.0
0.0
0.0
0.0
0.0
0.0
0.0
0.0
0.0
0.0
0.0
0.0
0.0
0.0
0.0
0.0
0.0
0.0
0.444444444444
0.0
0.666666666667
0.333333333333
0.166666666667
0.0
0.0
0.0
0.0
0.5
0.0
0.375
0.25
0.285714285714
0.0
0.0
0.0
0.0
0.181818181818
0.4
0.0
0.25
0.2
0.333333333333
0.0
0.0
0.0
0.0
0.25
0.285714285714
0.333333333333
0.0
0.222222222222
0.190476190476
0.333333333333
0.0
0.0
0.0
0.0
0.571428571429
0.266666666667
0.4
0.285714285714
0.0
0.166666666667
0.133333333333
0.285714285714
0.0
0.0
0.0
0.0
0.714285714286
0.2
0.333333333333
0.666666666667
0.0
0.0
0.0
0.0
0.0
0.0
0.0
0.0
0.0
0.0
0.0
0.0
0.0
0.0
0.7
0.0
0.571428571429
0.526315789474
0.714285714286
0.0
0.0
0.0
0.0
0.5
0.428571428571
0.5
0.6
0.333333333333
0.0
0.0
0.0
0.0
0.0
0.0
0.0
0.0
0.0
0.0
0.0
0.0
0.0
0.0
0.0
0.0
0.0
0.333333333333
0.0
0.375
0.210526315789
0.235294117647
0.0
0.0
0.0
0.0
0.142857142857
0.625
0.235294117647
0.222222222222
0.0
0.0
0.428571428571
0.0
0.5
0.0
0.666666666667
0.333333333333
0.4
0.0
0.0
0.0
0.0
0.666666666667
0.363636363636
0.533333333333
0.25
0.0
0.0
0.545454545455
0.0
0.285714285714
0.470588235294
0.0
0.333333333333
0.7
0.105263157895
0.0
0.0
0.0
0.0
0.333333333333
0.133333333333
0.2
0.1
0.0
0.0
0.285714285714
0.0
0.111111111111
0.333333333333

Topic 9
Mean 0.336723315902
Median 0.307692307692
Sum 45.7943709627
0.0
0.0
0.266666666667
0.0
0.0
0.0
0.0
0.4
0.25
0.0
0.0
0.117647058824
0.111111111111
0.0
0.111111111111
0.0
0.571428571429
0.4
0.0
0.4
0.375
0.0
0.0
0.0
0.0
0.0
0.0
0.0
0.0
0.307692307692
0.363636363636
0.0
0.285714285714
0.3
0.666666666667
0.0
0.0
0.461538461538
0.285714285714
0.0
0.285714285714
0.125
0.333333333333
0.0
0.4
0.0
0.285714285714
0.461538461538
0.0
0.266666666667
0.133333333333
0.5
0.0
0.333333333333
0.333333333333
0.0
0.117647058824
0.117647058824
0.0
0.111111111111
0.8
0.375
0.0
0.3
0.125
0.133333333333
0.0
0.266666666667
0.25
0.0
0.25
0.111111111111
0.285714285714
0.0
0.285714285714
0.285714285714
0.266666666667
0.111111111111
0.0
0.133333333333
0.125
0.0
0.125
0.3
0.421052631579
0.0
0.380952380952
0.142857142857
0.133333333333
0.3
0.125
0.0
0.133333333333
0.125
0.0
0.125
0.333333333333
0.625
0.0
0.666666666667
0.142857142857
0.133333333333
0.333333333333
0.125
0.421052631579
0.0
0.428571428571
0.266666666667
0.0
0.4
0.375
0.833333333333
0.0
0.625
0.5
0.363636363636
0.375
0.75
0.375
0.428571428571
0.0
0.823529411765
0.625
0.0
0.307692307692
0.315789473684
0.631578947368
0.0
0.631578947368
0.4
0.571428571429
0.315789473684
0.307692307692
0.4
0.705882352941
0.454545454545
0.0
0.352941176471
0.235294117647
0.0
0.333333333333
0.3
0.555555555556
0.0
0.5
0.4
0.285714285714
0.3
0.235294117647
0.380952380952
0.555555555556
0.4
0.526315789474
0.0
0.461538461538
0.285714285714
0.0
0.285714285714
0.125
0.333333333333
0.0
0.333333333333
0.5
0.333333333333
0.125
0.428571428571
0.142857142857
0.142857142857
0.428571428571
0.4
0.266666666667
0.0
0.4
0.25
0.0
0.375
0.235294117647
0.4
0.0
0.285714285714
0.285714285714
0.266666666667
0.235294117647
0.25
0.266666666667
0.266666666667
0.4
0.307692307692
0.444444444444
0.285714285714

