Topic 4
Mean 0.585540649008
Median 0.616099071208
Sum 3.51324389405
0.526315789474
0.705882352941
0.352941176471
0.705882352941
0.222222222222
1.0
0.0
0.0
0.0
0.0

Topic 8
Mean 0.580971098618
Median 0.566844919786
Sum 3.48582659171
0.0
0.307692307692
0.0
0.444444444444
0.0
0.6
1.0
0.0
0.545454545455
0.588235294118

Topic 2
Mean 0.593443699117
Median 0.557275541796
Sum 3.5606621947
0.0
0.333333333333
0.0
0.96
0.0
0.588235294118
0.375
0.0
0.777777777778
0.526315789474

Topic 5
Mean 0.528379772962
Median 0.526315789474
Sum 1.58513931889
0.0
0.352941176471
0.0
0.526315789474
0.0
0.705882352941
0.0
0.0
0.0
0.0

Topic 1
Mean 0.572364672365
Median 0.5
Sum 3.43418803419
0.0
0.0
0.5
0.0
0.923076923077
0.4
0.0
0.5
0.666666666667
0.444444444444

Topic 0
Mean 0.442185089256
Median 0.464285714286
Sum 4.42185089256
0.631578947368
0.307692307692
0.133333333333
0.631578947368
0.6
0.285714285714
0.555555555556
0.347826086957
0.428571428571
0.5

Topic 3
Mean 0.347276688453
Median 0.366666666667
Sum 2.08366013072
0.0
0.444444444444
0.0
0.470588235294
0.0
0.333333333333
0.4
0.0
0.235294117647
0.2

Topic 6
Mean 0.32443977591
Median 0.285714285714
Sum 3.2443977591
0.285714285714
0.25
0.5
0.235294117647
0.266666666667
0.235294117647
0.285714285714
0.5
0.285714285714
0.4

Topic 9
Mean 0.305555555556
Median 0.266666666667
Sum 0.916666666667
0.0
0.0
0.266666666667
0.0
0.0
0.0
0.0
0.4
0.25
0.0

Topic 7
Mean 0.266666666667
Median 0.266666666667
Sum 0.266666666667
0.0
0.266666666667
0.0
0.0
0.0
0.0
0.0
0.0
0.0
0.0

