Topic 0
Mean 3.7
Median 3.5
Sum 37.0
0.0
0.0
0.0
0.0
0.0
0.0
0.0
5.0
0.0
0.0
0.0
0.0
0.0
0.0
0.0
0.0
5.0
0.0
0.0
3.0
0.0
0.0
0.0
0.0
0.0
0.0
0.0
0.0
0.0
3.0
0.0
0.0
4.0
0.0
3.0
0.0
0.0
4.0
0.0
0.0
3.0
0.0
4.0
0.0
3.0

Topic 8
Mean 3.15555555556
Median 3.0
Sum 142.0
2.0
1.0
2.0
1.0
3.0
3.0
3.0
4.0
2.0
3.0
2.0
4.0
2.0
3.0
4.0
2.0
3.0
2.0
3.0
4.0
4.0
2.0
3.0
5.0
6.0
3.0
4.0
4.0
3.0
4.0
3.0
3.0
5.0
4.0
4.0
5.0
1.0
5.0
5.0
3.0
2.0
3.0
2.0
3.0
3.0

Topic 7
Mean 2.83333333333
Median 3.0
Sum 102.0
4.0
2.0
3.0
0.0
0.0
0.0
2.0
3.0
2.0
0.0
3.0
4.0
2.0
0.0
2.0
3.0
6.0
2.0
0.0
2.0
3.0
3.0
2.0
1.0
0.0
1.0
2.0
4.0
3.0
5.0
2.0
0.0
2.0
2.0
5.0
2.0
4.0
4.0
3.0
0.0
3.0
4.0
3.0
1.0
3.0

Topic 6
Mean 3.32142857143
Median 3.0
Sum 93.0
3.0
0.0
0.0
3.0
3.0
0.0
2.0
4.0
0.0
3.0
0.0
0.0
0.0
0.0
0.0
2.0
5.0
0.0
3.0
2.0
0.0
3.0
6.0
0.0
4.0
4.0
0.0
4.0
3.0
4.0
0.0
3.0
3.0
0.0
2.0
4.0
4.0
5.0
0.0
3.0
2.0
0.0
2.0
4.0
3.0

Topic 5
Mean 3.17857142857
Median 3.0
Sum 89.0
0.0
0.0
3.0
0.0
4.0
3.0
0.0
3.0
4.0
2.0
0.0
7.0
4.0
5.0
2.0
0.0
0.0
0.0
0.0
0.0
0.0
0.0
3.0
3.0
2.0
2.0
4.0
0.0
0.0
4.0
3.0
4.0
3.0
4.0
0.0
3.0
0.0
3.0
2.0
2.0
2.0
3.0
0.0
2.0
3.0

Topic 4
Mean 2.86111111111
Median 3.0
Sum 103.0
3.0
5.0
4.0
3.0
3.0
3.0
4.0
3.0
4.0
3.0
2.0
2.0
2.0
2.0
2.0
3.0
3.0
3.0
4.0
3.0
2.0
0.0
0.0
0.0
0.0
0.0
0.0
0.0
4.0
1.0
2.0
2.0
2.0
2.0
2.0
0.0
4.0
3.0
4.0
3.0
3.0
3.0
3.0
0.0
2.0

Topic 3
Mean 3.2380952381
Median 3.0
Sum 68.0
0.0
0.0
0.0
0.0
0.0
0.0
0.0
3.0
0.0
0.0
0.0
3.0
0.0
0.0
4.0
0.0
4.0
0.0
0.0
3.0
2.0
0.0
3.0
0.0
0.0
3.0
3.0
2.0
0.0
4.0
0.0
0.0
4.0
3.0
3.0
4.0
0.0
4.0
0.0
0.0
4.0
2.0
3.0
3.0
4.0

Topic 2
Mean 3.42222222222
Median 3.0
Sum 154.0
4.0
4.0
3.0
5.0
3.0
2.0
5.0
4.0
3.0
4.0
5.0
3.0
4.0
3.0
5.0
2.0
2.0
2.0
2.0
4.0
2.0
3.0
3.0
2.0
3.0
4.0
3.0
2.0
5.0
3.0
4.0
4.0
4.0
4.0
2.0
3.0
5.0
3.0
3.0
4.0
4.0
7.0
2.0
3.0
3.0

Topic 1
Mean 3.1
Median 3.0
Sum 62.0
0.0
0.0
5.0
0.0
2.0
1.0
0.0
3.0
2.0
0.0
0.0
0.0
0.0
0.0
0.0
0.0
4.0
3.0
1.0
2.0
0.0
0.0
0.0
0.0
0.0
0.0
0.0
0.0
0.0
4.0
3.0
1.0
2.0
0.0
4.0
0.0
0.0
6.0
4.0
2.0
5.0
0.0
4.0
0.0
4.0

Topic 9
Mean 2.5
Median 2.5
Sum 70.0
3.0
0.0
0.0
2.0
2.0
0.0
3.0
3.0
0.0
5.0
2.0
4.0
0.0
1.0
2.0
3.0
4.0
0.0
1.0
3.0
3.0
2.0
2.0
0.0
1.0
1.0
3.0
2.0
3.0
3.0
0.0
2.0
2.0
3.0
3.0
2.0
0.0
0.0
0.0
0.0
0.0
0.0
0.0
0.0
0.0

