Topic 9
Mean 4.0
Median 4.0
Sum 180.0
5.0
5.0
4.0
5.0
4.0
4.0
6.0
5.0
4.0
5.0
4.0
4.0
4.0
4.0
4.0
4.0
3.0
3.0
4.0
3.0
3.0
5.0
4.0
3.0
4.0
4.0
3.0
2.0
6.0
4.0
3.0
11.0
4.0
3.0
3.0
4.0
4.0
3.0
4.0
3.0
3.0
3.0
3.0
2.0
5.0

Topic 8
Mean 2.84444444444
Median 3.0
Sum 128.0
3.0
3.0
5.0
2.0
2.0
3.0
2.0
3.0
5.0
1.0
3.0
4.0
5.0
1.0
3.0
3.0
4.0
4.0
1.0
4.0
3.0
3.0
4.0
3.0
2.0
2.0
2.0
3.0
3.0
5.0
6.0
1.0
4.0
4.0
3.0
3.0
1.0
2.0
3.0
1.0
2.0
2.0
1.0
2.0
2.0

Topic 7
Mean 3.17777777778
Median 3.0
Sum 143.0
3.0
3.0
3.0
4.0
3.0
3.0
3.0
3.0
3.0
2.0
2.0
2.0
3.0
2.0
3.0
2.0
3.0
4.0
3.0
2.0
2.0
4.0
4.0
3.0
4.0
4.0
3.0
3.0
4.0
2.0
3.0
3.0
3.0
2.0
3.0
4.0
4.0
4.0
5.0
4.0
4.0
2.0
4.0
4.0
5.0

Topic 6
Mean 3.04444444444
Median 3.0
Sum 137.0
5.0
3.0
3.0
4.0
3.0
3.0
4.0
3.0
3.0
3.0
4.0
4.0
3.0
2.0
4.0
4.0
4.0
3.0
4.0
3.0
4.0
2.0
2.0
1.0
2.0
2.0
2.0
2.0
4.0
4.0
2.0
3.0
4.0
4.0
3.0
2.0
3.0
3.0
4.0
3.0
3.0
3.0
3.0
1.0
2.0

Topic 5
Mean 3.08333333333
Median 3.0
Sum 111.0
2.0
1.0
2.0
2.0
2.0
2.0
0.0
0.0
0.0
0.0
3.0
3.0
3.0
3.0
0.0
3.0
2.0
3.0
3.0
0.0
3.0
4.0
3.0
2.0
3.0
0.0
3.0
4.0
4.0
3.0
4.0
3.0
0.0
3.0
4.0
5.0
4.0
3.0
3.0
3.0
0.0
3.0
4.0
4.0
5.0

Topic 4
Mean 3.22222222222
Median 3.0
Sum 145.0
3.0
2.0
2.0
5.0
4.0
3.0
4.0
3.0
1.0
4.0
3.0
3.0
4.0
4.0
3.0
2.0
3.0
1.0
3.0
5.0
2.0
4.0
6.0
1.0
3.0
4.0
3.0
3.0
3.0
4.0
2.0
4.0
4.0
3.0
4.0
3.0
4.0
3.0
2.0
4.0
3.0
4.0
3.0
3.0
4.0

Topic 3
Mean 3.13333333333
Median 3.0
Sum 141.0
2.0
3.0
3.0
3.0
2.0
3.0
3.0
3.0
5.0
2.0
3.0
3.0
3.0
3.0
4.0
2.0
2.0
4.0
2.0
4.0
3.0
3.0
4.0
4.0
4.0
4.0
3.0
4.0
3.0
4.0
3.0
2.0
3.0
2.0
2.0
4.0
2.0
4.0
4.0
2.0
4.0
3.0
5.0
4.0
2.0

Topic 2
Mean 2.75
Median 3.0
Sum 99.0
3.0
2.0
3.0
0.0
0.0
0.0
1.0
3.0
4.0
0.0
2.0
3.0
3.0
0.0
2.0
2.0
3.0
3.0
0.0
3.0
4.0
2.0
4.0
4.0
0.0
3.0
3.0
4.0
3.0
4.0
3.0
0.0
2.0
2.0
2.0
3.0
2.0
3.0
3.0
0.0
2.0
3.0
2.0
2.0
2.0

Topic 0
Mean 3.33333333333
Median 3.0
Sum 120.0
6.0
3.0
3.0
5.0
5.0
3.0
3.0
3.0
2.0
3.0
5.0
4.0
2.0
4.0
3.0
5.0
4.0
2.0
4.0
3.0
3.0
4.0
4.0
3.0
3.0
3.0
3.0
3.0
4.0
2.0
3.0
2.0
2.0
3.0
3.0
3.0
0.0
0.0
0.0
0.0
0.0
0.0
0.0
0.0
0.0

Topic 1
Mean 2.58620689655
Median 2.0
Sum 75.0
2.0
2.0
2.0
2.0
2.0
3.0
2.0
2.0
3.0
3.0
0.0
0.0
0.0
0.0
0.0
2.0
7.0
3.0
4.0
4.0
0.0
2.0
3.0
3.0
3.0
3.0
0.0
5.0
1.0
2.0
1.0
2.0
2.0
0.0
2.0
2.0
0.0
0.0
0.0
0.0
0.0
0.0
0.0
1.0
0.0

