Topic 9
Mean 2.5671641791
Median 3.0
Sum 344.0
3.0
0.0
0.0
2.0
2.0
0.0
3.0
3.0
0.0
5.0
2.0
4.0
0.0
1.0
2.0
3.0
4.0
0.0
1.0
3.0
3.0
2.0
2.0
0.0
1.0
1.0
3.0
2.0
3.0
3.0
0.0
2.0
2.0
3.0
3.0
2.0
0.0
0.0
0.0
0.0
0.0
0.0
0.0
0.0
0.0
2.0
4.0
0.0
1.0
2.0
2.0
3.0
2.0
3.0
0.0
3.0
4.0
0.0
2.0
3.0
3.0
4.0
2.0
2.0
0.0
3.0
4.0
2.0
0.0
1.0
3.0
2.0
3.0
1.0
1.0
0.0
1.0
3.0
0.0
0.0
0.0
0.0
0.0
0.0
0.0
0.0
0.0
0.0
0.0
0.0
0.0
3.0
4.0
0.0
2.0
3.0
3.0
4.0
2.0
4.0
0.0
2.0
3.0
2.0
0.0
4.0
3.0
0.0
5.0
4.0
2.0
4.0
1.0
3.0
0.0
2.0
3.0
3.0
0.0
3.0
4.0
3.0
0.0
3.0
4.0
3.0
4.0
1.0
3.0
0.0
2.0
3.0
3.0
0.0
3.0
4.0
2.0
2.0
0.0
4.0
3.0
1.0
1.0
1.0
2.0
0.0
1.0
1.0
1.0
0.0
2.0
4.0
2.0
4.0
3.0
0.0
2.0
4.0
3.0
3.0
1.0
2.0
0.0
2.0
3.0
3.0
0.0
2.0
3.0
3.0
2.0
2.0
3.0
0.0
0.0
1.0
2.0
3.0
2.0
2.0
0.0
2.0
4.0
1.0
0.0
3.0
2.0
2.0
0.0
3.0

Topic 8
Mean 2.9880952381
Median 3.0
Sum 502.0
2.0
1.0
2.0
1.0
3.0
3.0
3.0
4.0
2.0
3.0
2.0
4.0
2.0
3.0
4.0
2.0
3.0
2.0
3.0
4.0
4.0
2.0
3.0
5.0
6.0
3.0
4.0
4.0
3.0
4.0
3.0
3.0
5.0
4.0
4.0
5.0
1.0
5.0
5.0
3.0
2.0
3.0
2.0
3.0
3.0
3.0
4.0
5.0
3.0
5.0
4.0
4.0
4.0
5.0
4.0
2.0
4.0
4.0
3.0
4.0
4.0
4.0
4.0
4.0
5.0
5.0
0.0
0.0
0.0
0.0
0.0
0.0
0.0
0.0
0.0
0.0
0.0
0.0
1.0
2.0
2.0
3.0
3.0
4.0
3.0
2.0
3.0
2.0
3.0
3.0
0.0
2.0
3.0
2.0
3.0
3.0
2.0
2.0
3.0
3.0
2.0
3.0
2.0
0.0
2.0
2.0
4.0
2.0
3.0
4.0
4.0
4.0
9.0
4.0
3.0
4.0
4.0
0.0
3.0
3.0
2.0
2.0
3.0
2.0
3.0
3.0
2.0
3.0
3.0
3.0
3.0
3.0
0.0
2.0
1.0
2.0
2.0
4.0
4.0
3.0
4.0
4.0
4.0
5.0
5.0
5.0
5.0
5.0
0.0
3.0
3.0
5.0
2.0
3.0
2.0
2.0
2.0
4.0
2.0
2.0
3.0
2.0
2.0
3.0
2.0
0.0
2.0
1.0
2.0
2.0
2.0
1.0
2.0
0.0
1.0
2.0
2.0
2.0
1.0
2.0
0.0
2.0
1.0
0.0
0.0
1.0
2.0
1.0
1.0
1.0

Topic 7
Mean 2.79411764706
Median 3.0
Sum 380.0
4.0
2.0
3.0
0.0
0.0
0.0
2.0
3.0
2.0
0.0
3.0
4.0
2.0
0.0
2.0
3.0
6.0
2.0
0.0
2.0
3.0
3.0
2.0
1.0
0.0
1.0
2.0
4.0
3.0
5.0
2.0
0.0
2.0
2.0
5.0
2.0
4.0
4.0
3.0
0.0
3.0
4.0
3.0
1.0
3.0
0.0
0.0
0.0
0.0
0.0
0.0
0.0
0.0
0.0
0.0
2.0
3.0
1.0
0.0
2.0
2.0
5.0
3.0
2.0
2.0
0.0
6.0
4.0
2.0
0.0
4.0
3.0
3.0
3.0
3.0
4.0
0.0
3.0
4.0
4.0
2.0
0.0
3.0
2.0
4.0
2.0
3.0
3.0
0.0
2.0
3.0
3.0
4.0
2.0
0.0
3.0
2.0
3.0
2.0
3.0
4.0
0.0
2.0
4.0
2.0
2.0
3.0
2.0
0.0
2.0
2.0
2.0
2.0
1.0
3.0
0.0
2.0
3.0
2.0
3.0
3.0
5.0
3.0
0.0
4.0
2.0
3.0
2.0
3.0
3.0
0.0
2.0
4.0
3.0
3.0
2.0
3.0
4.0
3.0
0.0
2.0
3.0
3.0
2.0
3.0
3.0
0.0
2.0
3.0
3.0
2.0
2.0
4.0
0.0
0.0
0.0
0.0
0.0
0.0
0.0
0.0
0.0
0.0
0.0
0.0
0.0
0.0
0.0
0.0
0.0
0.0
2.0
3.0
2.0
0.0
2.0
2.0
3.0
2.0
3.0
6.0
0.0
2.0
3.0
2.0
3.0
3.0
2.0
2.0
0.0

Topic 6
Mean 3.09933774834
Median 3.0
Sum 468.0
3.0
0.0
0.0
3.0
3.0
0.0
2.0
4.0
0.0
3.0
0.0
0.0
0.0
0.0
0.0
2.0
5.0
0.0
3.0
2.0
0.0
3.0
6.0
0.0
4.0
4.0
0.0
4.0
3.0
4.0
0.0
3.0
3.0
0.0
2.0
4.0
4.0
5.0
0.0
3.0
2.0
0.0
2.0
4.0
3.0
3.0
5.0
0.0
3.0
3.0
0.0
3.0
4.0
4.0
4.0
3.0
5.0
0.0
4.0
5.0
0.0
2.0
5.0
5.0
4.0
5.0
4.0
4.0
0.0
5.0
4.0
0.0
2.0
4.0
3.0
3.0
4.0
5.0
1.0
1.0
0.0
2.0
0.0
0.0
0.0
1.0
1.0
1.0
1.0
2.0
2.0
3.0
4.0
0.0
3.0
3.0
0.0
2.0
3.0
3.0
4.0
4.0
5.0
4.0
2.0
3.0
7.0
0.0
3.0
4.0
0.0
4.0
4.0
3.0
2.0
4.0
4.0
3.0
1.0
3.0
2.0
3.0
0.0
3.0
3.0
0.0
2.0
3.0
3.0
2.0
4.0
5.0
4.0
2.0
4.0
3.0
3.0
2.0
0.0
3.0
1.0
0.0
2.0
2.0
2.0
2.0
2.0
2.0
1.0
1.0
3.0
3.0
2.0
3.0
4.0
0.0
3.0
2.0
0.0
2.0
4.0
3.0
3.0
3.0
5.0
3.0
1.0
5.0
3.0
3.0
2.0
2.0
5.0
0.0
4.0
1.0
0.0
5.0
4.0
2.0
3.0
3.0
2.0
7.0
1.0
2.0
3.0
2.0
2.0
2.0

Topic 5
Mean 2.95588235294
Median 3.0
Sum 402.0
0.0
0.0
3.0
0.0
4.0
3.0
0.0
3.0
4.0
2.0
0.0
7.0
4.0
5.0
2.0
0.0
0.0
0.0
0.0
0.0
0.0
0.0
3.0
3.0
2.0
2.0
4.0
0.0
0.0
4.0
3.0
4.0
3.0
4.0
0.0
3.0
0.0
3.0
2.0
2.0
2.0
3.0
0.0
2.0
3.0
0.0
2.0
2.0
2.0
1.0
3.0
0.0
3.0
3.0
2.0
0.0
4.0
3.0
2.0
3.0
4.0
0.0
4.0
3.0
4.0
2.0
0.0
4.0
4.0
3.0
2.0
5.0
0.0
4.0
4.0
3.0
4.0
4.0
0.0
2.0
2.0
1.0
1.0
2.0
0.0
2.0
2.0
2.0
2.0
2.0
2.0
0.0
0.0
0.0
0.0
0.0
0.0
0.0
0.0
0.0
0.0
0.0
0.0
0.0
0.0
0.0
3.0
3.0
1.0
1.0
3.0
0.0
3.0
3.0
2.0
3.0
5.0
4.0
2.0
0.0
0.0
4.0
4.0
3.0
2.0
5.0
0.0
4.0
3.0
2.0
3.0
5.0
5.0
2.0
0.0
3.0
0.0
3.0
3.0
2.0
2.0
3.0
0.0
2.0
3.0
3.0
2.0
3.0
4.0
2.0
0.0
2.0
4.0
0.0
4.0
3.0
2.0
3.0
4.0
0.0
2.0
3.0
2.0
1.0
2.0
2.0
1.0
0.0
1.0
2.0
2.0
0.0
5.0
4.0
3.0
3.0
5.0
0.0
4.0
4.0
3.0
3.0
4.0
5.0
2.0
0.0
3.0
5.0
3.0
3.0

Topic 4
Mean 3.01169590643
Median 3.0
Sum 515.0
3.0
5.0
4.0
3.0
3.0
3.0
4.0
3.0
4.0
3.0
2.0
2.0
2.0
2.0
2.0
3.0
3.0
3.0
4.0
3.0
2.0
0.0
0.0
0.0
0.0
0.0
0.0
0.0
4.0
1.0
2.0
2.0
2.0
2.0
2.0
0.0
4.0
3.0
4.0
3.0
3.0
3.0
3.0
0.0
2.0
3.0
2.0
3.0
2.0
7.0
1.0
3.0
0.0
1.0
3.0
3.0
2.0
2.0
2.0
2.0
1.0
2.0
0.0
3.0
2.0
1.0
2.0
1.0
2.0
2.0
2.0
2.0
2.0
0.0
3.0
2.0
1.0
1.0
4.0
3.0
6.0
4.0
5.0
3.0
3.0
0.0
3.0
4.0
3.0
2.0
2.0
3.0
3.0
6.0
5.0
3.0
3.0
3.0
0.0
2.0
4.0
3.0
2.0
2.0
4.0
4.0
4.0
4.0
2.0
4.0
4.0
3.0
0.0
3.0
3.0
3.0
3.0
2.0
5.0
3.0
7.0
4.0
4.0
4.0
3.0
3.0
4.0
0.0
3.0
6.0
3.0
2.0
2.0
5.0
4.0
5.0
3.0
2.0
3.0
3.0
2.0
3.0
2.0
0.0
2.0
4.0
2.0
1.0
2.0
3.0
3.0
3.0
4.0
4.0
4.0
4.0
3.0
4.0
4.0
3.0
0.0
3.0
3.0
3.0
2.0
2.0
6.0
3.0
4.0
5.0
3.0
4.0
2.0
4.0
3.0
3.0
2.0
3.0
0.0
2.0
3.0
2.0
2.0
2.0
4.0
4.0
3.0
4.0
3.0
4.0

Topic 3
Mean 3.13235294118
Median 3.0
Sum 426.0
0.0
0.0
0.0
0.0
0.0
0.0
0.0
3.0
0.0
0.0
0.0
3.0
0.0
0.0
4.0
0.0
4.0
0.0
0.0
3.0
2.0
0.0
3.0
0.0
0.0
3.0
3.0
2.0
0.0
4.0
0.0
0.0
4.0
3.0
3.0
4.0
0.0
4.0
0.0
0.0
4.0
2.0
3.0
3.0
4.0
0.0
4.0
0.0
0.0
4.0
3.0
3.0
3.0
4.0
5.0
0.0
3.0
0.0
0.0
4.0
3.0
3.0
3.0
5.0
3.0
3.0
0.0
3.0
0.0
0.0
2.0
2.0
2.0
2.0
3.0
3.0
3.0
3.0
0.0
4.0
0.0
0.0
5.0
6.0
2.0
3.0
5.0
4.0
3.0
4.0
4.0
0.0
4.0
0.0
0.0
4.0
3.0
3.0
3.0
5.0
3.0
4.0
3.0
3.0
3.0
0.0
3.0
0.0
0.0
4.0
2.0
3.0
3.0
4.0
3.0
4.0
3.0
3.0
3.0
3.0
0.0
3.0
0.0
0.0
4.0
3.0
2.0
3.0
3.0
4.0
3.0
3.0
2.0
3.0
3.0
3.0
0.0
3.0
0.0
0.0
4.0
2.0
3.0
2.0
3.0
2.0
3.0
2.0
2.0
2.0
3.0
2.0
2.0
0.0
3.0
0.0
0.0
3.0
1.0
1.0
2.0
3.0
3.0
3.0
2.0
3.0
3.0
2.0
5.0
2.0
1.0
0.0
3.0
0.0
0.0
2.0
3.0
2.0
3.0
4.0
3.0
3.0
4.0
3.0
5.0
10.0
3.0
2.0
2.0
3.0

Topic 2
Mean 3.44444444444
Median 3.0
Sum 589.0
4.0
4.0
3.0
5.0
3.0
2.0
5.0
4.0
3.0
4.0
5.0
3.0
4.0
3.0
5.0
2.0
2.0
2.0
2.0
4.0
2.0
3.0
3.0
2.0
3.0
4.0
3.0
2.0
5.0
3.0
4.0
4.0
4.0
4.0
2.0
3.0
5.0
3.0
3.0
4.0
4.0
7.0
2.0
3.0
3.0
4.0
3.0
3.0
3.0
4.0
4.0
3.0
2.0
3.0
4.0
5.0
4.0
4.0
4.0
4.0
4.0
2.0
3.0
3.0
3.0
3.0
5.0
3.0
3.0
3.0
5.0
4.0
4.0
3.0
4.0
5.0
4.0
3.0
4.0
3.0
3.0
3.0
6.0
5.0
4.0
3.0
3.0
4.0
4.0
4.0
4.0
4.0
3.0
3.0
5.0
4.0
4.0
3.0
3.0
4.0
3.0
3.0
4.0
4.0
3.0
4.0
3.0
2.0
2.0
4.0
3.0
1.0
3.0
3.0
3.0
3.0
3.0
4.0
3.0
3.0
2.0
3.0
2.0
1.0
3.0
3.0
2.0
2.0
2.0
2.0
2.0
3.0
2.0
3.0
2.0
3.0
0.0
0.0
0.0
0.0
0.0
0.0
0.0
0.0
0.0
0.0
0.0
0.0
0.0
0.0
0.0
0.0
0.0
7.0
4.0
4.0
4.0
5.0
4.0
2.0
3.0
4.0
4.0
3.0
3.0
4.0
4.0
5.0
4.0
2.0
0.0
5.0
4.0
4.0
3.0
4.0
5.0
2.0
3.0
5.0
4.0
4.0
4.0
4.0
3.0
4.0
4.0
4.0
0.0
4.0

Topic 1
Mean 3.21186440678
Median 3.0
Sum 379.0
0.0
0.0
5.0
0.0
2.0
1.0
0.0
3.0
2.0
0.0
0.0
0.0
0.0
0.0
0.0
0.0
4.0
3.0
1.0
2.0
0.0
0.0
0.0
0.0
0.0
0.0
0.0
0.0
0.0
4.0
3.0
1.0
2.0
0.0
4.0
0.0
0.0
6.0
4.0
2.0
5.0
0.0
4.0
0.0
4.0
0.0
5.0
3.0
5.0
3.0
0.0
4.0
0.0
3.0
4.0
0.0
4.0
3.0
1.0
2.0
0.0
3.0
0.0
3.0
4.0
4.0
0.0
2.0
2.0
1.0
3.0
0.0
2.0
0.0
2.0
3.0
2.0
2.0
0.0
3.0
3.0
0.0
3.0
0.0
3.0
0.0
2.0
3.0
4.0
2.0
1.0
0.0
0.0
0.0
0.0
0.0
0.0
0.0
0.0
0.0
0.0
0.0
0.0
0.0
0.0
0.0
5.0
4.0
2.0
4.0
0.0
4.0
0.0
6.0
5.0
4.0
4.0
3.0
2.0
0.0
0.0
4.0
3.0
1.0
3.0
0.0
3.0
0.0
3.0
3.0
4.0
3.0
1.0
4.0
0.0
4.0
0.0
4.0
4.0
2.0
2.0
0.0
4.0
0.0
5.0
4.0
3.0
3.0
3.0
3.0
0.0
7.0
3.0
0.0
5.0
4.0
1.0
3.0
0.0
4.0
0.0
5.0
4.0
4.0
3.0
2.0
3.0
0.0
6.0
3.0
5.0
0.0
4.0
3.0
1.0
2.0
0.0
3.0
0.0
3.0
4.0
4.0
3.0
2.0
2.0
0.0
4.0
4.0
3.0
3.0

Topic 0
Mean 3.80769230769
Median 3.0
Sum 297.0
0.0
0.0
0.0
0.0
0.0
0.0
0.0
5.0
0.0
0.0
0.0
0.0
0.0
0.0
0.0
0.0
5.0
0.0
0.0
3.0
0.0
0.0
0.0
0.0
0.0
0.0
0.0
0.0
0.0
3.0
0.0
0.0
4.0
0.0
3.0
0.0
0.0
4.0
0.0
0.0
3.0
0.0
4.0
0.0
3.0
0.0
2.0
0.0
0.0
2.0
0.0
3.0
0.0
2.0
2.0
0.0
16.0
0.0
0.0
3.0
0.0
5.0
0.0
3.0
4.0
2.0
0.0
4.0
0.0
0.0
3.0
0.0
5.0
0.0
4.0
3.0
2.0
3.0
0.0
4.0
0.0
0.0
3.0
0.0
4.0
0.0
3.0
3.0
2.0
4.0
5.0
0.0
3.0
0.0
0.0
3.0
0.0
3.0
0.0
3.0
2.0
2.0
3.0
2.0
3.0
0.0
0.0
0.0
0.0
0.0
0.0
0.0
0.0
0.0
0.0
0.0
0.0
0.0
0.0
0.0
0.0
0.0
0.0
0.0
0.0
0.0
0.0
0.0
0.0
0.0
0.0
0.0
0.0
0.0
0.0
0.0
0.0
4.0
0.0
0.0
4.0
0.0
4.0
0.0
5.0
4.0
2.0
4.0
5.0
3.0
3.0
0.0
0.0
0.0
4.0
0.0
0.0
3.0
0.0
5.0
0.0
11.0
3.0
3.0
6.0
4.0
5.0
3.0
0.0
0.0
5.0
0.0
6.0
0.0
0.0
4.0
0.0
6.0
0.0
3.0
5.0
2.0
4.0
4.0
5.0
3.0
0.0
0.0
5.0
3.0

