Topic 9
Mean 3.44210526316
Median 3.0
Sum 654.0
5.0
5.0
4.0
5.0
4.0
4.0
6.0
5.0
4.0
5.0
4.0
4.0
4.0
4.0
4.0
4.0
3.0
3.0
4.0
3.0
3.0
5.0
4.0
3.0
4.0
4.0
3.0
2.0
6.0
4.0
3.0
11.0
4.0
3.0
3.0
4.0
4.0
3.0
4.0
3.0
3.0
3.0
3.0
2.0
5.0
5.0
5.0
5.0
5.0
5.0
5.0
3.0
3.0
4.0
3.0
4.0
4.0
3.0
5.0
4.0
3.0
3.0
3.0
3.0
3.0
4.0
4.0
4.0
3.0
5.0
4.0
3.0
3.0
3.0
3.0
2.0
4.0
3.0
3.0
3.0
3.0
3.0
2.0
2.0
2.0
2.0
2.0
2.0
3.0
2.0
2.0
3.0
3.0
3.0
3.0
2.0
2.0
1.0
3.0
3.0
1.0
2.0
2.0
1.0
1.0
5.0
4.0
5.0
5.0
5.0
5.0
4.0
3.0
7.0
3.0
5.0
4.0
4.0
2.0
3.0
3.0
3.0
4.0
4.0
4.0
3.0
3.0
3.0
2.0
3.0
3.0
3.0
3.0
1.0
2.0
3.0
6.0
4.0
6.0
4.0
4.0
3.0
3.0
5.0
5.0
3.0
5.0
3.0
4.0
2.0
3.0
4.0
3.0
5.0
4.0
4.0
4.0
3.0
3.0
3.0
3.0
3.0
3.0
4.0
3.0
3.0
3.0
2.0
4.0
3.0
4.0
3.0
4.0
5.0
3.0
4.0
2.0
2.0
2.0
2.0
2.0
3.0
3.0
2.0
2.0
2.0
3.0
2.0
3.0
2.0

Topic 8
Mean 2.8313253012
Median 3.0
Sum 470.0
3.0
3.0
5.0
2.0
2.0
3.0
2.0
3.0
5.0
1.0
3.0
4.0
5.0
1.0
3.0
3.0
4.0
4.0
1.0
4.0
3.0
3.0
4.0
3.0
2.0
2.0
2.0
3.0
3.0
5.0
6.0
1.0
4.0
4.0
3.0
3.0
1.0
2.0
3.0
1.0
2.0
2.0
1.0
2.0
2.0
3.0
4.0
4.0
1.0
3.0
4.0
4.0
3.0
5.0
2.0
3.0
4.0
4.0
1.0
3.0
4.0
4.0
3.0
4.0
3.0
3.0
4.0
5.0
4.0
2.0
2.0
5.0
4.0
4.0
3.0
2.0
3.0
4.0
0.0
0.0
0.0
0.0
0.0
0.0
0.0
0.0
0.0
0.0
0.0
0.0
0.0
2.0
1.0
2.0
1.0
1.0
2.0
2.0
2.0
2.0
2.0
2.0
1.0
2.0
0.0
0.0
1.0
2.0
0.0
2.0
1.0
1.0
1.0
2.0
2.0
1.0
1.0
0.0
0.0
0.0
3.0
3.0
3.0
2.0
2.0
2.0
3.0
3.0
4.0
2.0
2.0
3.0
4.0
0.0
2.0
1.0
4.0
4.0
5.0
2.0
3.0
4.0
3.0
5.0
3.0
5.0
4.0
4.0
4.0
0.0
2.0
2.0
4.0
4.0
4.0
4.0
1.0
3.0
4.0
4.0
3.0
4.0
3.0
4.0
5.0
4.0
0.0
2.0
1.0
3.0
4.0
2.0
4.0
3.0
1.0
2.0
3.0
3.0
2.0
4.0
2.0
3.0
2.0
2.0
0.0
0.0
1.0
2.0
2.0
3.0

Topic 7
Mean 3.41578947368
Median 3.0
Sum 649.0
3.0
3.0
3.0
4.0
3.0
3.0
3.0
3.0
3.0
2.0
2.0
2.0
3.0
2.0
3.0
2.0
3.0
4.0
3.0
2.0
2.0
4.0
4.0
3.0
4.0
4.0
3.0
3.0
4.0
2.0
3.0
3.0
3.0
2.0
3.0
4.0
4.0
4.0
5.0
4.0
4.0
2.0
4.0
4.0
5.0
1.0
2.0
2.0
2.0
2.0
1.0
2.0
2.0
2.0
2.0
3.0
3.0
3.0
3.0
3.0
2.0
3.0
3.0
3.0
4.0
2.0
3.0
3.0
3.0
4.0
4.0
2.0
3.0
4.0
4.0
5.0
2.0
3.0
4.0
3.0
4.0
3.0
3.0
3.0
3.0
5.0
4.0
4.0
2.0
4.0
4.0
4.0
4.0
9.0
4.0
4.0
2.0
4.0
6.0
4.0
7.0
2.0
4.0
4.0
3.0
3.0
3.0
2.0
3.0
3.0
2.0
4.0
4.0
4.0
5.0
2.0
4.0
4.0
4.0
4.0
5.0
4.0
4.0
4.0
3.0
2.0
4.0
5.0
4.0
4.0
2.0
4.0
4.0
5.0
6.0
4.0
5.0
4.0
5.0
4.0
3.0
2.0
4.0
5.0
4.0
6.0
3.0
4.0
5.0
5.0
4.0
5.0
4.0
3.0
1.0
3.0
3.0
1.0
2.0
2.0
3.0
2.0
2.0
1.0
2.0
3.0
2.0
3.0
2.0
3.0
3.0
4.0
3.0
4.0
4.0
3.0
2.0
4.0
7.0
4.0
5.0
2.0
4.0
4.0
4.0
7.0
5.0
6.0
6.0
3.0

Topic 6
Mean 2.77368421053
Median 3.0
Sum 527.0
5.0
3.0
3.0
4.0
3.0
3.0
4.0
3.0
3.0
3.0
4.0
4.0
3.0
2.0
4.0
4.0
4.0
3.0
4.0
3.0
4.0
2.0
2.0
1.0
2.0
2.0
2.0
2.0
4.0
4.0
2.0
3.0
4.0
4.0
3.0
2.0
3.0
3.0
4.0
3.0
3.0
3.0
3.0
1.0
2.0
4.0
4.0
3.0
3.0
3.0
4.0
4.0
2.0
3.0
3.0
3.0
3.0
5.0
3.0
3.0
3.0
3.0
2.0
2.0
4.0
3.0
4.0
3.0
1.0
2.0
2.0
3.0
2.0
2.0
3.0
1.0
3.0
1.0
4.0
3.0
3.0
3.0
3.0
3.0
2.0
2.0
3.0
2.0
3.0
2.0
7.0
4.0
3.0
2.0
3.0
3.0
2.0
4.0
2.0
2.0
3.0
2.0
2.0
2.0
3.0
4.0
3.0
4.0
3.0
4.0
3.0
3.0
2.0
3.0
4.0
3.0
4.0
2.0
3.0
3.0
2.0
3.0
1.0
2.0
2.0
3.0
2.0
2.0
3.0
2.0
3.0
1.0
2.0
2.0
2.0
2.0
3.0
3.0
2.0
2.0
3.0
3.0
3.0
2.0
2.0
3.0
3.0
3.0
2.0
3.0
4.0
3.0
2.0
4.0
3.0
3.0
2.0
3.0
2.0
4.0
1.0
2.0
2.0
2.0
2.0
3.0
3.0
2.0
3.0
2.0
2.0
3.0
2.0
3.0
2.0
3.0
2.0
3.0
2.0
3.0
2.0
3.0
2.0
2.0
3.0
2.0
2.0
2.0
2.0
3.0

Topic 5
Mean 2.94244604317
Median 3.0
Sum 409.0
2.0
1.0
2.0
2.0
2.0
2.0
0.0
0.0
0.0
0.0
3.0
3.0
3.0
3.0
0.0
3.0
2.0
3.0
3.0
0.0
3.0
4.0
3.0
2.0
3.0
0.0
3.0
4.0
4.0
3.0
4.0
3.0
0.0
3.0
4.0
5.0
4.0
3.0
3.0
3.0
0.0
3.0
4.0
4.0
5.0
6.0
2.0
2.0
2.0
0.0
2.0
3.0
4.0
3.0
3.0
3.0
2.0
1.0
2.0
0.0
3.0
3.0
4.0
4.0
4.0
3.0
4.0
2.0
2.0
3.0
0.0
2.0
2.0
5.0
4.0
3.0
4.0
5.0
0.0
0.0
0.0
0.0
0.0
0.0
0.0
0.0
0.0
0.0
0.0
0.0
0.0
0.0
0.0
0.0
0.0
0.0
0.0
1.0
0.0
1.0
0.0
2.0
0.0
0.0
0.0
3.0
3.0
3.0
3.0
0.0
2.0
3.0
4.0
4.0
4.0
3.0
3.0
4.0
0.0
0.0
4.0
2.0
1.0
2.0
0.0
3.0
4.0
3.0
4.0
4.0
2.0
3.0
2.0
0.0
0.0
2.0
4.0
2.0
2.0
2.0
0.0
3.0
4.0
3.0
3.0
4.0
3.0
4.0
3.0
0.0
0.0
4.0
4.0
4.0
4.0
2.0
4.0
0.0
3.0
3.0
4.0
4.0
3.0
2.0
2.0
3.0
0.0
0.0
4.0
3.0
3.0
2.0
2.0
2.0
2.0
0.0
1.0
3.0
2.0
3.0
3.0
1.0
2.0
3.0
0.0
0.0
2.0
1.0
2.0
3.0

Topic 4
Mean 3.10526315789
Median 3.0
Sum 590.0
3.0
2.0
2.0
5.0
4.0
3.0
4.0
3.0
1.0
4.0
3.0
3.0
4.0
4.0
3.0
2.0
3.0
1.0
3.0
5.0
2.0
4.0
6.0
1.0
3.0
4.0
3.0
3.0
3.0
4.0
2.0
4.0
4.0
3.0
4.0
3.0
4.0
3.0
2.0
4.0
3.0
4.0
3.0
3.0
4.0
2.0
3.0
1.0
4.0
3.0
4.0
2.0
2.0
3.0
3.0
3.0
5.0
2.0
4.0
5.0
3.0
4.0
3.0
5.0
9.0
4.0
3.0
2.0
2.0
4.0
5.0
3.0
6.0
3.0
4.0
3.0
4.0
5.0
4.0
3.0
2.0
5.0
4.0
3.0
3.0
3.0
4.0
5.0
5.0
7.0
6.0
2.0
3.0
2.0
3.0
4.0
3.0
3.0
4.0
4.0
4.0
3.0
7.0
4.0
6.0
2.0
3.0
2.0
4.0
3.0
4.0
3.0
3.0
4.0
3.0
3.0
4.0
3.0
3.0
3.0
2.0
4.0
2.0
3.0
2.0
4.0
2.0
2.0
3.0
3.0
2.0
3.0
2.0
3.0
3.0
2.0
1.0
1.0
1.0
2.0
1.0
3.0
1.0
1.0
1.0
2.0
1.0
1.0
2.0
2.0
2.0
2.0
2.0
1.0
3.0
2.0
3.0
1.0
2.0
2.0
2.0
2.0
3.0
7.0
3.0
3.0
3.0
3.0
2.0
2.0
1.0
2.0
3.0
2.0
4.0
4.0
3.0
3.0
3.0
4.0
4.0
2.0
4.0
4.0
3.0
5.0
3.0
3.0
2.0
3.0

Topic 3
Mean 3.21637426901
Median 3.0
Sum 550.0
2.0
3.0
3.0
3.0
2.0
3.0
3.0
3.0
5.0
2.0
3.0
3.0
3.0
3.0
4.0
2.0
2.0
4.0
2.0
4.0
3.0
3.0
4.0
4.0
4.0
4.0
3.0
4.0
3.0
4.0
3.0
2.0
3.0
2.0
2.0
4.0
2.0
4.0
4.0
2.0
4.0
3.0
5.0
4.0
2.0
3.0
3.0
4.0
4.0
4.0
4.0
3.0
4.0
3.0
3.0
2.0
3.0
5.0
2.0
3.0
4.0
4.0
3.0
3.0
4.0
3.0
3.0
3.0
5.0
3.0
5.0
3.0
3.0
8.0
3.0
3.0
4.0
3.0
2.0
2.0
5.0
2.0
3.0
3.0
4.0
3.0
2.0
4.0
5.0
5.0
3.0
2.0
4.0
4.0
3.0
3.0
4.0
2.0
4.0
3.0
3.0
4.0
3.0
3.0
2.0
2.0
2.0
2.0
2.0
2.0
4.0
1.0
2.0
2.0
2.0
3.0
2.0
2.0
1.0
4.0
2.0
3.0
5.0
3.0
4.0
3.0
4.0
5.0
3.0
4.0
5.0
3.0
3.0
4.0
5.0
3.0
3.0
4.0
4.0
5.0
4.0
4.0
3.0
4.0
3.0
3.0
5.0
3.0
4.0
3.0
4.0
3.0
4.0
0.0
0.0
0.0
0.0
0.0
0.0
0.0
0.0
0.0
0.0
0.0
0.0
0.0
0.0
0.0
0.0
0.0
0.0
3.0
3.0
3.0
2.0
4.0
2.0
1.0
3.0
3.0
2.0
3.0
3.0
4.0
2.0
3.0
2.0
3.0
4.0
0.0

Topic 2
Mean 2.67763157895
Median 3.0
Sum 407.0
3.0
2.0
3.0
0.0
0.0
0.0
1.0
3.0
4.0
0.0
2.0
3.0
3.0
0.0
2.0
2.0
3.0
3.0
0.0
3.0
4.0
2.0
4.0
4.0
0.0
3.0
3.0
4.0
3.0
4.0
3.0
0.0
2.0
2.0
2.0
3.0
2.0
3.0
3.0
0.0
2.0
3.0
2.0
2.0
2.0
2.0
4.0
4.0
0.0
3.0
4.0
4.0
3.0
2.0
4.0
2.0
3.0
3.0
0.0
1.0
2.0
3.0
2.0
2.0
3.0
2.0
1.0
3.0
2.0
0.0
1.0
1.0
0.0
1.0
1.0
1.0
1.0
1.0
2.0
3.0
4.0
0.0
3.0
3.0
3.0
4.0
1.0
3.0
3.0
2.0
1.0
2.0
3.0
5.0
0.0
3.0
4.0
2.0
3.0
2.0
5.0
3.0
3.0
1.0
6.0
2.0
3.0
5.0
0.0
3.0
3.0
3.0
3.0
2.0
2.0
5.0
3.0
1.0
2.0
4.0
2.0
3.0
2.0
0.0
2.0
2.0
2.0
2.0
2.0
2.0
3.0
1.0
1.0
2.0
3.0
2.0
2.0
4.0
4.0
0.0
4.0
4.0
3.0
5.0
2.0
3.0
4.0
2.0
1.0
4.0
5.0
4.0
2.0
0.0
0.0
0.0
0.0
0.0
0.0
0.0
0.0
0.0
0.0
0.0
0.0
0.0
0.0
0.0
0.0
0.0
0.0
3.0
3.0
3.0
0.0
2.0
2.0
3.0
3.0
3.0
2.0
3.0
2.0
1.0
2.0
3.0
3.0
2.0
3.0
0.0

Topic 1
Mean 2.875
Median 3.0
Sum 391.0
2.0
2.0
2.0
2.0
2.0
3.0
2.0
2.0
3.0
3.0
0.0
0.0
0.0
0.0
0.0
2.0
7.0
3.0
4.0
4.0
0.0
2.0
3.0
3.0
3.0
3.0
0.0
5.0
1.0
2.0
1.0
2.0
2.0
0.0
2.0
2.0
0.0
0.0
0.0
0.0
0.0
0.0
0.0
1.0
0.0
3.0
3.0
3.0
3.0
4.0
0.0
5.0
4.0
2.0
0.0
2.0
2.0
2.0
2.0
4.0
0.0
4.0
3.0
2.0
0.0
4.0
0.0
0.0
0.0
0.0
0.0
0.0
0.0
0.0
0.0
0.0
0.0
0.0
3.0
3.0
4.0
3.0
4.0
0.0
4.0
4.0
2.0
0.0
4.0
4.0
0.0
2.0
3.0
3.0
2.0
3.0
0.0
4.0
3.0
2.0
0.0
4.0
4.0
0.0
3.0
3.0
4.0
3.0
3.0
3.0
0.0
4.0
4.0
2.0
0.0
4.0
3.0
0.0
4.0
3.0
1.0
1.0
1.0
1.0
2.0
0.0
1.0
1.0
0.0
0.0
2.0
1.0
0.0
1.0
2.0
2.0
3.0
4.0
3.0
3.0
4.0
0.0
5.0
4.0
2.0
0.0
5.0
4.0
0.0
4.0
4.0
6.0
1.0
2.0
3.0
3.0
3.0
4.0
0.0
4.0
4.0
2.0
0.0
4.0
3.0
0.0
3.0
3.0
4.0
1.0
4.0
2.0
3.0
2.0
2.0
2.0
0.0
3.0
3.0
2.0
0.0
3.0
2.0
0.0
4.0
3.0
3.0
1.0
3.0
3.0

Topic 0
Mean 2.77777777778
Median 3.0
Sum 475.0
6.0
3.0
3.0
5.0
5.0
3.0
3.0
3.0
2.0
3.0
5.0
4.0
2.0
4.0
3.0
5.0
4.0
2.0
4.0
3.0
3.0
4.0
4.0
3.0
3.0
3.0
3.0
3.0
4.0
2.0
3.0
2.0
2.0
3.0
3.0
3.0
0.0
0.0
0.0
0.0
0.0
0.0
0.0
0.0
0.0
3.0
3.0
1.0
3.0
2.0
4.0
2.0
2.0
4.0
0.0
4.0
3.0
2.0
3.0
3.0
4.0
3.0
2.0
3.0
0.0
2.0
3.0
4.0
3.0
3.0
4.0
3.0
4.0
3.0
2.0
0.0
2.0
3.0
5.0
5.0
3.0
4.0
3.0
3.0
4.0
3.0
3.0
0.0
4.0
3.0
3.0
2.0
2.0
2.0
2.0
2.0
2.0
2.0
1.0
3.0
0.0
2.0
2.0
3.0
3.0
2.0
2.0
2.0
3.0
3.0
2.0
2.0
2.0
2.0
0.0
2.0
1.0
1.0
2.0
2.0
4.0
4.0
2.0
3.0
2.0
3.0
2.0
3.0
2.0
0.0
3.0
2.0
3.0
3.0
2.0
1.0
2.0
2.0
2.0
2.0
1.0
1.0
2.0
2.0
2.0
0.0
1.0
1.0
1.0
2.0
1.0
2.0
1.0
4.0
4.0
2.0
4.0
4.0
3.0
4.0
4.0
4.0
0.0
2.0
3.0
4.0
4.0
2.0
1.0
3.0
1.0
5.0
4.0
3.0
3.0
2.0
3.0
4.0
4.0
2.0
0.0
2.0
2.0
3.0
3.0
1.0
2.0
3.0
3.0
3.0

