Topic 9
Mean 3.04761904762
Median 3.0
Sum 64.0
0.0
0.0
2.0
0.0
0.0
0.0
0.0
2.0
1.0
0.0
0.0
2.0
2.0
0.0
2.0
0.0
4.0
3.0
0.0
5.0
3.0
0.0
0.0
0.0
0.0
0.0
0.0
0.0
0.0
3.0
3.0
0.0
3.0
2.0
4.0
0.0
0.0
3.0
3.0
0.0
4.0
4.0
5.0
0.0
4.0

Topic 5
Mean 4.2
Median 3.0
Sum 42.0
0.0
5.0
0.0
4.0
0.0
3.0
0.0
0.0
0.0
0.0
2.0
0.0
2.0
2.0
0.0
0.0
0.0
0.0
0.0
0.0
0.0
3.0
0.0
16.0
3.0
0.0
2.0
0.0
0.0
0.0
0.0
0.0
0.0
0.0
0.0
0.0
0.0
0.0
0.0
0.0
0.0
0.0
0.0
0.0
0.0

Topic 4
Mean 4.2
Median 3.0
Sum 42.0
4.0
3.0
5.0
3.0
3.0
16.0
0.0
0.0
0.0
0.0
2.0
2.0
2.0
2.0
0.0
0.0
0.0
0.0
0.0
0.0
0.0
0.0
0.0
0.0
0.0
0.0
0.0
0.0
0.0
0.0
0.0
0.0
0.0
0.0
0.0
0.0
0.0
0.0
0.0
0.0
0.0
0.0
0.0
0.0
0.0

Topic 2
Mean 3.2380952381
Median 3.0
Sum 68.0
0.0
3.0
0.0
7.0
0.0
4.0
3.0
0.0
4.0
4.0
2.0
0.0
2.0
2.0
3.0
2.0
0.0
4.0
3.0
3.0
1.0
2.0
0.0
3.0
4.0
3.0
5.0
4.0
0.0
0.0
0.0
0.0
0.0
0.0
0.0
0.0
0.0
0.0
0.0
0.0
0.0
0.0
0.0
0.0
0.0

Topic 1
Mean 3.25
Median 3.0
Sum 117.0
0.0
0.0
3.0
0.0
4.0
4.0
0.0
3.0
3.0
4.0
0.0
2.0
1.0
2.0
1.0
0.0
2.0
2.0
4.0
3.0
1.0
0.0
4.0
3.0
4.0
3.0
2.0
3.0
0.0
4.0
4.0
5.0
4.0
2.0
3.0
3.0
0.0
7.0
4.0
5.0
4.0
2.0
3.0
4.0
5.0

Topic 0
Mean 2.70588235294
Median 3.0
Sum 92.0
1.0
3.0
0.0
3.0
1.0
3.0
4.0
1.0
4.0
3.0
3.0
0.0
1.0
2.0
2.0
5.0
1.0
3.0
3.0
4.0
2.0
4.0
1.0
5.0
5.0
4.0
2.0
4.0
3.0
1.0
2.0
2.0
2.0
2.0
3.0
3.0
0.0
0.0
0.0
0.0
0.0
0.0
0.0
0.0
0.0

Topic 7
Mean 2.6
Median 2.5
Sum 26.0
0.0
4.0
0.0
0.0
0.0
0.0
0.0
0.0
0.0
0.0
2.0
0.0
3.0
0.0
0.0
3.0
0.0
3.0
0.0
0.0
2.0
2.0
0.0
3.0
0.0
0.0
2.0
2.0
0.0
0.0
0.0
0.0
0.0
0.0
0.0
0.0
0.0
0.0
0.0
0.0
0.0
0.0
0.0
0.0
0.0

Topic 8
Mean 2.61904761905
Median 2.0
Sum 55.0
0.0
2.0
0.0
4.0
0.0
2.0
7.0
0.0
1.0
2.0
5.0
0.0
2.0
5.0
2.0
1.0
0.0
1.0
2.0
2.0
2.0
0.0
0.0
0.0
0.0
0.0
0.0
0.0
0.0
0.0
0.0
0.0
0.0
0.0
0.0
0.0
3.0
0.0
1.0
2.0
3.0
4.0
2.0
0.0
0.0

Topic 6
Mean 2.62790697674
Median 2.0
Sum 113.0
4.0
2.0
2.0
2.0
4.0
1.0
3.0
3.0
2.0
3.0
5.0
5.0
3.0
2.0
4.0
4.0
4.0
2.0
2.0
4.0
5.0
1.0
1.0
0.0
2.0
2.0
2.0
1.0
1.0
2.0
1.0
2.0
2.0
2.0
2.0
2.0
3.0
4.0
3.0
1.0
3.0
5.0
4.0
0.0
1.0

Topic 3
Mean 2.11111111111
Median 2.0
Sum 19.0
0.0
3.0
0.0
3.0
0.0
4.0
1.0
0.0
1.0
0.0
0.0
0.0
0.0
0.0
0.0
0.0
0.0
0.0
0.0
0.0
0.0
0.0
0.0
0.0
0.0
0.0
0.0
0.0
0.0
0.0
0.0
0.0
0.0
0.0
0.0
0.0
3.0
0.0
2.0
1.0
1.0
0.0
0.0
0.0
0.0

