Topic 8
Mean 3.05825242718
Median 3.0
Sum 315.0
0.0
2.0
0.0
4.0
0.0
2.0
7.0
0.0
1.0
2.0
5.0
0.0
2.0
5.0
2.0
1.0
0.0
1.0
2.0
2.0
2.0
0.0
0.0
0.0
0.0
0.0
0.0
0.0
0.0
0.0
0.0
0.0
0.0
0.0
0.0
0.0
3.0
0.0
1.0
2.0
3.0
4.0
2.0
0.0
0.0
3.0
0.0
1.0
2.0
2.0
4.0
1.0
0.0
0.0
2.0
4.0
0.0
1.0
3.0
4.0
5.0
2.0
0.0
0.0
3.0
4.0
4.0
0.0
1.0
3.0
5.0
5.0
2.0
0.0
0.0
4.0
4.0
6.0
0.0
0.0
0.0
0.0
0.0
0.0
0.0
0.0
0.0
0.0
0.0
0.0
0.0
5.0
0.0
2.0
3.0
4.0
4.0
3.0
0.0
0.0
3.0
3.0
4.0
3.0
0.0
5.0
0.0
4.0
3.0
3.0
4.0
1.0
0.0
0.0
4.0
3.0
3.0
5.0
0.0
4.0
4.0
0.0
2.0
5.0
2.0
5.0
2.0
0.0
0.0
3.0
3.0
4.0
4.0
0.0
4.0
4.0
4.0
0.0
1.0
3.0
2.0
6.0
2.0
0.0
0.0
3.0
3.0
5.0
5.0
0.0
3.0
4.0
4.0
0.0
0.0
0.0
0.0
0.0
0.0
0.0
0.0
0.0
0.0
0.0
0.0
0.0
0.0
0.0
0.0
0.0
0.0
2.0
0.0
0.0
1.0
2.0
2.0
0.0
0.0
0.0
1.0
2.0
4.0
3.0
0.0
2.0
2.0
2.0
2.0
0.0

Topic 6
Mean 2.82446808511
Median 3.0
Sum 531.0
4.0
2.0
2.0
2.0
4.0
1.0
3.0
3.0
2.0
3.0
5.0
5.0
3.0
2.0
4.0
4.0
4.0
2.0
2.0
4.0
5.0
1.0
1.0
0.0
2.0
2.0
2.0
1.0
1.0
2.0
1.0
2.0
2.0
2.0
2.0
2.0
3.0
4.0
3.0
1.0
3.0
5.0
4.0
0.0
1.0
3.0
4.0
2.0
2.0
3.0
4.0
4.0
1.0
2.0
4.0
3.0
4.0
3.0
2.0
4.0
4.0
3.0
1.0
2.0
4.0
4.0
3.0
3.0
2.0
2.0
3.0
3.0
3.0
1.0
2.0
2.0
3.0
3.0
3.0
4.0
3.0
2.0
4.0
5.0
5.0
1.0
2.0
4.0
4.0
4.0
3.0
3.0
3.0
3.0
4.0
4.0
5.0
3.0
2.0
2.0
3.0
3.0
3.0
3.0
4.0
3.0
4.0
1.0
3.0
6.0
4.0
3.0
2.0
2.0
3.0
3.0
3.0
3.0
4.0
3.0
2.0
3.0
1.0
1.0
3.0
3.0
3.0
1.0
1.0
2.0
7.0
2.0
2.0
3.0
2.0
3.0
3.0
4.0
2.0
2.0
3.0
3.0
3.0
1.0
1.0
3.0
3.0
3.0
3.0
3.0
2.0
2.0
2.0
2.0
4.0
2.0
2.0
3.0
4.0
4.0
1.0
2.0
4.0
3.0
4.0
3.0
4.0
3.0
3.0
2.0
3.0
2.0
3.0
2.0
3.0
3.0
4.0
3.0
2.0
2.0
3.0
3.0
2.0
3.0
5.0
4.0
4.0
1.0
2.0
3.0

Topic 5
Mean 3.22222222222
Median 3.0
Sum 174.0
0.0
5.0
0.0
4.0
0.0
3.0
0.0
0.0
0.0
0.0
2.0
0.0
2.0
2.0
0.0
0.0
0.0
0.0
0.0
0.0
0.0
3.0
0.0
16.0
3.0
0.0
2.0
0.0
0.0
0.0
0.0
0.0
0.0
0.0
0.0
0.0
0.0
0.0
0.0
0.0
0.0
0.0
0.0
0.0
0.0
0.0
0.0
0.0
0.0
0.0
0.0
0.0
0.0
0.0
0.0
3.0
0.0
4.0
3.0
0.0
2.0
0.0
4.0
0.0
0.0
0.0
5.0
0.0
5.0
5.0
0.0
3.0
0.0
4.0
0.0
0.0
0.0
4.0
3.0
0.0
5.0
4.0
0.0
2.0
0.0
3.0
0.0
0.0
0.0
4.0
4.0
1.0
0.0
2.0
1.0
0.0
1.0
0.0
2.0
0.0
0.0
0.0
1.0
2.0
1.0
2.0
0.0
3.0
2.0
0.0
2.0
0.0
2.0
0.0
0.0
0.0
2.0
3.0
2.0
0.0
0.0
0.0
0.0
0.0
0.0
0.0
0.0
0.0
0.0
0.0
0.0
0.0
0.0
0.0
0.0
0.0
0.0
0.0
0.0
0.0
0.0
0.0
0.0
0.0
0.0
0.0
0.0
0.0
0.0
0.0
0.0
0.0
0.0
3.0
0.0
4.0
4.0
0.0
2.0
0.0
3.0
0.0
0.0
0.0
5.0
5.0
5.0
1.0
4.0
0.0
0.0
0.0
0.0
0.0
0.0
0.0
0.0
0.0
0.0
0.0
0.0
0.0
0.0
0.0
0.0
0.0
0.0
0.0
0.0
0.0

Topic 4
Mean 3.73333333333
Median 3.0
Sum 168.0
4.0
3.0
5.0
3.0
3.0
16.0
0.0
0.0
0.0
0.0
2.0
2.0
2.0
2.0
0.0
0.0
0.0
0.0
0.0
0.0
0.0
0.0
0.0
0.0
0.0
0.0
0.0
0.0
0.0
0.0
0.0
0.0
0.0
0.0
0.0
0.0
0.0
0.0
0.0
0.0
0.0
0.0
0.0
0.0
0.0
0.0
0.0
0.0
0.0
0.0
0.0
0.0
0.0
0.0
0.0
0.0
0.0
0.0
0.0
0.0
0.0
0.0
0.0
0.0
0.0
0.0
3.0
3.0
5.0
5.0
0.0
3.0
0.0
0.0
0.0
0.0
0.0
0.0
0.0
0.0
0.0
0.0
0.0
0.0
0.0
0.0
0.0
0.0
0.0
0.0
0.0
4.0
3.0
4.0
3.0
0.0
2.0
0.0
0.0
0.0
0.0
0.0
0.0
5.0
0.0
3.0
3.0
4.0
4.0
0.0
2.0
0.0
0.0
0.0
0.0
0.0
0.0
4.0
0.0
3.0
3.0
3.0
3.0
3.0
0.0
2.0
0.0
0.0
0.0
0.0
0.0
0.0
3.0
0.0
2.0
2.0
0.0
0.0
0.0
0.0
0.0
0.0
0.0
0.0
0.0
0.0
0.0
0.0
0.0
0.0
0.0
0.0
0.0
0.0
0.0
0.0
0.0
0.0
0.0
0.0
0.0
0.0
0.0
0.0
0.0
0.0
0.0
0.0
0.0
0.0
0.0
11.0
3.0
4.0
6.0
0.0
3.0
0.0
0.0
0.0
0.0
0.0
0.0
5.0
0.0
4.0
3.0
3.0
0.0
0.0

Topic 3
Mean 2.63888888889
Median 3.0
Sum 190.0
0.0
3.0
0.0
3.0
0.0
4.0
1.0
0.0
1.0
0.0
0.0
0.0
0.0
0.0
0.0
0.0
0.0
0.0
0.0
0.0
0.0
0.0
0.0
0.0
0.0
0.0
0.0
0.0
0.0
0.0
0.0
0.0
0.0
0.0
0.0
0.0
3.0
0.0
2.0
1.0
1.0
0.0
0.0
0.0
0.0
4.0
0.0
3.0
2.0
0.0
0.0
0.0
0.0
0.0
3.0
5.0
0.0
3.0
3.0
1.0
0.0
0.0
0.0
0.0
1.0
5.0
3.0
0.0
2.0
2.0
1.0
0.0
0.0
0.0
0.0
3.0
3.0
2.0
4.0
0.0
3.0
3.0
0.0
0.0
0.0
0.0
0.0
2.0
3.0
3.0
2.0
0.0
0.0
0.0
0.0
0.0
0.0
0.0
0.0
0.0
0.0
0.0
0.0
0.0
0.0
5.0
0.0
4.0
5.0
1.0
0.0
0.0
0.0
0.0
3.0
4.0
3.0
3.0
4.0
0.0
0.0
0.0
0.0
0.0
0.0
0.0
0.0
0.0
0.0
0.0
0.0
0.0
0.0
0.0
0.0
0.0
2.0
0.0
1.0
1.0
0.0
0.0
0.0
0.0
0.0
0.0
1.0
1.0
0.0
1.0
0.0
2.0
0.0
4.0
0.0
3.0
3.0
1.0
0.0
0.0
0.0
0.0
1.0
3.0
4.0
2.0
3.0
0.0
3.0
0.0
2.0
5.0
0.0
3.0
3.0
1.0
0.0
0.0
0.0
0.0
2.0
4.0
4.0
2.0
3.0
0.0
4.0
0.0
1.0
3.0

Topic 2
Mean 2.98461538462
Median 3.0
Sum 194.0
0.0
3.0
0.0
7.0
0.0
4.0
3.0
0.0
4.0
4.0
2.0
0.0
2.0
2.0
3.0
2.0
0.0
4.0
3.0
3.0
1.0
2.0
0.0
3.0
4.0
3.0
5.0
4.0
0.0
0.0
0.0
0.0
0.0
0.0
0.0
0.0
0.0
0.0
0.0
0.0
0.0
0.0
0.0
0.0
0.0
2.0
0.0
4.0
4.0
3.0
1.0
3.0
3.0
0.0
0.0
0.0
0.0
0.0
0.0
0.0
0.0
0.0
0.0
0.0
0.0
0.0
3.0
0.0
4.0
4.0
3.0
1.0
5.0
4.0
0.0
0.0
4.0
0.0
4.0
0.0
4.0
4.0
3.0
1.0
5.0
2.0
0.0
0.0
3.0
0.0
4.0
0.0
0.0
0.0
0.0
0.0
0.0
0.0
0.0
0.0
0.0
0.0
0.0
0.0
0.0
0.0
0.0
0.0
0.0
0.0
0.0
0.0
0.0
0.0
0.0
0.0
0.0
0.0
0.0
0.0
0.0
0.0
0.0
0.0
0.0
0.0
0.0
0.0
0.0
0.0
0.0
0.0
0.0
0.0
0.0
0.0
0.0
0.0
0.0
0.0
0.0
0.0
0.0
0.0
0.0
0.0
0.0
0.0
0.0
0.0
0.0
0.0
0.0
1.0
0.0
2.0
2.0
1.0
0.0
2.0
2.0
0.0
0.0
1.0
0.0
3.0
1.0
0.0
0.0
0.0
0.0
2.0
0.0
4.0
4.0
4.0
1.0
3.0
3.0
0.0
0.0
4.0
0.0
4.0
3.0
0.0
0.0
0.0
0.0
1.0

Topic 1
Mean 3.14379084967
Median 3.0
Sum 481.0
0.0
0.0
3.0
0.0
4.0
4.0
0.0
3.0
3.0
4.0
0.0
2.0
1.0
2.0
1.0
0.0
2.0
2.0
4.0
3.0
1.0
0.0
4.0
3.0
4.0
3.0
2.0
3.0
0.0
4.0
4.0
5.0
4.0
2.0
3.0
3.0
0.0
7.0
4.0
5.0
4.0
2.0
3.0
4.0
5.0
0.0
4.0
3.0
3.0
4.0
1.0
2.0
3.0
4.0
4.0
0.0
4.0
3.0
2.0
2.0
1.0
1.0
3.0
2.0
4.0
2.0
0.0
3.0
2.0
3.0
2.0
2.0
2.0
3.0
2.0
3.0
2.0
2.0
0.0
0.0
0.0
0.0
0.0
0.0
0.0
0.0
0.0
0.0
0.0
0.0
0.0
0.0
3.0
3.0
4.0
2.0
2.0
2.0
3.0
4.0
3.0
2.0
2.0
3.0
0.0
0.0
4.0
4.0
4.0
4.0
2.0
2.0
3.0
5.0
4.0
4.0
2.0
3.0
0.0
2.0
0.0
4.0
4.0
4.0
4.0
2.0
3.0
4.0
3.0
4.0
4.0
3.0
2.0
0.0
2.0
3.0
0.0
4.0
4.0
4.0
4.0
2.0
2.0
4.0
5.0
5.0
3.0
3.0
2.0
0.0
2.0
6.0
3.0
0.0
4.0
3.0
4.0
3.0
3.0
3.0
4.0
4.0
4.0
3.0
2.0
4.0
0.0
3.0
4.0
4.0
4.0
0.0
3.0
2.0
4.0
2.0
6.0
3.0
3.0
3.0
4.0
2.0
3.0
3.0
0.0
3.0
3.0
3.0
4.0
4.0

Topic 0
Mean 3.03007518797
Median 3.0
Sum 403.0
1.0
3.0
0.0
3.0
1.0
3.0
4.0
1.0
4.0
3.0
3.0
0.0
1.0
2.0
2.0
5.0
1.0
3.0
3.0
4.0
2.0
4.0
1.0
5.0
5.0
4.0
2.0
4.0
3.0
1.0
2.0
2.0
2.0
2.0
3.0
3.0
0.0
0.0
0.0
0.0
0.0
0.0
0.0
0.0
0.0
3.0
1.0
4.0
3.0
3.0
2.0
3.0
5.0
3.0
0.0
3.0
0.0
3.0
3.0
6.0
2.0
3.0
3.0
2.0
0.0
3.0
3.0
1.0
3.0
3.0
3.0
2.0
3.0
4.0
3.0
0.0
4.0
3.0
4.0
1.0
6.0
4.0
5.0
2.0
3.0
6.0
2.0
0.0
6.0
3.0
3.0
3.0
1.0
4.0
4.0
4.0
2.0
4.0
5.0
2.0
0.0
4.0
5.0
3.0
5.0
2.0
2.0
1.0
2.0
2.0
1.0
2.0
3.0
2.0
0.0
2.0
2.0
2.0
2.0
2.0
4.0
1.0
5.0
4.0
7.0
2.0
4.0
6.0
3.0
0.0
5.0
5.0
4.0
6.0
4.0
2.0
3.0
1.0
2.0
3.0
3.0
1.0
4.0
3.0
3.0
0.0
4.0
3.0
2.0
3.0
3.0
2.0
4.0
0.0
0.0
0.0
0.0
0.0
0.0
0.0
0.0
0.0
0.0
0.0
0.0
0.0
0.0
0.0
0.0
0.0
0.0
0.0
0.0
0.0
0.0
0.0
0.0
0.0
0.0
0.0
0.0
0.0
0.0
0.0
0.0
0.0
0.0
0.0
0.0
0.0

Topic 9
Mean 2.6641221374
Median 2.0
Sum 349.0
0.0
0.0
2.0
0.0
0.0
0.0
0.0
2.0
1.0
0.0
0.0
2.0
2.0
0.0
2.0
0.0
4.0
3.0
0.0
5.0
3.0
0.0
0.0
0.0
0.0
0.0
0.0
0.0
0.0
3.0
3.0
0.0
3.0
2.0
4.0
0.0
0.0
3.0
3.0
0.0
4.0
4.0
5.0
0.0
4.0
0.0
2.0
2.0
0.0
2.0
2.0
3.0
0.0
2.0
3.0
0.0
3.0
3.0
0.0
5.0
5.0
6.0
0.0
3.0
6.0
2.0
0.0
3.0
3.0
0.0
4.0
2.0
5.0
0.0
3.0
3.0
2.0
3.0
0.0
2.0
3.0
0.0
1.0
3.0
2.0
0.0
3.0
4.0
1.0
4.0
2.0
0.0
1.0
0.0
0.0
2.0
1.0
2.0
0.0
2.0
1.0
1.0
2.0
0.0
0.0
0.0
4.0
3.0
0.0
4.0
3.0
5.0
0.0
3.0
4.0
2.0
3.0
4.0
2.0
2.0
0.0
4.0
3.0
0.0
3.0
2.0
4.0
0.0
4.0
3.0
2.0
3.0
3.0
1.0
2.0
4.0
0.0
2.0
2.0
0.0
3.0
2.0
5.0
0.0
3.0
4.0
1.0
5.0
3.0
1.0
2.0
4.0
4.0
0.0
2.0
2.0
0.0
2.0
1.0
3.0
0.0
2.0
3.0
2.0
2.0
2.0
1.0
1.0
3.0
3.0
2.0
0.0
1.0
1.0
0.0
2.0
1.0
2.0
0.0
2.0
2.0
1.0
2.0
0.0
0.0
1.0
2.0
2.0
2.0
1.0

Topic 7
Mean 2.31944444444
Median 2.0
Sum 167.0
0.0
4.0
0.0
0.0
0.0
0.0
0.0
0.0
0.0
0.0
2.0
0.0
3.0
0.0
0.0
3.0
0.0
3.0
0.0
0.0
2.0
2.0
0.0
3.0
0.0
0.0
2.0
2.0
0.0
0.0
0.0
0.0
0.0
0.0
0.0
0.0
0.0
0.0
0.0
0.0
0.0
0.0
0.0
0.0
0.0
4.0
0.0
4.0
0.0
0.0
3.0
4.0
3.0
0.0
0.0
0.0
0.0
0.0
0.0
0.0
0.0
0.0
0.0
0.0
0.0
0.0
1.0
0.0
1.0
0.0
0.0
0.0
1.0
1.0
0.0
0.0
2.0
0.0
3.0
0.0
4.0
0.0
0.0
3.0
3.0
3.0
0.0
0.0
4.0
0.0
1.0
2.0
0.0
2.0
0.0
0.0
2.0
3.0
2.0
0.0
0.0
3.0
0.0
0.0
3.0
3.0
0.0
3.0
0.0
0.0
3.0
3.0
2.0
0.0
0.0
3.0
0.0
1.0
3.0
2.0
0.0
0.0
0.0
0.0
0.0
0.0
0.0
0.0
0.0
0.0
0.0
0.0
0.0
0.0
0.0
0.0
4.0
0.0
3.0
0.0
0.0
2.0
3.0
2.0
0.0
0.0
5.0
0.0
1.0
4.0
2.0
4.0
0.0
1.0
0.0
1.0
0.0
0.0
0.0
1.0
1.0
0.0
0.0
1.0
0.0
1.0
2.0
0.0
1.0
0.0
2.0
1.0
0.0
1.0
0.0
0.0
1.0
1.0
2.0
0.0
0.0
2.0
0.0
0.0
2.0
2.0
1.0
0.0
2.0
0.0

