Topic 1
Mean 0.193206484873
Median 0.166666666667
Sum 6.95543345543
0.0
0.0
0.2
0.0
0.5
0.142857142857
0.0
0.2
0.25
0.166666666667
0.0
0.1
0.1
0.1
0.142857142857
0.0
0.333333333333
0.2
0.25
0.2
0.111111111111
0.0
0.0769230769231
0.0833333333333
0.0769230769231
0.1
0.0714285714286
0.0833333333333
0.0
0.333333333333
0.166666666667
0.25
0.166666666667
0.1
0.166666666667
0.0833333333333
0.0
0.5
0.166666666667
0.25
0.25
0.1
0.333333333333
0.1
0.5

Topic 5
Mean 0.217454212454
Median 0.154761904762
Sum 2.17454212454
0.0
0.0833333333333
0.0
0.1
0.0
0.166666666667
0.0
0.0
0.0
0.0
0.0714285714286
0.0
0.2
0.142857142857
0.0
0.0
0.0
0.0
0.0
0.0
0.0
0.0769230769231
0.0
1.0
0.166666666667
0.0
0.166666666667
0.0
0.0
0.0
0.0
0.0
0.0
0.0
0.0
0.0
0.0
0.0
0.0
0.0
0.0
0.0
0.0
0.0
0.0

Topic 4
Mean 0.217454212454
Median 0.154761904762
Sum 2.17454212454
0.1
0.166666666667
0.0833333333333
0.166666666667
0.0769230769231
1.0
0.0
0.0
0.0
0.0
0.142857142857
0.0714285714286
0.2
0.166666666667
0.0
0.0
0.0
0.0
0.0
0.0
0.0
0.0
0.0
0.0
0.0
0.0
0.0
0.0
0.0
0.0
0.0
0.0
0.0
0.0
0.0
0.0
0.0
0.0
0.0
0.0
0.0
0.0
0.0
0.0
0.0

Topic 0
Mean 0.173198252365
Median 0.154761904762
Sum 6.23513708514
0.166666666667
0.1
0.0714285714286
0.166666666667
0.142857142857
0.0909090909091
0.25
0.0909090909091
0.111111111111
0.2
0.0909090909091
0.0666666666667
0.0714285714286
0.2
0.0833333333333
0.333333333333
0.0909090909091
0.333333333333
0.142857142857
0.2
0.0909090909091
0.25
0.1
0.1
0.25
0.25
0.25
0.2
0.333333333333
0.1
0.1
0.2
0.333333333333
0.0909090909091
0.25
0.333333333333
0.0
0.0
0.0
0.0
0.0
0.0
0.0
0.0
0.0

Topic 8
Mean 0.196125038982
Median 0.142857142857
Sum 4.11862581863
0.0
0.1
0.0
0.166666666667
0.0
0.142857142857
1.0
0.0
0.111111111111
0.166666666667
0.25
0.0
0.1
0.5
0.25
0.166666666667
0.0
0.0833333333333
0.111111111111
0.166666666667
0.166666666667
0.0
0.0
0.0
0.0
0.0
0.0
0.0
0.0
0.0
0.0
0.0
0.0
0.0
0.0
0.0
0.0833333333333
0.0
0.0769230769231
0.142857142857
0.1
0.142857142857
0.0909090909091
0.0
0.0

Topic 2
Mean 0.220707599279
Median 0.142857142857
Sum 4.63485958486
0.0
0.2
0.0
1.0
0.0
0.166666666667
0.2
0.0
0.2
0.166666666667
0.0666666666667
0.0
0.111111111111
0.0666666666667
0.142857142857
0.125
0.0
0.111111111111
0.125
0.1
0.0769230769231
0.2
0.0
0.166666666667
0.166666666667
0.142857142857
1.0
0.1
0.0
0.0
0.0
0.0
0.0
0.0
0.0
0.0
0.0
0.0
0.0
0.0
0.0
0.0
0.0
0.0
0.0

Topic 9
Mean 0.111245076896
Median 0.1
Sum 2.33614661482
0.0
0.0
0.0833333333333
0.0
0.0
0.0
0.0
0.1
0.0769230769231
0.0
0.0
0.0625
0.0588235294118
0.0
0.0588235294118
0.0
0.142857142857
0.142857142857
0.0
0.1
0.0909090909091
0.0
0.0
0.0
0.0
0.0
0.0
0.0
0.0
0.1
0.125
0.0
0.0909090909091
0.0666666666667
0.25
0.0
0.0
0.125
0.142857142857
0.0
0.0909090909091
0.0666666666667
0.111111111111
0.0
0.25

Topic 3
Mean 0.112167832168
Median 0.1
Sum 1.12167832168
0.0
0.1
0.0
0.1
0.0
0.0769230769231
0.2
0.0
0.1
0.0769230769231
0.0
0.0
0.0
0.0
0.0
0.0
0.0
0.0
0.0
0.0
0.0
0.0
0.0
0.0
0.0
0.0
0.0
0.0
0.0
0.0
0.0
0.0
0.0
0.0
0.0
0.0
0.1
0.0
0.2
0.0769230769231
0.0909090909091
0.0
0.0
0.0
0.0

Topic 6
Mean 0.139653617987
Median 0.0909090909091
Sum 6.28441280941
0.0909090909091
0.0769230769231
0.111111111111
0.0714285714286
0.0833333333333
0.0714285714286
0.1
0.333333333333
0.1
0.1
0.1
0.111111111111
0.0909090909091
0.125
0.333333333333
0.1
0.333333333333
0.1
0.0909090909091
0.333333333333
0.333333333333
0.0769230769231
0.111111111111
0.0909090909091
0.0714285714286
0.0909090909091
0.0909090909091
0.0833333333333
0.0769230769231
0.111111111111
0.0909090909091
0.0714285714286
0.0909090909091
0.0909090909091
0.0833333333333
0.333333333333
0.0909090909091
0.25
0.0909090909091
0.0833333333333
0.25
0.333333333333
0.25
0.0909090909091
0.0909090909091

Topic 7
Mean 0.0927052522641
Median 0.0871212121212
Sum 0.927052522641
0.0
0.0833333333333
0.0
0.0
0.0
0.0
0.0
0.0
0.0
0.0
0.0769230769231
0.0
0.125
0.0
0.0
0.0588235294118
0.0
0.0714285714286
0.0
0.0
0.0666666666667
0.0909090909091
0.0
0.111111111111
0.0
0.0
0.1
0.142857142857
0.0
0.0
0.0
0.0
0.0
0.0
0.0
0.0
0.0
0.0
0.0
0.0
0.0
0.0
0.0
0.0
0.0

