Topic 1
Mean 0.179005891477
Median 0.166666666667
Sum 27.387901396
0.0
0.0
0.2
0.0
0.5
0.142857142857
0.0
0.2
0.25
0.166666666667
0.0
0.1
0.1
0.1
0.142857142857
0.0
0.333333333333
0.2
0.25
0.2
0.111111111111
0.0
0.0769230769231
0.0833333333333
0.0769230769231
0.1
0.0714285714286
0.0833333333333
0.0
0.333333333333
0.166666666667
0.25
0.166666666667
0.1
0.166666666667
0.0833333333333
0.0
0.5
0.166666666667
0.25
0.25
0.1
0.333333333333
0.1
0.5
0.0
0.125
0.1
0.1
0.142857142857
0.0909090909091
0.142857142857
0.0714285714286
0.1
0.1
0.0
0.0833333333333
0.142857142857
0.0909090909091
0.111111111111
0.0769230769231
0.0909090909091
0.0833333333333
0.0833333333333
0.1
0.0769230769231
0.0
0.333333333333
0.142857142857
0.2
0.166666666667
0.1
0.25
0.0666666666667
0.2
0.25
0.0833333333333
0.0714285714286
0.0
0.0
0.0
0.0
0.0
0.0
0.0
0.0
0.0
0.0
0.0
0.0
0.0
0.0
0.2
0.2
0.2
0.2
0.1
0.25
0.0588235294118
0.0769230769231
0.25
0.1
0.0625
0.333333333333
0.0
0.0
0.166666666667
0.2
0.2
0.166666666667
0.0909090909091
0.2
0.2
0.111111111111
0.2
0.0833333333333
0.0833333333333
0.166666666667
0.0
0.166666666667
0.0
0.166666666667
0.5
0.142857142857
0.5
0.333333333333
0.142857142857
0.142857142857
0.2
0.25
0.111111111111
0.142857142857
0.142857142857
0.0
0.0833333333333
0.2
0.0
0.25
0.2
0.25
0.2
0.111111111111
0.333333333333
0.333333333333
0.125
0.333333333333
0.111111111111
0.125
0.25
0.0
0.25
0.333333333333
0.2
0.0
0.2
0.142857142857
0.25
0.166666666667
0.1
0.25
0.111111111111
0.111111111111
0.25
0.166666666667
0.0909090909091
0.2
0.0
0.5
0.25
0.142857142857
0.25
0.0
0.166666666667
0.125
0.166666666667
0.142857142857
0.25
0.2
0.2
0.166666666667
0.2
0.0909090909091
0.0833333333333
0.166666666667
0.0
0.166666666667
0.2
0.25
0.2
0.166666666667

Topic 8
Mean 0.168791089863
Median 0.142857142857
Sum 17.7230644356
0.0
0.1
0.0
0.166666666667
0.0
0.142857142857
1.0
0.0
0.111111111111
0.166666666667
0.25
0.0
0.1
0.5
0.25
0.166666666667
0.0
0.0833333333333
0.111111111111
0.166666666667
0.166666666667
0.0
0.0
0.0
0.0
0.0
0.0
0.0
0.0
0.0
0.0
0.0
0.0
0.0
0.0
0.0
0.0833333333333
0.0
0.0769230769231
0.142857142857
0.1
0.142857142857
0.0909090909091
0.0
0.0
0.111111111111
0.0
0.0833333333333
0.166666666667
0.0833333333333
0.111111111111
0.0833333333333
0.0
0.0
0.125
0.25
0.0
0.0833333333333
0.25
0.25
0.111111111111
0.2
0.0
0.0
0.125
0.142857142857
0.0909090909091
0.0
0.125
0.125
1.0
0.0909090909091
0.0625
0.0
0.0
0.0714285714286
0.0769230769231
0.0769230769231
0.0
0.0
0.0
0.0
0.0
0.0
0.0
0.0
0.0
0.0
0.0
0.0
0.0
0.2
0.0
0.0909090909091
0.125
0.2
0.25
0.166666666667
0.0
0.0
0.1
0.111111111111
0.25
0.0769230769231
0.0
0.2
0.0
0.0909090909091
0.142857142857
0.2
0.2
0.166666666667
0.0
0.0
0.25
0.125
0.25
0.25
0.0
0.2
0.333333333333
0.0
0.0769230769231
0.333333333333
0.333333333333
0.25
0.125
0.0
0.0
0.5
0.111111111111
0.166666666667
0.0666666666667
0.0
0.142857142857
0.166666666667
0.166666666667
0.0
0.1
0.166666666667
0.166666666667
0.166666666667
0.142857142857
0.0
0.0
0.111111111111
0.125
0.2
0.2
0.0
0.166666666667
0.166666666667
0.142857142857
0.0
0.0
0.0
0.0
0.0
0.0
0.0
0.0
0.0
0.0
0.0
0.0
0.0
0.0
0.0
0.0
0.0
0.0
0.1
0.0
0.142857142857
0.2
0.111111111111
0.1
0.0666666666667
0.0
0.0
0.0769230769231
0.0833333333333
0.0833333333333
0.125
0.0
0.0833333333333
0.0909090909091
0.0714285714286
0.1
0.0

Topic 2
Mean 0.170852743513
Median 0.125
Sum 11.2762810719
0.0
0.2
0.0
1.0
0.0
0.166666666667
0.2
0.0
0.2
0.166666666667
0.0666666666667
0.0
0.111111111111
0.0666666666667
0.142857142857
0.125
0.0
0.111111111111
0.125
0.1
0.0769230769231
0.2
0.0
0.166666666667
0.166666666667
0.142857142857
1.0
0.1
0.0
0.0
0.0
0.0
0.0
0.0
0.0
0.0
0.0
0.0
0.0
0.0
0.0
0.0
0.0
0.0
0.0
0.111111111111
0.0
0.1
0.111111111111
0.0909090909091
0.0714285714286
0.166666666667
0.0909090909091
0.0
0.0
0.0
0.0
0.0
0.0
0.0
0.0
0.0
0.0
0.0
0.0
0.0
0.333333333333
0.0
0.2
0.333333333333
0.2
0.0909090909091
0.125
0.25
0.0
0.0
0.111111111111
0.0
0.25
0.0
0.1
0.25
0.1
0.0714285714286
0.142857142857
0.0909090909091
0.0
0.0
0.125
0.0
0.111111111111
0.0
0.0
0.0
0.0
0.0
0.0
0.0
0.0
0.0
0.0
0.0
0.0
0.0
0.0
0.0
0.0
0.0
0.0
0.0
0.0
0.0
0.0
0.0
0.0
0.0
0.0
0.0
0.0
0.0
0.0
0.0
0.0
0.0
0.0
0.0
0.0
0.0
0.0
0.0
0.0
0.0
0.0
0.0
0.0
0.0
0.0
0.0
0.0
0.0
0.0
0.0
0.0
0.0
0.0
0.0
0.0
0.0
0.0
0.0
0.0
0.0
0.0
0.333333333333
0.0
0.2
0.25
0.2
0.0909090909091
0.125
0.2
0.0
0.0
0.111111111111
0.0
0.333333333333
0.0833333333333
0.0
0.0
0.0
0.0
0.0769230769231
0.0
0.142857142857
0.1
0.142857142857
0.0588235294118
0.0833333333333
0.111111111111
0.0
0.0
0.0769230769231
0.0
0.1
0.0833333333333
0.0
0.0
0.0
0.0
0.111111111111

Topic 0
Mean 0.156399093805
Median 0.125
Sum 20.8010794761
0.166666666667
0.1
0.0714285714286
0.166666666667
0.142857142857
0.0909090909091
0.25
0.0909090909091
0.111111111111
0.2
0.0909090909091
0.0666666666667
0.0714285714286
0.2
0.0833333333333
0.333333333333
0.0909090909091
0.333333333333
0.142857142857
0.2
0.0909090909091
0.25
0.1
0.1
0.25
0.25
0.25
0.2
0.333333333333
0.1
0.1
0.2
0.333333333333
0.0909090909091
0.25
0.333333333333
0.0
0.0
0.0
0.0
0.0
0.0
0.0
0.0
0.0
0.142857142857
0.125
0.0909090909091
0.142857142857
0.125
0.1
0.125
0.2
0.142857142857
0.0
0.142857142857
0.0769230769231
0.0833333333333
0.111111111111
0.1
0.0769230769231
0.125
0.1
0.111111111111
0.0
0.1
0.333333333333
0.1
0.1
0.166666666667
0.25
0.0909090909091
0.333333333333
0.25
0.333333333333
0.0
0.166666666667
0.111111111111
0.142857142857
0.0833333333333
0.0909090909091
0.166666666667
0.111111111111
0.0833333333333
0.142857142857
0.111111111111
0.2
0.0
0.111111111111
0.125
0.0
0.125
0.0833333333333
0.0909090909091
0.111111111111
0.111111111111
0.0833333333333
0.125
0.111111111111
0.125
0.0
0.111111111111
0.1
0.0
0.111111111111
0.2
0.166666666667
0.0769230769231
0.166666666667
0.0909090909091
0.0714285714286
0.1
0.111111111111
0.1
0.0
0.142857142857
0.0833333333333
0.0
0.0909090909091
0.0909090909091
0.25
0.1
0.1
0.166666666667
0.5
0.111111111111
0.2
0.25
0.333333333333
0.0
0.166666666667
0.1
0.25
0.125
0.25
0.111111111111
0.2
0.111111111111
0.125
0.25
0.2
0.142857142857
0.2
0.25
0.2
0.0
0.25
0.142857142857
0.166666666667
0.166666666667
0.166666666667
0.125
0.25
0.0
0.0
0.0
0.0
0.0
0.0
0.0
0.0
0.0
0.0
0.0
0.0
0.0
0.0
0.0
0.0
0.0
0.0
0.0
0.0
0.0
0.0
0.0
0.0
0.0
0.0
0.0
0.0
0.0
0.0
0.0
0.0
0.0
0.0
0.0
0.0
0.0

Topic 6
Mean 0.148428647376
Median 0.111111111111
Sum 28.2014430014
0.0909090909091
0.0769230769231
0.111111111111
0.0714285714286
0.0833333333333
0.0714285714286
0.1
0.333333333333
0.1
0.1
0.1
0.111111111111
0.0909090909091
0.125
0.333333333333
0.1
0.333333333333
0.1
0.0909090909091
0.333333333333
0.333333333333
0.0769230769231
0.111111111111
0.0909090909091
0.0714285714286
0.0909090909091
0.0909090909091
0.0833333333333
0.0769230769231
0.111111111111
0.0909090909091
0.0714285714286
0.0909090909091
0.0909090909091
0.0833333333333
0.333333333333
0.0909090909091
0.25
0.0909090909091
0.0833333333333
0.25
0.333333333333
0.25
0.0909090909091
0.0909090909091
0.0909090909091
0.25
0.0909090909091
0.0833333333333
0.5
0.2
0.25
0.0909090909091
0.0909090909091
0.2
0.333333333333
0.125
0.1
0.0909090909091
0.25
0.2
0.25
0.1
0.1
0.2
0.2
0.0909090909091
0.25
0.0909090909091
0.0833333333333
0.25
0.2
0.25
0.0909090909091
0.0909090909091
0.2
0.2
0.25
0.0909090909091
0.142857142857
0.111111111111
0.125
0.142857142857
0.142857142857
0.125
0.2
0.2
0.111111111111
0.0833333333333
0.125
0.111111111111
0.0769230769231
0.0909090909091
0.0769230769231
0.2
0.166666666667
0.142857142857
0.166666666667
0.0769230769231
0.0769230769231
0.166666666667
0.142857142857
0.142857142857
0.142857142857
0.0909090909091
0.0909090909091
0.25
0.0909090909091
0.111111111111
0.5
0.25
0.25
0.0909090909091
0.0909090909091
0.2
0.333333333333
0.2
0.2
0.142857142857
0.2
0.1
0.25
0.1
0.0909090909091
0.5
0.2
0.25
0.1
0.1
0.2
0.333333333333
0.2
0.2
0.125
0.142857142857
0.333333333333
0.0909090909091
0.125
0.166666666667
0.0833333333333
0.125
0.111111111111
0.125
0.1
0.1
0.111111111111
0.0833333333333
0.125
0.125
0.125
0.0909090909091
0.111111111111
0.166666666667
0.0769230769231
0.0909090909091
0.0769230769231
0.0769230769231
0.0909090909091
0.111111111111
0.111111111111
0.0769230769231
0.0769230769231
0.1
0.111111111111
0.1
0.111111111111
0.0909090909091
0.111111111111
0.0909090909091
0.166666666667
0.0909090909091
0.0769230769231
0.166666666667
0.0909090909091
0.0714285714286
0.166666666667
0.142857142857
0.166666666667
0.0909090909091
0.0909090909091
0.25
0.142857142857
0.142857142857
0.142857142857
0.111111111111
0.142857142857
0.2
0.142857142857
0.142857142857
0.166666666667

Topic 5
Mean 0.168012146796
Median 0.111111111111
Sum 9.24066807376
0.0
0.0833333333333
0.0
0.1
0.0
0.166666666667
0.0
0.0
0.0
0.0
0.0714285714286
0.0
0.2
0.142857142857
0.0
0.0
0.0
0.0
0.0
0.0
0.0
0.0769230769231
0.0
1.0
0.166666666667
0.0
0.166666666667
0.0
0.0
0.0
0.0
0.0
0.0
0.0
0.0
0.0
0.0
0.0
0.0
0.0
0.0
0.0
0.0
0.0
0.0
0.0
0.0
0.0
0.0
0.0
0.0
0.0
0.0
0.0
0.0
0.0666666666667
0.0
0.2
0.0909090909091
0.0
0.2
0.0
0.25
0.0
0.0
0.0
0.1
0.0
0.2
0.142857142857
0.0
0.2
0.0
0.25
0.0
0.0
0.0
0.0833333333333
0.0714285714286
0.0
0.5
0.142857142857
0.0
0.111111111111
0.0
0.5
0.0
0.0
0.0
0.0769230769231
0.333333333333
0.0625
0.0
0.0714285714286
0.0909090909091
0.0
0.0909090909091
0.0
0.0833333333333
0.0
0.0
0.0
0.0666666666667
0.111111111111
0.111111111111
0.0769230769231
0.0
0.5
0.142857142857
0.0
0.166666666667
0.0
0.333333333333
0.0
0.0
0.0
0.0588235294118
0.25
0.2
0.0666666666667
0.0
0.0
0.0
0.0
0.0
0.0
0.0
0.0
0.0
0.0
0.0
0.0
0.0
0.0
0.0
0.0
0.0
0.0
0.0
0.0
0.0
0.0
0.0
0.0
0.0
0.0
0.0
0.0
0.0
0.0
0.0
0.0
0.0
0.0833333333333
0.0
0.1
0.111111111111
0.0
0.111111111111
0.0
0.125
0.0
0.0
0.0
0.0769230769231
0.142857142857
0.111111111111
0.0909090909091
0.111111111111
0.0
0.0
0.0
0.0
0.0
0.0
0.0
0.0
0.0
0.0
0.0
0.0
0.0
0.0
0.0
0.0
0.0
0.0
0.0
0.0
0.0

Topic 4
Mean 0.181623539859
Median 0.111111111111
Sum 8.17305929365
0.1
0.166666666667
0.0833333333333
0.166666666667
0.0769230769231
1.0
0.0
0.0
0.0
0.0
0.142857142857
0.0714285714286
0.2
0.166666666667
0.0
0.0
0.0
0.0
0.0
0.0
0.0
0.0
0.0
0.0
0.0
0.0
0.0
0.0
0.0
0.0
0.0
0.0
0.0
0.0
0.0
0.0
0.0
0.0
0.0
0.0
0.0
0.0
0.0
0.0
0.0
0.0
0.0
0.0
0.0
0.0
0.0
0.0
0.0
0.0
0.0
0.0
0.0
0.0
0.0
0.0
0.0
0.0
0.0
0.0
0.0
0.0
0.111111111111
0.0714285714286
0.1
0.111111111111
0.0
0.111111111111
0.0
0.0
0.0
0.0
0.0
0.0
0.0
0.0
0.0
0.0
0.0
0.0
0.0
0.0
0.0
0.0
0.0
0.0
0.0
0.111111111111
0.0833333333333
0.1
0.125
0.0
0.111111111111
0.0
0.0
0.0
0.0
0.0
0.0
0.111111111111
0.0
0.142857142857
0.0833333333333
0.333333333333
0.25
0.0
0.2
0.0
0.0
0.0
0.0
0.0
0.0
0.125
0.0
0.2
0.0833333333333
0.0588235294118
0.0769230769231
0.0833333333333
0.0
0.0833333333333
0.0
0.0
0.0
0.0
0.0
0.0
0.125
0.0
0.0833333333333
0.0909090909091
0.0
0.0
0.0
0.0
0.0
0.0
0.0
0.0
0.0
0.0
0.0
0.0
0.0
0.0
0.0
0.0
0.0
0.0
0.0
0.0
0.0
0.0
0.0
0.0
0.0
0.0
0.0
0.0
0.0
0.0
0.0
0.0
0.0
0.0
0.0
0.333333333333
0.0833333333333
0.5
1.0
0.0
0.2
0.0
0.0
0.0
0.0
0.0
0.0
0.166666666667
0.0
0.125
0.333333333333
0.0909090909091
0.0
0.0

Topic 3
Mean 0.126737142745
Median 0.1
Sum 9.50528570587
0.0
0.1
0.0
0.1
0.0
0.0769230769231
0.2
0.0
0.1
0.0769230769231
0.0
0.0
0.0
0.0
0.0
0.0
0.0
0.0
0.0
0.0
0.0
0.0
0.0
0.0
0.0
0.0
0.0
0.0
0.0
0.0
0.0
0.0
0.0
0.0
0.0
0.0
0.1
0.0
0.2
0.0769230769231
0.0909090909091
0.0
0.0
0.0
0.0
0.142857142857
0.0
0.1
0.0769230769231
0.0909090909091
0.0
0.0
0.0
0.0
0.1
0.1
0.0
0.0769230769231
0.0588235294118
0.0769230769231
0.0
0.0
0.0
0.0
0.0769230769231
0.0909090909091
0.2
0.0
0.1
0.0769230769231
0.2
0.0
0.0
0.0
0.0
0.25
0.125
0.25
0.166666666667
0.0
0.0909090909091
0.0714285714286
0.166666666667
0.0
0.0
0.0
0.0
0.2
0.111111111111
0.2
0.25
0.0
0.0
0.0
0.0
0.0
0.0
0.0
0.0
0.0
0.0
0.0
0.0
0.0
0.0
0.25
0.0
0.142857142857
0.1
0.25
0.0
0.0
0.0
0.0
0.333333333333
0.142857142857
0.333333333333
0.25
0.2
0.0
0.0
0.0
0.0
0.0
0.0
0.0
0.0
0.0
0.0
0.0
0.0
0.0
0.0
0.0
0.0
0.0
0.0909090909091
0.0
0.0909090909091
0.0625
0.0714285714286
0.0
0.0
0.0
0.0
0.0769230769231
0.142857142857
0.0714285714286
0.0666666666667
0.0
0.0
0.111111111111
0.0
0.142857142857
0.0
0.2
0.0769230769231
0.1
0.0
0.0
0.0
0.0
0.2
0.125
0.125
0.0769230769231
0.0
0.0
0.166666666667
0.0
0.0909090909091
0.1
0.0
0.0769230769231
0.142857142857
0.0555555555556
0.0
0.0
0.0
0.0
0.0769230769231
0.0714285714286
0.0588235294118
0.0526315789474
0.0
0.0
0.0714285714286
0.0
0.0588235294118
0.0769230769231

Topic 9
Mean 0.1158883342
Median 0.0909090909091
Sum 15.7608134513
0.0
0.0
0.0833333333333
0.0
0.0
0.0
0.0
0.1
0.0769230769231
0.0
0.0
0.0625
0.0588235294118
0.0
0.0588235294118
0.0
0.142857142857
0.142857142857
0.0
0.1
0.0909090909091
0.0
0.0
0.0
0.0
0.0
0.0
0.0
0.0
0.1
0.125
0.0
0.0909090909091
0.0666666666667
0.25
0.0
0.0
0.125
0.142857142857
0.0
0.0909090909091
0.0666666666667
0.111111111111
0.0
0.25
0.0
0.0909090909091
0.125
0.0
0.0833333333333
0.0714285714286
0.2
0.0
0.166666666667
0.2
0.0
0.0625
0.0625
0.0
0.0588235294118
0.2
0.0909090909091
0.0
0.0666666666667
0.0666666666667
0.0714285714286
0.0
0.0833333333333
0.0769230769231
0.0
0.0769230769231
0.0588235294118
0.0909090909091
0.0
0.0909090909091
0.0909090909091
0.0833333333333
0.0588235294118
0.0
0.0714285714286
0.0666666666667
0.0
0.0666666666667
0.0666666666667
0.0909090909091
0.0
0.0769230769231
0.0769230769231
0.0714285714286
0.0666666666667
0.0666666666667
0.0
0.0714285714286
0.0666666666667
0.0
0.0666666666667
0.0769230769231
0.142857142857
0.0
0.142857142857
0.0769230769231
0.0714285714286
0.0769230769231
0.0666666666667
0.0833333333333
0.0
0.111111111111
0.142857142857
0.0
0.1
0.0909090909091
0.333333333333
0.0
0.25
0.333333333333
0.2
0.0909090909091
0.2
0.0909090909091
0.111111111111
0.0
0.25
0.142857142857
0.0
0.1
0.0714285714286
0.2
0.0
0.2
0.25
0.166666666667
0.0769230769231
0.1
0.0833333333333
0.166666666667
0.25
0.0
0.0833333333333
0.125
0.0
0.0909090909091
0.0769230769231
0.333333333333
0.0
0.2
0.25
0.166666666667
0.0714285714286
0.0909090909091
0.0833333333333
0.111111111111
0.25
0.2
0.0
0.125
0.142857142857
0.0
0.0909090909091
0.0666666666667
0.111111111111
0.0
0.111111111111
0.142857142857
0.2
0.0666666666667
0.111111111111
0.0769230769231
0.0769230769231
0.111111111111
0.25
0.0833333333333
0.0
0.1
0.0769230769231
0.0
0.0909090909091
0.0714285714286
0.1
0.0
0.0909090909091
0.0909090909091
0.0833333333333
0.0714285714286
0.0769230769231
0.0833333333333
0.0833333333333
0.1
0.1
0.111111111111
0.0909090909091

Topic 7
Mean 0.112082948246
Median 0.0909090909091
Sum 7.39747458424
0.0
0.0833333333333
0.0
0.0
0.0
0.0
0.0
0.0
0.0
0.0
0.0769230769231
0.0
0.125
0.0
0.0
0.0588235294118
0.0
0.0714285714286
0.0
0.0
0.0666666666667
0.0909090909091
0.0
0.111111111111
0.0
0.0
0.1
0.142857142857
0.0
0.0
0.0
0.0
0.0
0.0
0.0
0.0
0.0
0.0
0.0
0.0
0.0
0.0
0.0
0.0
0.0
0.0714285714286
0.0
0.111111111111
0.0
0.0
0.1
0.0714285714286
0.2
0.0
0.0
0.0
0.0
0.0
0.0
0.0
0.0
0.0
0.0
0.0
0.0
0.0
0.0666666666667
0.0
0.1
0.0
0.0
0.2
0.0588235294118
0.0833333333333
0.0
0.0
0.0666666666667
0.0
0.0833333333333
0.0
0.125
0.0
0.0
0.125
0.0769230769231
0.25
0.0
0.0
0.25
0.0
0.1
0.0666666666667
0.0
0.1
0.0
0.0
0.111111111111
0.0588235294118
0.0833333333333
0.0
0.0
0.0666666666667
0.0
0.0909090909091
0.166666666667
0.0909090909091
0.0
0.0909090909091
0.0
0.0
0.0833333333333
0.0714285714286
0.142857142857
0.0
0.0
0.0833333333333
0.0
0.0714285714286
0.1
0.0714285714286
0.0
0.0
0.0
0.0
0.0
0.0
0.0
0.0
0.0
0.0
0.0
0.0
0.0
0.0
0.0
0.0
0.0909090909091
0.0
0.142857142857
0.0
0.0
0.125
0.0833333333333
0.333333333333
0.0
0.0
0.2
0.0
0.1
0.25
0.1
0.333333333333
0.0
0.0
0.0
0.0
0.0
0.0
0.0
0.0
0.0
0.0
0.0
0.0
0.0
0.0
0.0
0.0
0.0
0.0
0.0
0.0714285714286
0.0
0.1
0.0
0.0
0.0909090909091
0.0714285714286
0.1
0.0
0.0
0.142857142857
0.0
0.0769230769231
0.0833333333333
0.0769230769231
0.0833333333333
0.0
0.125
0.0

