Topic 2
Mean 0.322222222222
Median 0.2
Sum 1.93333333333
0.0
0.2
0.0
1.0
0.0
0.166666666667
0.2
0.0
0.2
0.166666666667

Topic 1
Mean 0.243253968254
Median 0.2
Sum 1.45952380952
0.0
0.0
0.2
0.0
0.5
0.142857142857
0.0
0.2
0.25
0.166666666667

Topic 8
Mean 0.281216931217
Median 0.154761904762
Sum 1.6873015873
0.0
0.1
0.0
0.166666666667
0.0
0.142857142857
1.0
0.0
0.111111111111
0.166666666667

Topic 4
Mean 0.265598290598
Median 0.133333333334
Sum 1.59358974359
0.1
0.166666666667
0.0833333333333
0.166666666667
0.0769230769231
1.0
0.0
0.0
0.0
0.0

Topic 0
Mean 0.139054834055
Median 0.126984126984
Sum 1.39054834055
0.166666666667
0.1
0.0714285714286
0.166666666667
0.142857142857
0.0909090909091
0.25
0.0909090909091
0.111111111111
0.2

Topic 5
Mean 0.116666666667
Median 0.1
Sum 0.35
0.0
0.0833333333333
0.0
0.1
0.0
0.166666666667
0.0
0.0
0.0
0.0

Topic 3
Mean 0.108974358974
Median 0.1
Sum 0.653846153846
0.0
0.1
0.0
0.1
0.0
0.0769230769231
0.2
0.0
0.1
0.0769230769231

Topic 6
Mean 0.113846708847
Median 0.0954545454546
Sum 1.13846708847
0.0909090909091
0.0769230769231
0.111111111111
0.0714285714286
0.0833333333333
0.0714285714286
0.1
0.333333333333
0.1
0.1

Topic 9
Mean 0.0867521367521
Median 0.0833333333333
Sum 0.260256410256
0.0
0.0
0.0833333333333
0.0
0.0
0.0
0.0
0.1
0.0769230769231
0.0

Topic 7
Mean 0.0833333333333
Median 0.0833333333333
Sum 0.0833333333333
0.0
0.0833333333333
0.0
0.0
0.0
0.0
0.0
0.0
0.0
0.0

