Topic 5
Mean 1e+299
Median 0.13069090724
Sum 1e+300
0.0
0.113856301836
0.0
0.15313581916
0.0
0.361345529261
0.0
0.0
0.0
0.0
0.0949722275675
0.0
0.13069090724
0.111210893225
0.0
0.0
0.0
0.0
0.0
0.0
0.0
0.103808387804
0.0
1e+300
0.361345529261
0.0
0.13069090724
0.0
0.0
0.0
0.0
0.0
0.0
0.0
0.0
0.0
0.0
0.0
0.0
0.0
0.0
0.0
0.0
0.0
0.0

Topic 4
Mean 1e+299
Median 0.13069090724
Sum 1e+300
0.15313581916
0.361345529261
0.113856301836
0.361345529261
0.103808387804
1e+300
0.0
0.0
0.0
0.0
0.111210893225
0.0949722275675
0.13069090724
0.13069090724
0.0
0.0
0.0
0.0
0.0
0.0
0.0
0.0
0.0
0.0
0.0
0.0
0.0
0.0
0.0
0.0
0.0
0.0
0.0
0.0
0.0
0.0
0.0
0.0
0.0
0.0
0.0
0.0
0.0
0.0
0.0

Topic 2
Mean 9.52380952381e+298
Median 0.0802551206228
Sum 2e+300
0.0
0.0651359410364
0.0
1e+300
0.0
0.079655743798
0.134172029144
0.0
0.0797994304348
0.141708858902
0.0749626225333
0.0
0.0619297073509
0.0772583477496
0.08186475339
0.0993012210965
0.0
0.055263619373
0.103370143668
0.0705917339005
0.0621791502293
0.0802551206228
0.0
0.122497279408
0.103500602775
0.0885650095165
1e+300
0.0657771665631
0.0
0.0
0.0
0.0
0.0
0.0
0.0
0.0
0.0
0.0
0.0
0.0
0.0
0.0
0.0
0.0
0.0

Topic 8
Mean 4.7619047619e+298
Median 0.093018156966
Sum 1e+300
0.0
0.067384834998
0.0
0.144216593258
0.0
0.0982203439277
1e+300
0.0
0.103484874448
0.144216593258
0.15500448633
0.0
0.093018156966
2.21446693948
0.260301330029
0.0702710880763
0.0
0.0665867853255
0.0690755650989
0.0702710880763
0.0928549453418
0.0
0.0
0.0
0.0
0.0
0.0
0.0
0.0
0.0
0.0
0.0
0.0
0.0
0.0
0.0
0.0602098581729
0.0
0.0748833582937
0.127252640734
0.0689771522997
0.120337536675
0.0712637283445
0.0
0.0

Topic 1
Mean 0.402084934719
Median 0.114241789638
Sum 14.4750576499
0.0
0.0
0.135719953224
0.0
0.960809756923
0.1090580588
0.0
0.132739256821
0.255835232606
0.112016200266
0.0
0.0809589644521
0.0774271188119
0.0746674010842
0.111029619281
0.0
0.377556215591
0.11646737901
0.100678451539
0.124579490176
0.0779746129547
0.0
0.0806587214308
0.0803422675538
0.0704013906439
0.0904214846421
0.0644132183361
0.0672160468312
0.0
1.60789140075
0.144680887316
0.155184357813
0.168078318373
0.0784763591299
0.147013532479
0.0714821586711
0.0
5.43652622944
0.139372624868
0.345645758979
0.257081642883
0.0775408955588
0.188444118025
0.0735195262392
2.28314899838

Topic 0
Mean 0.158167662907
Median 0.111078762309
Sum 5.69403586464
0.0793107509609
0.0881991779033
0.0831601684652
0.098022549812
0.103436460253
0.100253434223
0.127270443773
0.0909746608755
0.162308629553
0.135719953224
0.0681934043934
0.0651415370768
0.0916006764729
0.415546360408
0.0785084250497
0.287359531031
0.0724696861321
0.455308262033
0.112354294005
0.160390976816
0.0787970194857
0.134662533207
0.0846715254885
0.125124139901
0.372038232479
0.182990535071
0.513772822548
0.195701632335
0.109803230613
0.0698408179909
0.101173244135
0.11646737901
0.377556215591
0.07569887052
0.12707852352
0.153129760281
0.0
0.0
0.0
0.0
0.0
0.0
0.0
0.0
0.0

Topic 6
Mean 0.118977596984
Median 0.0896918358013
Sum 5.3539918643
0.103115905788
0.113648927337
0.128396368257
0.0855151407707
0.072458983703
0.0775066815701
0.0900616451652
0.0756968956325
0.0812229997709
0.0760267370044
0.125124139901
0.0751571670616
0.0806019143723
0.0812319101003
0.548398363257
0.105597894517
0.0700318442852
0.074736065831
0.0741976301336
0.1247006703
0.303164406926
0.110238128954
0.113859207126
0.126839505181
0.0759050280879
0.0794658117931
0.0788712106104
0.0732457727956
0.109888245439
0.113485999208
0.126376526109
0.0757389813252
0.0792838394423
0.078691948208
0.0730911449382
0.304224688014
0.166113884827
0.0878948881885
0.0954341608056
0.0892870871164
0.0912137928557
0.362772244743
0.0896918358013
0.0930174365576
0.092768204487

Topic 9
Mean 0.102296862892
Median 0.085111377108
Sum 2.14823412074
0.0
0.0
0.0637284316286
0.0
0.0
0.0
0.0
0.12969603632
0.0751726384106
0.0
0.0
0.0707304547863
0.057269590672
0.0
0.085111377108
0.0
0.120337536675
0.104683845174
0.0
0.125124139901
0.0808674942565
0.0
0.0
0.0
0.0
0.0
0.0
0.0
0.0
0.0776264743472
0.109703695639
0.0
0.0952986131872
0.0904827644571
0.364515545688
0.0
0.0
0.103187189707
0.0648938189337
0.0
0.103115905788
0.0721688896267
0.0751571670616
0.0
0.079362511374

Topic 3
Mean 0.0760913329798
Median 0.0686389134188
Sum 0.760913329798
0.0
0.0751682770728
0.0
0.11440018069
0.0
0.102558745097
0.0634812156636
0.0
0.0674854226629
0.0697924041746
0.0
0.0
0.0
0.0
0.0
0.0
0.0
0.0
0.0
0.0
0.0
0.0
0.0
0.0
0.0
0.0
0.0
0.0
0.0
0.0
0.0
0.0
0.0
0.0
0.0
0.0
0.0624161136567
0.0
0.0655726138579
0.0851828876093
0.0548554693136
0.0
0.0
0.0
0.0

Topic 7
Mean 0.0666166633515
Median 0.0689662821756
Sum 0.666166633515
0.0
0.0619152594096
0.0
0.0
0.0
0.0
0.0
0.0
0.0
0.0
0.0728197110661
0.0
0.0762973964218
0.0
0.0
0.0702547732203
0.0
0.0601417264462
0.0
0.0
0.0703787753945
0.070622889299
0.0
0.0539769011189
0.0
0.0
0.0620814100072
0.0676777911309
0.0
0.0
0.0
0.0
0.0
0.0
0.0
0.0
0.0
0.0
0.0
0.0
0.0
0.0
0.0
0.0
0.0

