Topic 4
Mean 4.44444444444e+298
Median 0.106404572337
Sum 2e+300
0.15313581916
0.361345529261
0.113856301836
0.361345529261
0.103808387804
1e+300
0.0
0.0
0.0
0.0
0.111210893225
0.0949722275675
0.13069090724
0.13069090724
0.0
0.0
0.0
0.0
0.0
0.0
0.0
0.0
0.0
0.0
0.0
0.0
0.0
0.0
0.0
0.0
0.0
0.0
0.0
0.0
0.0
0.0
0.0
0.0
0.0
0.0
0.0
0.0
0.0
0.0
0.0
0.0
0.0
0.0
0.0
0.0
0.0
0.0
0.0
0.0
0.0
0.0
0.0
0.0
0.0
0.0
0.0
0.0
0.0
0.0
0.0
0.0
0.0855645121989
0.100256925606
0.0966481921521
0.0966481921521
0.0
0.0889437094431
0.0
0.0
0.0
0.0
0.0
0.0
0.0
0.0
0.0
0.0
0.0
0.0
0.0
0.0
0.0
0.0
0.0
0.0
0.0
0.121444604229
0.153506376924
0.0876244167895
0.127325726733
0.0
0.0812439741076
0.0
0.0
0.0
0.0
0.0
0.0
0.0850804281107
0.0
0.142574956943
0.0982489812102
0.106116564926
0.150749529497
0.0
0.0864918535849
0.0
0.0
0.0
0.0
0.0
0.0
0.106029932722
0.0
0.192260642209
0.0895419025333
0.10576145262
0.101753492249
0.101753492249
0.0
0.0932493655636
0.0
0.0
0.0
0.0
0.0
0.0
0.198428565604
0.0
0.0890119073929
0.0884350258837
0.0
0.0
0.0
0.0
0.0
0.0
0.0
0.0
0.0
0.0
0.0
0.0
0.0
0.0
0.0
0.0
0.0
0.0
0.0
0.0
0.0
0.0
0.0
0.0
0.0
0.0
0.0
0.0
0.0
0.0
0.0
0.0
0.0
0.0
0.0
0.427742685891
0.108653693053
2.32785430981
1e+300
0.0
0.138464618206
0.0
0.0
0.0
0.0
0.0
0.0
0.100834660167
0.0
0.127325726733
0.150749529497
0.106404572337
0.0
0.0

Topic 2
Mean 3.0303030303e+298
Median 0.0736174035012
Sum 2e+300
0.0
0.0651359410364
0.0
1e+300
0.0
0.079655743798
0.134172029144
0.0
0.0797994304348
0.141708858902
0.0749626225333
0.0
0.0619297073509
0.0772583477496
0.08186475339
0.0993012210965
0.0
0.055263619373
0.103370143668
0.0705917339005
0.0621791502293
0.0802551206228
0.0
0.122497279408
0.103500602775
0.0885650095165
1e+300
0.0657771665631
0.0
0.0
0.0
0.0
0.0
0.0
0.0
0.0
0.0
0.0
0.0
0.0
0.0
0.0
0.0
0.0
0.0
0.0960054981956
0.0
0.0542276191308
0.0998036493478
0.0598545310802
0.0608707121927
0.0759956380988
0.0643147017792
0.0
0.0
0.0
0.0
0.0
0.0
0.0
0.0
0.0
0.0
0.0
0.0
0.0
0.0776585242239
0.0
0.0677800565052
15.2517179494
0.0991450532074
0.0626051344951
0.0640226739818
0.112584135066
0.0
0.0
0.0626363640215
0.0
0.469254295438
0.0
0.0597770617038
0.469254295438
0.0666879607808
0.0679518660599
0.0873615190713
0.0722721844692
0.0
0.0
0.0848004669568
0.0
0.0701596624799
0.0
0.0
0.0
0.0
0.0
0.0
0.0
0.0
0.0
0.0
0.0
0.0
0.0
0.0
0.0
0.0
0.0
0.0
0.0
0.0
0.0
0.0
0.0
0.0
0.0
0.0
0.0
0.0
0.0
0.0
0.0
0.0
0.0
0.0
0.0
0.0
0.0
0.0
0.0
0.0
0.0
0.0
0.0
0.0
0.0
0.0
0.0
0.0
0.0
0.0
0.0
0.0
0.0
0.0
0.0
0.0
0.0
0.0
0.0
0.0
0.0
0.0
0.0707056122704
0.0
0.0633666215413
0.0881471659444
0.100563474121
0.0558216540981
0.0592216076017
0.0775859231693
0.0
0.0
0.058033491484
0.0
0.086139422514
0.0644352040191
0.0
0.0
0.0
0.0
0.0697950628306
0.0
0.0626343068112
0.0867364648197
0.0929193412322
0.0552525652322
0.0585814815754
0.0764909140791
0.0
0.0
0.0574186591652
0.0
0.0616942872549
0.0636781298135
0.0
0.0
0.0
0.0
0.067767514216

Topic 8
Mean 1.90476190476e+298
Median 0.0883030092214
Sum 2e+300
0.0
0.067384834998
0.0
0.144216593258
0.0
0.0982203439277
1e+300
0.0
0.103484874448
0.144216593258
0.15500448633
0.0
0.093018156966
2.21446693948
0.260301330029
0.0702710880763
0.0
0.0665867853255
0.0690755650989
0.0702710880763
0.0928549453418
0.0
0.0
0.0
0.0
0.0
0.0
0.0
0.0
0.0
0.0
0.0
0.0
0.0
0.0
0.0
0.0602098581729
0.0
0.0748833582937
0.127252640734
0.0689771522997
0.120337536675
0.0712637283445
0.0
0.0
0.0591496243543
0.0
0.0732503916194
0.08087369879
0.067589231053
0.0720204330614
0.0697832509001
0.0
0.0
0.0973650776433
0.0612490620693
0.0
0.0764975934649
0.232206942575
0.0703444684149
0.0751571670616
0.0727241590913
0.0
0.0
0.103187189707
0.100111848394
0.062564181121
0.0
0.103484874448
0.0883030092214
1e+300
0.0840757115455
0.0618756473816
0.0
0.0
0.0689771522997
0.067589231053
0.0703444684149
0.0
0.0
0.0
0.0
0.0
0.0
0.0
0.0
0.0
0.0
0.0
0.0
0.0
0.110263722978
0.0
0.106145497065
0.108686421935
0.110263722978
0.364515545688
0.140933494344
0.0
0.0
0.0776264743472
0.0758730798748
0.079362511374
0.094656785093
0.0
0.0783909017672
0.0
0.0823812988886
0.0808678197862
0.0783909017672
0.137373038828
0.0815493273618
0.0
0.0
0.314962172734
0.0946143249017
0.100102839892
0.0752891320732
0.0
0.158113857262
0.140933813853
0.0
0.070257301937
0.717758243508
0.196053920401
0.542063382447
0.0670615337458
0.0
0.0
0.922946090044
0.0880738352805
0.0928107636328
0.0650328329312
0.0
0.104339084726
0.234826048567
0.0591995809733
0.0
0.0784928966485
0.104367442048
0.0969007143824
0.114863960679
0.0698527945366
0.0
0.0
0.07903934568
0.0772222906749
0.0808398855645
0.0720281619754
0.0
0.120499202248
0.1155418167
0.10035236694
0.0
0.0
0.0
0.0
0.0
0.0
0.0
0.0
0.0
0.0
0.0
0.0
0.0
0.0
0.0
0.0
0.0
0.0
0.0775047814267
0.0
0.113611271827
0.138022086961
0.100549040555
0.103690079949
0.0764509022658
0.0
0.0
0.0875933065388
0.0853672096399
0.0898101240146
0.100549040555
0.0
0.120047376555
0.0905166515835
0.0813293014568
0.085844130401
0.0

Topic 5
Mean 1.81818181818e+298
Median 0.100439079942
Sum 1e+300
0.0
0.113856301836
0.0
0.15313581916
0.0
0.361345529261
0.0
0.0
0.0
0.0
0.0949722275675
0.0
0.13069090724
0.111210893225
0.0
0.0
0.0
0.0
0.0
0.0
0.0
0.103808387804
0.0
1e+300
0.361345529261
0.0
0.13069090724
0.0
0.0
0.0
0.0
0.0
0.0
0.0
0.0
0.0
0.0
0.0
0.0
0.0
0.0
0.0
0.0
0.0
0.0
0.0
0.0
0.0
0.0
0.0
0.0
0.0
0.0
0.0
0.0
0.108934995843
0.0
0.0971125457348
0.084365123755
0.0
0.074241843944
0.0
0.0795340449683
0.0
0.0
0.0
0.11797228833
0.0
0.177755885838
0.097356369034
0.0
0.100388105771
0.0
0.103150250886
0.0
0.0
0.0
0.0883200921352
0.0859098603647
0.0
0.498262448188
0.20945001998
0.0
0.10353450035
0.0
0.498262448188
0.0
0.0
0.0
0.0685861344428
0.0906222984806
0.100276280295
0.0
0.0966661784547
0.0855786093876
0.0
0.0889589421982
0.0
0.0966661784547
0.0
0.0
0.0
0.077444054036
0.0883527364317
0.100439079942
0.0866951178454
0.0
4.93705469697
0.207344868089
0.0
0.104677145527
0.0
0.502649045767
0.0
0.0
0.0
0.0690857074488
0.163763354036
0.302338825014
0.0816565047899
0.0
0.0
0.0
0.0
0.0
0.0
0.0
0.0
0.0
0.0
0.0
0.0
0.0
0.0
0.0
0.0
0.0
0.0
0.0
0.0
0.0
0.0
0.0
0.0
0.0
0.0
0.0
0.0
0.0
0.0
0.0
0.0
0.0
0.153506376924
0.0
0.0876244167895
0.121444604229
0.0
0.0812439741076
0.0
0.127325726733
0.0
0.0
0.0
0.071530699521
0.135496935644
0.0745194320618
0.0850943662271
0.0751095504217
0.0
0.0
0.0
0.0
0.0
0.0
0.0
0.0
0.0
0.0
0.0
0.0
0.0
0.0
0.0
0.0
0.0
0.0
0.0
0.0
0.0

Topic 1
Mean 0.195667954464
Median 0.107761424924
Sum 29.937197033
0.0
0.0
0.135719953224
0.0
0.960809756923
0.1090580588
0.0
0.132739256821
0.255835232606
0.112016200266
0.0
0.0809589644521
0.0774271188119
0.0746674010842
0.111029619281
0.0
0.377556215591
0.11646737901
0.100678451539
0.124579490176
0.0779746129547
0.0
0.0806587214308
0.0803422675538
0.0704013906439
0.0904214846421
0.0644132183361
0.0672160468312
0.0
1.60789140075
0.144680887316
0.155184357813
0.168078318373
0.0784763591299
0.147013532479
0.0714821586711
0.0
5.43652622944
0.139372624868
0.345645758979
0.257081642883
0.0775408955588
0.188444118025
0.0735195262392
2.28314899838
0.0
0.112815348548
0.0761037740211
0.0734359603001
0.108328429993
0.0730106479104
0.0949622870406
0.0634947034125
0.139632681205
0.0762136920156
0.0
0.107761424924
0.125699870901
0.0902029816577
0.113793088287
0.0754527624232
0.0793275485547
0.0854264720192
0.0919849135015
0.106870208375
0.0741954985939
0.0
0.199247654333
0.0854114061141
0.124658500632
0.138567753423
0.069428534959
0.15483721558
0.0607680624153
0.145469900468
0.148183439307
0.068362601
0.0704991209752
0.0
0.0
0.0
0.0
0.0
0.0
0.0
0.0
0.0
0.0
0.0
0.0
0.0
0.0
0.280604645486
0.149137388602
0.118231943945
0.145546007512
0.0663548821672
0.145206914861
0.0584003195532
0.0831316133016
0.139339397317
0.0928544986087
0.0673321080411
0.152595749871
0.0
0.0
0.096828046715
0.207582558434
0.107126058976
0.409652253483
0.087353787641
0.0925897077651
0.0740718060616
0.145810811525
0.175212995051
0.0856730509045
0.0890553250317
0.0807823002619
0.0
0.0793419669181
0.0
0.200567595059
0.372508380655
0.147227706529
0.580602843834
0.22893329426
0.120307221617
0.134915167563
0.236559873682
0.200457357861
0.108885036778
0.232888069893
0.101105428186
0.0
0.0947162790642
0.380091940739
0.0
0.0958472860357
0.157934960332
0.0847264360093
0.150089982322
0.0638191598517
0.0858277347379
0.217059741991
0.0987490423524
0.100715946925
0.112776446271
0.0892564949729
0.0697286761326
0.0
0.10235019655
0.117921827809
0.128841952511
0.0
0.118695260258
0.0900385978392
0.106327368134
0.107766626357
0.0727550207586
0.184233537626
0.0958942413512
0.117303573542
0.174889683414
0.150191829522
0.0950907820857
0.196292757111
0.0
0.685480364853
0.11155786045
0.160710773462
0.0977484423866
0.0
0.0784388748507
0.140936558376
0.0717134234513
0.104621431624
0.180140196254
0.0747587965859
0.0622028679704
0.246634654138
0.115458595434
0.0701838228386
0.0724375720241
0.0811991918836
0.0
0.0824588819282
0.0833377372176
0.203262362164
0.0646328980654
0.0853700977222

Topic 0
Mean 0.168139717832
Median 0.0999050963722
Sum 21.5218838825
0.0793107509609
0.0881991779033
0.0831601684652
0.098022549812
0.103436460253
0.100253434223
0.127270443773
0.0909746608755
0.162308629553
0.135719953224
0.0681934043934
0.0651415370768
0.0916006764729
0.415546360408
0.0785084250497
0.287359531031
0.0724696861321
0.455308262033
0.112354294005
0.160390976816
0.0787970194857
0.134662533207
0.0846715254885
0.125124139901
0.372038232479
0.182990535071
0.513772822548
0.195701632335
0.109803230613
0.0698408179909
0.101173244135
0.11646737901
0.377556215591
0.07569887052
0.12707852352
0.153129760281
0.0
0.0
0.0
0.0
0.0
0.0
0.0
0.0
0.0
0.078684884635
0.0768483723112
0.0882421598575
0.13012172387
0.101994566947
0.0955671849667
0.0988611998541
0.0930642194054
0.0871771339651
0.0
0.0995567585214
0.0618784655101
0.0852771353709
0.102365513765
0.0738170311266
0.0664333822623
0.098339263536
0.0652141359522
0.0713278997934
0.0
0.0910440811445
0.133085464009
0.0
0.0
0.0843373696647
0.0849820745472
0.0
0.192388439101
0.199700164773
0.18960306533
0.0
0.0
0.0
0.103678019252
0.0683098612857
0.0979917907898
0.156163958703
0.120293558582
0.0739036190367
0.113204050511
0.107170694885
0.191989631011
0.0
0.131262852238
0.103070418727
0.0
0.080342466567
0.0707610759361
0.103115905788
0.0827691497116
0.0868179043966
0.0767811763346
0.0871709599322
0.0751571670616
0.0833951033902
0.0
0.0744073799476
0.0722880334135
0.0
0.0812214929664
0.0841347084409
0.100843261818
0.0884794631992
0.111796286331
0.0973791207538
0.0683608381609
0.0764763192149
0.0901923413275
0.0735545906549
0.0
0.0813689021999
0.064776148506
0.0
0.0718584654424
0.0745760354636
0.140361053984
0.0903386605279
0.131427973318
0.139372624868
5.43652622944
0.123194591502
0.130167772649
0.542063382447
0.188444118025
0.0
0.108098358786
0.0882251426027
0.0773454529802
0.125482344554
0.0828991811406
0.0966507802302
0.109455223246
0.0952363428799
0.164854506957
0.255835232606
0.132739256821
0.206143272741
0.14662745945
0.194839842017
0.124579490176
0.0
0.178162681211
0.0980230876416
0.148860635339
0.115205488436
0.122353636917
0.102278109316
0.257081642883
0.0
0.0
0.0
0.0
0.0
0.0
0.0
0.0
0.0
0.0
0.0
0.0
0.0
0.0
0.0
0.0
0.0
0.0
0.0
0.0
0.0
0.0
0.0
0.0
0.0
0.0
0.0
0.0
0.0
0.0
0.0
0.0
0.0
0.0
0.0
0.0
0.0

Topic 6
Mean 0.1283307953
Median 0.0923193818853
Sum 24.382851107
0.103115905788
0.113648927337
0.128396368257
0.0855151407707
0.072458983703
0.0775066815701
0.0900616451652
0.0756968956325
0.0812229997709
0.0760267370044
0.125124139901
0.0751571670616
0.0806019143723
0.0812319101003
0.548398363257
0.105597894517
0.0700318442852
0.074736065831
0.0741976301336
0.1247006703
0.303164406926
0.110238128954
0.113859207126
0.126839505181
0.0759050280879
0.0794658117931
0.0788712106104
0.0732457727956
0.109888245439
0.113485999208
0.126376526109
0.0757389813252
0.0792838394423
0.078691948208
0.0730911449382
0.304224688014
0.166113884827
0.0878948881885
0.0954341608056
0.0892870871164
0.0912137928557
0.362772244743
0.0896918358013
0.0930174365576
0.092768204487
0.0907285866994
0.0761674951583
0.081765063748
0.0867686037656
0.884471319885
0.147203044744
0.0793562192555
0.0799846004195
0.0798002470739
0.123064981611
0.455308262033
0.0871709599322
0.0945813173924
0.0742516122661
0.140116643247
0.195701632335
0.152071738608
0.0922070567555
0.0919621427341
0.128306263665
0.0821115405643
0.138188206368
0.0803209988703
0.0865707426728
0.0849587144336
0.090437504547
0.127614001643
0.0990143803844
0.0845773893124
0.0843712839262
0.11215906855
0.0975442885101
0.228454695008
0.109416404781
0.112982827278
0.12575286883
0.0755145354154
0.121119087766
0.131273089614
0.0728820963197
0.200497317436
0.199342934704
0.0924317070152
0.0795511249817
0.0916314570794
0.0840928543075
0.0894009576018
0.0752296115647
0.0806852413589
0.162401142049
0.0878389773795
0.106974662674
0.117770870019
0.07895099581
0.0787713709577
0.665655522087
0.117000091471
0.0788730020506
0.0937674093708
0.0785286216167
0.0952986131872
0.079362511374
0.0854583260405
0.0909392360558
1.0871039028
0.364515545688
0.120387923985
0.0835152970272
0.0833143293833
0.131626816734
0.438832688855
0.0819934842905
0.102846787143
0.138685353702
0.136509839505
0.0904325815141
0.0759587685417
0.0815245795238
0.0786153378196
0.455475002602
0.126928324311
0.0979587527747
0.0797544606855
0.0795711654781
0.107284090302
0.300649787208
0.100928258611
0.290550585036
0.0793234694166
0.102645587188
0.299073106363
0.0942361191347
0.104155843813
0.141162416779
0.067959118996
0.070799473124
0.0703271059506
0.065819629804
0.103128992515
0.102822718421
0.0813600574599
0.0712109834637
0.0807393930983
0.108566484272
0.102409489258
0.070390534273
0.0739961028864
0.104360717979
0.0987501448488
0.081741800058
0.0882235246223
0.094077015193
0.0863110712083
0.100888569888
0.0839612853763
0.0861542413793
0.085940388853
0.109858253613
0.109758405813
0.0840304158776
0.125261445459
0.0856515244065
0.104999528964
0.116517969909
0.11176168185
0.0760603159014
0.123748120969
0.0894899797135
0.0973175611941
0.0754102759672
0.0831092273618
0.0852338467588
0.109421705219
0.0948057625229
0.0945468683403
0.348143678425
0.0794354298958
0.101473227047
0.0911006260038
0.0941973680044
0.122579770681
0.125417485602
0.0725473595311
0.199258864532
0.0855174196992

Topic 9
Mean 0.0948994605814
Median 0.077523039964
Sum 12.9063266391
0.0
0.0
0.0637284316286
0.0
0.0
0.0
0.0
0.12969603632
0.0751726384106
0.0
0.0
0.0707304547863
0.057269590672
0.0
0.085111377108
0.0
0.120337536675
0.104683845174
0.0
0.125124139901
0.0808674942565
0.0
0.0
0.0
0.0
0.0
0.0
0.0
0.0
0.0776264743472
0.109703695639
0.0
0.0952986131872
0.0904827644571
0.364515545688
0.0
0.0
0.103187189707
0.0648938189337
0.0
0.103115905788
0.0721688896267
0.0751571670616
0.0
0.079362511374
0.0
0.0713250425797
0.110929382241
0.0
0.0859738019325
0.0633311763653
0.203788386141
0.0
0.122691640133
0.072788013268
0.0
0.0714140843252
0.0577169515075
0.0
0.086103207576
0.150568990755
0.0817623600398
0.0
0.0916045593228
0.0728807475765
0.0638787015904
0.0
0.0757666441281
0.0605271461738
0.0
0.0925107954161
0.0668086999177
0.0693617147142
0.0
0.072928119134
0.0774196055809
0.0673389329132
0.0674182947566
0.0
0.0646776275843
0.05323569423
0.0
0.0764968950794
0.0733626066651
0.077773898321
0.0
0.0867436171022
0.0658783159141
0.0584346744603
0.0740983285296
0.061382734792
0.0
0.0647201248441
0.053264482007
0.0
0.0765563506471
0.0734172881869
0.0911123178049
0.0
0.161920994297
0.0659224062127
0.0584693614395
0.0741541127225
0.0614210111577
0.0709362372597
0.0
0.0778837048264
0.09324136112
0.0
0.105597894517
0.0738934766929
0.303164406926
0.0
0.120387923985
0.0700318442852
0.156910116666
0.0746399389844
0.234051698348
0.0673123728338
0.0673584042344
0.0
0.314962172734
0.105950099215
0.0
0.0972930985281
0.0726244101811
0.137373038828
0.0
0.158113857262
0.100102839892
0.137608542008
0.0733453276824
0.0740904220161
0.070195772289
0.112441698147
0.114344870815
0.0
0.106499257011
0.0730331798466
0.0
0.166113884827
0.0888470107215
0.362772244743
0.0
0.131626816734
0.0878948881885
0.0829556935064
0.0899283700716
0.080070780874
0.0829979017633
0.0983653879413
0.0896918358013
0.159168348335
0.0
0.091815435258
0.0602044147856
0.0
0.0917589929897
0.0664157234025
0.0689382252707
0.0
0.0724601074924
0.0942540859842
0.0669397124979
0.0670181355857
0.107618356465
0.0610508399171
0.0610887033555
0.0938553939024
0.0893653768736
0.0795069590579
0.0
0.0878179521556
0.058894306429
0.0
0.1247283597
0.075455985179
0.0856977308152
0.0
0.0833556950884
0.0747681306184
0.0653240069181
0.0762345160508
0.0690302307621
0.0686065176173
0.068654336657
0.0760644655548
0.0716584989668
0.117199585086
0.0686107671717

Topic 3
Mean 0.0834191864303
Median 0.0701081413825
Sum 5.92276223655
0.0
0.0751682770728
0.0
0.11440018069
0.0
0.102558745097
0.0634812156636
0.0
0.0674854226629
0.0697924041746
0.0
0.0
0.0
0.0
0.0
0.0
0.0
0.0
0.0
0.0
0.0
0.0
0.0
0.0
0.0
0.0
0.0
0.0
0.0
0.0
0.0
0.0
0.0
0.0
0.0
0.0
0.0624161136567
0.0
0.0655726138579
0.0851828876093
0.0548554693136
0.0
0.0
0.0
0.0
0.0645356482017
0.0
0.0820872167854
0.0709827643532
0.0522045115172
0.0
0.0
0.0
0.0
0.051052481002
0.0602707634183
0.0
0.0638687226348
0.0736759509375
0.0636506740609
0.0
0.0
0.0
0.0
0.054072588604
0.0500136695886
0.0690806732689
0.0
0.0831636585032
0.0866951178454
0.0723506479097
0.0
0.0
0.0
0.0
0.135529680685
0.0611175938654
0.057335236202
0.0716814844424
0.0
0.0
0.0
0.0752086017449
0.0
0.0
0.0
0.0
0.142352374026
0.0
0.0
0.145292033609
0.0
0.0
0.0
0.0
0.0
0.0
0.0
0.0
0.0
0.0
0.0
0.0
0.0
0.0
0.106350904338
0.0
0.0966521206869
0.11797228833
0.42377177361
0.0
0.0
0.0
0.0
0.102764808094
0.0647930778629
0.0773267600889
0.163763354036
0.108928021599
0.0
0.0
0.0
0.0
0.0
0.0
0.0
0.0
0.0
0.0
0.0
0.0
0.0
0.0
0.0
0.0
0.0
0.0739348402497
0.0
0.123966646715
0.100276280295
0.0664895664248
0.0
0.0
0.0
0.0
0.0646320173062
0.109082750998
0.0629760406748
0.0816565047899
0.0
0.0
0.0883527364317
0.0
0.0598331134221
0.0
0.0633774735125
0.0778313168269
0.0631627606613
0.0
0.0
0.0
0.0
0.0643121764126
0.0497119329793
0.094630284358
0.0569390399336
0.0
0.0
0.0766078382834
0.0
0.0624983764417
0.0788932022181
0.0
0.0701081413825
0.132572065886
0.0530746795126
0.0
0.0
0.0
0.0
0.0638016923728
0.0537602721762
0.0571197860096
0.0623136656266
0.0
0.0
0.0727683379193
0.0
0.0690339921618
0.0595861729177

Topic 7
Mean 0.0748413826849
Median 0.0703167743074
Sum 4.9395312572
0.0
0.0619152594096
0.0
0.0
0.0
0.0
0.0
0.0
0.0
0.0
0.0728197110661
0.0
0.0762973964218
0.0
0.0
0.0702547732203
0.0
0.0601417264462
0.0
0.0
0.0703787753945
0.070622889299
0.0
0.0539769011189
0.0
0.0
0.0620814100072
0.0676777911309
0.0
0.0
0.0
0.0
0.0
0.0
0.0
0.0
0.0
0.0
0.0
0.0
0.0
0.0
0.0
0.0
0.0
0.0706526417689
0.0
0.0578201261124
0.0
0.0
0.0672203195455
0.0671316171969
0.0627020386438
0.0
0.0
0.0
0.0
0.0
0.0
0.0
0.0
0.0
0.0
0.0
0.0
0.0
0.0731827636619
0.0
0.0766960489278
0.0
0.0
0.200497317436
0.0707178400195
0.0623450890482
0.0
0.0
0.067529567138
0.0
0.0769903309757
0.0
0.0580567051169
0.0
0.0
0.080270781366
0.067305941085
0.0676437292374
0.0
0.0
0.0676710240067
0.0
0.0807121568759
0.0746704677339
0.0
0.0783316182806
0.0
0.0
0.12575286883
0.0721060643541
0.0634215492302
0.0
0.0
0.0687943192618
0.0
0.126839505181
0.102279277824
0.070245311473
0.0
0.0554477955782
0.0
0.0
0.0640351616775
0.062093632177
0.0633556536241
0.0
0.0
0.0624042286015
0.0
0.0643157357535
0.0672972569027
0.0654619479909
0.0
0.0
0.0
0.0
0.0
0.0
0.0
0.0
0.0
0.0
0.0
0.0
0.0
0.0
0.0
0.0
0.0811021770585
0.0
0.0628133917541
0.0
0.0
0.0828133190868
0.0704274419973
0.072055398259
0.0
0.0
0.0892655439676
0.0
0.0832831799575
0.0771977443992
0.0852152983831
0.0719117961156
0.0
0.0
0.0
0.0
0.0
0.0
0.0
0.0
0.0
0.0
0.0
0.0
0.0
0.0
0.0
0.0
0.0
0.0
0.0
0.0713908963254
0.0
0.0689429984818
0.0
0.0
0.0827391671797
0.0677977755076
0.0632828061187
0.0
0.0
0.0910075727782
0.0
0.0832081846077
0.0683479845511
0.0851367846184
0.0629794670371
0.0
0.0904472628656
0.0

