Topic 2
Mean 1.96078431373e+298
Median 0.0776364655412
Sum 3e+300
0.0
0.0651359410364
0.0
1e+300
0.0
0.079655743798
0.134172029144
0.0
0.0797994304348
0.141708858902
0.0749626225333
0.0
0.0619297073509
0.0772583477496
0.08186475339
0.0993012210965
0.0
0.055263619373
0.103370143668
0.0705917339005
0.0621791502293
0.0802551206228
0.0
0.122497279408
0.103500602775
0.0885650095165
1e+300
0.0657771665631
0.0
0.0
0.0
0.0
0.0
0.0
0.0
0.0
0.0
0.0
0.0
0.0
0.0
0.0
0.0
0.0
0.0
0.0960054981956
0.0
0.0542276191308
0.0998036493478
0.0598545310802
0.0608707121927
0.0759956380988
0.0643147017792
0.0
0.0
0.0
0.0
0.0
0.0
0.0
0.0
0.0
0.0
0.0
0.0
0.0
0.0776585242239
0.0
0.0677800565052
15.2517179494
0.0991450532074
0.0626051344951
0.0640226739818
0.112584135066
0.0
0.0
0.0626363640215
0.0
0.469254295438
0.0
0.0597770617038
0.469254295438
0.0666879607808
0.0679518660599
0.0873615190713
0.0722721844692
0.0
0.0
0.0848004669568
0.0
0.0701596624799
0.0
0.0
0.0
0.0
0.0
0.0
0.0
0.0
0.0
0.0
0.0
0.0
0.0
0.0
0.0
0.0
0.0
0.0
0.0
0.0
0.0
0.0
0.0
0.0
0.0
0.0
0.0
0.0
0.0
0.0
0.0
0.0
0.0
0.0
0.0
0.0
0.0
0.0
0.0
0.0
0.0
0.0
0.0
0.0
0.0
0.0
0.0
0.0
0.0
0.0
0.0
0.0
0.0
0.0
0.0
0.0
0.0
0.0
0.0
0.0
0.0
0.0
0.0707056122704
0.0
0.0633666215413
0.0881471659444
0.100563474121
0.0558216540981
0.0592216076017
0.0775859231693
0.0
0.0
0.058033491484
0.0
0.086139422514
0.0644352040191
0.0
0.0
0.0
0.0
0.0697950628306
0.0
0.0626343068112
0.0867364648197
0.0929193412322
0.0552525652322
0.0585814815754
0.0764909140791
0.0
0.0
0.0574186591652
0.0
0.0616942872549
0.0636781298135
0.0
0.0
0.0
0.0
0.067767514216
0.404536964815
0.0
0.0776364655412
0.481796389446
0.0897107946332
0.0920130844661
0.131606521882
0.100117115679
0.0
0.0
0.125879454926
0.0
0.0961083380865
0.259856366617
0.0
0.0
0.0
0.0
0.0856810888649
0.0843476203881
0.469254295438
0.0
0.0802504427034
0.469254295438
0.0872359527651
0.0771689223018
0.105701092719
0.10450688637
0.0
0.0
0.101974838355
0.0
0.0924126220787
1e+300
0.0
0.0
0.0
0.0
0.0765640577145
0.0754975046181
0.259856366617
0.11226916985
0.0
0.0902173006327
0.117498203726
0.100941748881
0.0826503655395
0.0858387911921
0.0964149297574
0.0
0.0
0.0833649761908
0.0
0.124652143144
0.0972433209979
0.0
0.0
0.0
0.0
0.0829550416761
0.0817044559429
0.155395257349
0.125863357895
0.0
0.0
0.0
0.0
0.0
0.0
0.0
0.0
0.0
0.0
0.0
0.0
0.0
0.0
0.0
0.0
0.0
0.0
0.0
0.0
0.0
0.0
0.0
0.0
0.0
0.0
0.0
0.0
0.0
0.0
0.0
0.0
0.0
0.0
0.0
0.0
0.0
0.0
0.0
0.0
0.0
0.0
0.0
0.0
0.0
0.0
0.0
0.0
0.0
0.0
0.0
0.0
0.0
0.0
0.0
0.0
0.0
0.0
0.0
0.0
0.0
0.0
0.0
0.0
0.0
0.0
0.0
0.0
0.0
0.0
0.0
0.0
0.116958940411
0.0
0.0648143766733
0.122645021729
0.0828411274886
0.0673727054498
0.0723885485182
0.079767508325
0.0
0.0
0.0706212684575
0.0
0.0772018644115
0.0803336891597
0.0
0.0
0.0
0.0
0.0703268636937
0.069425981056
0.116281802821
0.0989147161212
0.229467888614
0.0
0.0
0.0
0.0634194931236
0.0
0.0557301346627
0.0650549257939
0.0596389642147
0.0527469974022
0.0540230931709
0.0580292272847
0.0
0.0
0.0530326652033
0.0
0.0596195372897
0.0583282866683
0.0
0.0
0.0
0.0
0.0528664725367
0.0523557678906
0.0752102468722
0.0675402690595
0.0955127481642
0.0
0.0
0.0
0.0791489798755
0.0624859849487
0.0
0.089011205636
0.0663249981373
0.0968957751541
0.0505698339094
0.0533442340315
0.0601628853491
0.0
0.0
0.052378318759
0.0
0.0559131391679
0.0575377090331
0.0
0.0
0.0
0.0
0.0546315897472
0.054086388596
0.0739009451296
0.0664825191599
0.0865380382859
0.0
0.0
0.0
0.0728851971372
0.0542992228521
0.0
0.0
0.0
0.0
0.0
0.0
0.0
0.0
0.0
0.0
0.0
0.0
0.0
0.0
0.0
0.0
0.0
0.0
0.0
0.0
0.0
0.0
0.0
0.0
0.0
0.0
0.0
0.0
0.0

Topic 4
Mean 1.44927536232e+298
Median 0.0972887645364
Sum 2e+300
0.15313581916
0.361345529261
0.113856301836
0.361345529261
0.103808387804
1e+300
0.0
0.0
0.0
0.0
0.111210893225
0.0949722275675
0.13069090724
0.13069090724
0.0
0.0
0.0
0.0
0.0
0.0
0.0
0.0
0.0
0.0
0.0
0.0
0.0
0.0
0.0
0.0
0.0
0.0
0.0
0.0
0.0
0.0
0.0
0.0
0.0
0.0
0.0
0.0
0.0
0.0
0.0
0.0
0.0
0.0
0.0
0.0
0.0
0.0
0.0
0.0
0.0
0.0
0.0
0.0
0.0
0.0
0.0
0.0
0.0
0.0
0.0
0.0
0.0855645121989
0.100256925606
0.0966481921521
0.0966481921521
0.0
0.0889437094431
0.0
0.0
0.0
0.0
0.0
0.0
0.0
0.0
0.0
0.0
0.0
0.0
0.0
0.0
0.0
0.0
0.0
0.0
0.0
0.121444604229
0.153506376924
0.0876244167895
0.127325726733
0.0
0.0812439741076
0.0
0.0
0.0
0.0
0.0
0.0
0.0850804281107
0.0
0.142574956943
0.0982489812102
0.106116564926
0.150749529497
0.0
0.0864918535849
0.0
0.0
0.0
0.0
0.0
0.0
0.106029932722
0.0
0.192260642209
0.0895419025333
0.10576145262
0.101753492249
0.101753492249
0.0
0.0932493655636
0.0
0.0
0.0
0.0
0.0
0.0
0.198428565604
0.0
0.0890119073929
0.0884350258837
0.0
0.0
0.0
0.0
0.0
0.0
0.0
0.0
0.0
0.0
0.0
0.0
0.0
0.0
0.0
0.0
0.0
0.0
0.0
0.0
0.0
0.0
0.0
0.0
0.0
0.0
0.0
0.0
0.0
0.0
0.0
0.0
0.0
0.0
0.0
0.427742685891
0.108653693053
2.32785430981
1e+300
0.0
0.138464618206
0.0
0.0
0.0
0.0
0.0
0.0
0.100834660167
0.0
0.127325726733
0.150749529497
0.106404572337
0.0
0.0
0.085852789049
0.100652932271
0.0970161511751
0.0970161511751
0.0
0.089255247191
0.0
0.0
0.0
0.0
0.0
0.0
0.199342934704
0.0
0.0853654468835
0.106472959004
0.0987198999264
0.0
0.0
0.101235253109
0.0860662052926
0.100946398186
0.0972887645364
0.0972887645364
0.0
0.0894859372905
0.0
0.0
0.0
0.0
0.0
0.0
0.200497317436
0.0
0.0855764441178
0.106801399481
0.0990021862903
0.0
0.0
0.101532129509
0.304224688014
0.0
0.0
0.0840101745315
0.0915573399111
0.0
0.0893746037727
0.0
0.0
0.0
0.0
0.0
0.0
0.0
0.0
0.0
0.113158777135
0.0
0.0
0.0
0.198813464976
0.0
0.0
0.0822582674621
0.105860925463
0.0924509236673
0.0924509236673
0.0
0.0953802027878
0.0
0.0
0.0
0.0
0.0
0.0
0.0694060113408
0.0
0.0768995785908
0.0691504870031
0.0720002461694
0.0
0.0
0.125188877452
0.0695955685714
0.0697357457921
0.122442991825
0.0
0.0
0.0750318425394
0.0809947977938
0.0
0.0792819244448
0.0
0.0
0.0
0.0
0.0
0.0
0.0
0.0
0.0
0.0741874494943
0.0
0.0
0.0
0.082866071495
0.0
0.0
0.0762983274956
0.0590279374823
0.223909270395
0.215408111064
0.331051985431
0.331051985431
0.0
0.120995494361
0.0
0.0
0.0
0.0
0.0
0.0
0.0912414265903
0.0
0.120293558582
0.161719713301
0.0957780888801
0.0
0.0
0.385937446911
0.0915692980642
0.0918121213408
0.127841863608
0.147585427048
0.0752381064859
0.155256959024
0.0906595416077
0.19605336911
0.19605336911
0.0
0.11051204527
0.0
0.0
0.0
0.0
0.0
0.0
0.0851502214705
0.0
0.0780671218436
0.0802597091986
0.0890883028353
0.0
0.0
0.214083628318
0.085435708834
0.0856470539732
0.082736047805
0.135222762356
0.0740138500479
0.356968836868
0.078386071655
0.0905415451322
0.087588029027
0.087588029027
0.0
0.0812126916747
0.0
0.0
0.0
0.0
0.0
0.0
0.106806165959
0.0
0.077979612011
0.095223772611
0.0889743583882
0.0
0.0
0.0910124714223
0.107255716427
0.107589011407
0.0
0.0646067694372
0.0
0.0831240398531
0.0780382375947
0.0
0.0
0.0
0.0
0.0
0.0
0.0
0.0
0.0
0.0
0.0
0.0
0.0
0.0
0.0
0.0
0.0
0.0
0.0
0.0
0.0
0.0
0.0
0.0
0.0
0.0
0.0
0.0
0.0
0.0
0.075681127384
0.0
0.0
0.0
0.0
0.0
0.0
0.0
0.0
0.0
0.0
0.0
0.0
0.0
0.0
0.0
0.0
0.0
0.0
0.0
0.0
0.0
0.0
0.0
0.0
0.0
0.0

Topic 8
Mean 7.90513833992e+297
Median 0.0792914214281
Sum 2e+300
0.0
0.067384834998
0.0
0.144216593258
0.0
0.0982203439277
1e+300
0.0
0.103484874448
0.144216593258
0.15500448633
0.0
0.093018156966
2.21446693948
0.260301330029
0.0702710880763
0.0
0.0665867853255
0.0690755650989
0.0702710880763
0.0928549453418
0.0
0.0
0.0
0.0
0.0
0.0
0.0
0.0
0.0
0.0
0.0
0.0
0.0
0.0
0.0
0.0602098581729
0.0
0.0748833582937
0.127252640734
0.0689771522997
0.120337536675
0.0712637283445
0.0
0.0
0.0591496243543
0.0
0.0732503916194
0.08087369879
0.067589231053
0.0720204330614
0.0697832509001
0.0
0.0
0.0973650776433
0.0612490620693
0.0
0.0764975934649
0.232206942575
0.0703444684149
0.0751571670616
0.0727241590913
0.0
0.0
0.103187189707
0.100111848394
0.062564181121
0.0
0.103484874448
0.0883030092214
1e+300
0.0840757115455
0.0618756473816
0.0
0.0
0.0689771522997
0.067589231053
0.0703444684149
0.0
0.0
0.0
0.0
0.0
0.0
0.0
0.0
0.0
0.0
0.0
0.0
0.0
0.110263722978
0.0
0.106145497065
0.108686421935
0.110263722978
0.364515545688
0.140933494344
0.0
0.0
0.0776264743472
0.0758730798748
0.079362511374
0.094656785093
0.0
0.0783909017672
0.0
0.0823812988886
0.0808678197862
0.0783909017672
0.137373038828
0.0815493273618
0.0
0.0
0.314962172734
0.0946143249017
0.100102839892
0.0752891320732
0.0
0.158113857262
0.140933813853
0.0
0.070257301937
0.717758243508
0.196053920401
0.542063382447
0.0670615337458
0.0
0.0
0.922946090044
0.0880738352805
0.0928107636328
0.0650328329312
0.0
0.104339084726
0.234826048567
0.0591995809733
0.0
0.0784928966485
0.104367442048
0.0969007143824
0.114863960679
0.0698527945366
0.0
0.0
0.07903934568
0.0772222906749
0.0808398855645
0.0720281619754
0.0
0.120499202248
0.1155418167
0.10035236694
0.0
0.0
0.0
0.0
0.0
0.0
0.0
0.0
0.0
0.0
0.0
0.0
0.0
0.0
0.0
0.0
0.0
0.0
0.0775047814267
0.0
0.113611271827
0.138022086961
0.100549040555
0.103690079949
0.0764509022658
0.0
0.0
0.0875933065388
0.0853672096399
0.0898101240146
0.100549040555
0.0
0.120047376555
0.0905166515835
0.0813293014568
0.085844130401
0.0
0.0642312785059
0.0
0.0871972422977
0.100892634829
0.0792914214281
0.0812319101003
0.0635057750373
0.0
0.0
0.0710090777591
0.0695390528255
0.072458983703
0.0792914214281
0.0
0.0909392360558
0.0729181853396
0.0668359820574
0.069855187381
0.0
0.158208859377
0.0
0.0
0.0
0.0
0.0
0.0
0.0
0.0
0.0
0.0
0.0
0.0
0.0
0.0
0.0
0.0
0.0
0.0
0.0
0.0
0.0
0.0636933456332
0.0
0.0803486923406
0.0896144995382
0.0735878195551
0.0788712106104
0.0761960766259
0.0
0.0
0.110319604007
0.163251367597
0.113859207126
0.0735878195551
0.0
0.0835152970272
0.106801399481
0.098541012016
0.0851529241076
0.0
0.0951651465127
0.0759050280879
0.0
0.0703249467069
0.0
0.091197348493
0.132617429365
0.0825853626319
0.125124139901
0.0858847316497
0.0
0.0
0.12969603632
0.0973016083948
0.103115905788
0.0825853626319
0.0
0.0952986131872
0.0972930985281
0.131427973318
0.097436867262
0.0
0.110772313053
0.0855151407707
0.0
0.110238128954
0.0
0.0
0.0
0.0
0.0
0.0
0.0
0.0
0.0
0.0
0.0
0.0
0.0
0.0
0.0
0.0
0.0
0.0
0.0
0.0
0.0
0.0
0.0
0.0
0.738821319293
0.0
0.0755974083311
0.212836150447
0.738821319293
0.237199456289
0.0942808252272
0.0
0.0
0.0832375786488
0.0812248265476
0.235125335015
0.0695825517724
0.0
0.127827095514
0.101968601307
0.291776151382
0.0727183970071
0.0
0.0885719022749
0.0716508361583
0.0
0.0900458308214
0.0902578243613
0.0
0.0575821492055
0.0
0.0905292416658
0.0786933811387
0.132039578566
0.0753185136741
0.0569983947596
0.0
0.0
0.0629704649055
0.0618117148971
0.0641080481155
0.132039578566
0.0
0.0837002914626
0.0681893989612
0.0596667438137
0.0655034768871
0.0
0.0882744795964
0.0714560745466
0.0
0.0667908435967
0.0741202485158
0.0
0.0634746308537
0.0585283690395
0.0
0.0770104821412
0.0875004017456
0.0707779327009
0.0723200406585
0.0579253723028
0.0
0.0
0.0641038002437
0.0629033623545
0.0652830835631
0.0707779327009
0.0
0.0799146745408
0.0656556020104
0.0606833187941
0.0631619297657
0.0
0.12758761661
0.0952012814391
0.0
0.0680672617233
0.0756954806855
0.0
0.0646263526461
0.0644678648321
0.061391923548
0.0
0.0820458876615
0.0940594410258
0.0750088875348
0.0767431326938
0.0607288132972
0.0
0.0
0.0675549913649
0.0662231595112
0.068865970669
0.0750088875348
0.0
0.0853504317257
0.0692806303799
0.0637671762951
0.0665098016836
0.0
0.14202916833
0.135392857284
0.0
0.0719714078952
0.0805549634651
0.0
0.0681355790505
0.0679594355364
0.0890939315796
1e-300
0.0
1e-300
1e-300
1e-300
1e-300
1e-300
0.0
0.0
1e-300
1e-300
1e-300
1e-300
0.0
1e-300
1e-300
1e-300
1e-300
0.0
1e-300
1e-300
0.0
1e-300
1e-300
0.0
1e-300
1e-300
1e-300
1e-300

Topic 9
Mean 6.15384615385e+297
Median 0.0774196055809
Sum 2e+300
0.0
0.0
0.0637284316286
0.0
0.0
0.0
0.0
0.12969603632
0.0751726384106
0.0
0.0
0.0707304547863
0.057269590672
0.0
0.085111377108
0.0
0.120337536675
0.104683845174
0.0
0.125124139901
0.0808674942565
0.0
0.0
0.0
0.0
0.0
0.0
0.0
0.0
0.0776264743472
0.109703695639
0.0
0.0952986131872
0.0904827644571
0.364515545688
0.0
0.0
0.103187189707
0.0648938189337
0.0
0.103115905788
0.0721688896267
0.0751571670616
0.0
0.079362511374
0.0
0.0713250425797
0.110929382241
0.0
0.0859738019325
0.0633311763653
0.203788386141
0.0
0.122691640133
0.072788013268
0.0
0.0714140843252
0.0577169515075
0.0
0.086103207576
0.150568990755
0.0817623600398
0.0
0.0916045593228
0.0728807475765
0.0638787015904
0.0
0.0757666441281
0.0605271461738
0.0
0.0925107954161
0.0668086999177
0.0693617147142
0.0
0.072928119134
0.0774196055809
0.0673389329132
0.0674182947566
0.0
0.0646776275843
0.05323569423
0.0
0.0764968950794
0.0733626066651
0.077773898321
0.0
0.0867436171022
0.0658783159141
0.0584346744603
0.0740983285296
0.061382734792
0.0
0.0647201248441
0.053264482007
0.0
0.0765563506471
0.0734172881869
0.0911123178049
0.0
0.161920994297
0.0659224062127
0.0584693614395
0.0741541127225
0.0614210111577
0.0709362372597
0.0
0.0778837048264
0.09324136112
0.0
0.105597894517
0.0738934766929
0.303164406926
0.0
0.120387923985
0.0700318442852
0.156910116666
0.0746399389844
0.234051698348
0.0673123728338
0.0673584042344
0.0
0.314962172734
0.105950099215
0.0
0.0972930985281
0.0726244101811
0.137373038828
0.0
0.158113857262
0.100102839892
0.137608542008
0.0733453276824
0.0740904220161
0.070195772289
0.112441698147
0.114344870815
0.0
0.106499257011
0.0730331798466
0.0
0.166113884827
0.0888470107215
0.362772244743
0.0
0.131626816734
0.0878948881885
0.0829556935064
0.0899283700716
0.080070780874
0.0829979017633
0.0983653879413
0.0896918358013
0.159168348335
0.0
0.091815435258
0.0602044147856
0.0
0.0917589929897
0.0664157234025
0.0689382252707
0.0
0.0724601074924
0.0942540859842
0.0669397124979
0.0670181355857
0.107618356465
0.0610508399171
0.0610887033555
0.0938553939024
0.0893653768736
0.0795069590579
0.0
0.0878179521556
0.058894306429
0.0
0.1247283597
0.075455985179
0.0856977308152
0.0
0.0833556950884
0.0747681306184
0.0653240069181
0.0762345160508
0.0690302307621
0.0686065176173
0.068654336657
0.0760644655548
0.0716584989668
0.117199585086
0.0686107671717
0.0
0.0733084715143
0.0798012043984
0.0
0.0973594390068
0.0753201585871
0.113352647797
0.0
0.107506142396
0.0743477158427
0.110431135265
0.0760958747434
0.0686717127145
0.0727111156521
0.0842407779164
0.0689567405263
0.161465448831
0.291122213417
0.0682565817927
0.078224584685
0.0
0.67869351778
0.0703325675208
0.0
0.117561293241
0.0789592396234
0.0976309705874
0.0
0.0949563365086
0.121688456505
0.0797009493096
0.0798121481473
0.085287839174
0.0714904732724
0.0763353093247
0.0764082348345
0.564327639861
0.0981777995195
0.106179703413
0.0820811945406
0.10541899526
0.0
0.0
0.0
0.0
0.0
0.0
0.0
0.0
0.0
0.0
0.0
0.0
0.0
0.0
0.0
0.0
0.0
0.0
0.0
0.0
0.0
0.0
0.0
0.0685933618675
0.0661007546219
0.0
0.0892148228189
0.0681980092987
0.0924652949934
0.0
0.0935600685908
0.0616836030319
0.0741254604028
0.068833341766
0.0577250952041
0.0660520226731
0.0754303565679
0.070840290916
0.0791350681066
0.182355258228
0.0574314808108
0.0728789311951
0.0830643246048
0.0742970301722
0.0
0.0
0.0667412119006
0.0546258884687
0.0
0.0794005247764
0.0692947695949
0.0690169004363
0.0
0.075900606946
0.0680204978029
0.0601139419701
0.0699507994968
0.123233668892
0.0634750599362
0.0635159910627
0.105515739663
0.0654371155459
0.0797919849113
0.0902777945891
0.0688229182298
0.064935255359
0.0907534567165
0.0
0.0595717461327
0.0
0.0714140843252
0.0577169515075
0.0
0.086103207576
0.150568990755
0.0817623600398
0.0
0.0916045593228
0.0728807475765
0.0638787015904
1e+300
0.0674182947566
0.0740983285296
0.0741541127225
0.0746399389844
0.0733453276824
0.0899283700716
0.0670181355857
0.0762345160508
0.0760958747434
0.0798121481473
0.0
0.068833341766
0.0699507994968
0.0
0.069591792829
0.0565207961044
0.0
0.0834679973005
0.0797503107304
0.101073088506
0.0
0.196301003914
0.0709838311142
0.0624167493718
0.0806204891529
0.0657918993491
0.0768312736721
0.130494487602
0.0726515911637
0.128010422851
0.110077076261
0.0654107595632
0.0741614840273
0.0926861229193
0.083205310762
0.0
0.082131286848
0.0682015063251
0.0806204891529
0.0
0.0824833607445
0.056046523134
0.0
0.0824378060755
0.0613914319592
0.0635405446407
0.0
0.0665205893285
0.0899303875583
0.0618388740502
0.0619057947741
0.065150159021
0.0567793607311
0.0568121097969
0.0598381368468
0.0805006597141
0.072412566198
0.0766744659225
0.063262253773
0.0629610154631
0.093894613504
0.0
0.0536357082113
0.0583635469271
0.0619057947741
0.0605317821728
0.0
0.0771923676663
0.0614335859818
0.0
0.0946451857677
0.0679147635674
0.103180537124
0.0
0.13680876048
0.0789088276082
0.0684627706391
0.0685448051835
0.0982397206961
0.0623151792853
0.062354627744
0.0902464512608
0.107603866535
0.0816647938033
0.0973923476937
0.0702117257371
0.0698408631155
0.097946165263
0.0
0.0585489807868
0.108155792647
0.0685448051835
0.0668642813384
0.0662015556518
0.0
0.113350088225
0.0782631383282
0.0
0.183403634268
0.093564703932
0.112296929277
0.0
0.106556062708
0.0925093837577
0.0856197600251
0.094764726066
0.0838824941658
0.0832576628506
0.0836562979889
0.0945021031479
1e+300
0.235245873951
0.0832639213011
0.125550196985
0.206707888501
0.104505290808
0.0
0.105934392733
0.0835765733392
0.094764726066
0.0919790693527
0.0755158901391
0.0856335425722

Topic 5
Mean 5.58659217877e+297
Median 0.0971125457348
Sum 1e+300
0.0
0.113856301836
0.0
0.15313581916
0.0
0.361345529261
0.0
0.0
0.0
0.0
0.0949722275675
0.0
0.13069090724
0.111210893225
0.0
0.0
0.0
0.0
0.0
0.0
0.0
0.103808387804
0.0
1e+300
0.361345529261
0.0
0.13069090724
0.0
0.0
0.0
0.0
0.0
0.0
0.0
0.0
0.0
0.0
0.0
0.0
0.0
0.0
0.0
0.0
0.0
0.0
0.0
0.0
0.0
0.0
0.0
0.0
0.0
0.0
0.0
0.0
0.108934995843
0.0
0.0971125457348
0.084365123755
0.0
0.074241843944
0.0
0.0795340449683
0.0
0.0
0.0
0.11797228833
0.0
0.177755885838
0.097356369034
0.0
0.100388105771
0.0
0.103150250886
0.0
0.0
0.0
0.0883200921352
0.0859098603647
0.0
0.498262448188
0.20945001998
0.0
0.10353450035
0.0
0.498262448188
0.0
0.0
0.0
0.0685861344428
0.0906222984806
0.100276280295
0.0
0.0966661784547
0.0855786093876
0.0
0.0889589421982
0.0
0.0966661784547
0.0
0.0
0.0
0.077444054036
0.0883527364317
0.100439079942
0.0866951178454
0.0
4.93705469697
0.207344868089
0.0
0.104677145527
0.0
0.502649045767
0.0
0.0
0.0
0.0690857074488
0.163763354036
0.302338825014
0.0816565047899
0.0
0.0
0.0
0.0
0.0
0.0
0.0
0.0
0.0
0.0
0.0
0.0
0.0
0.0
0.0
0.0
0.0
0.0
0.0
0.0
0.0
0.0
0.0
0.0
0.0
0.0
0.0
0.0
0.0
0.0
0.0
0.0
0.0
0.153506376924
0.0
0.0876244167895
0.121444604229
0.0
0.0812439741076
0.0
0.127325726733
0.0
0.0
0.0
0.071530699521
0.135496935644
0.0745194320618
0.0850943662271
0.0751095504217
0.0
0.0
0.0
0.0
0.0
0.0
0.0
0.0
0.0
0.0
0.0
0.0
0.0
0.0
0.0
0.0
0.0
0.0
0.0
0.0
0.0
0.215408111064
0.0
0.331051985431
0.223909270395
0.0
0.120995494361
0.0
0.331051985431
0.0
0.0
0.0
0.096778173085
0.183546310473
0.198900159037
0.0912574566093
0.189108557096
0.0
0.0
0.120293558582
0.0
0.0982489812102
0.0
0.106116564926
0.142574956943
0.0
0.0864918535849
0.0
0.150749529497
0.0
0.0
0.0
0.0855245257189
0.957648502896
0.0901141764103
0.106051580795
0.116619127123
0.0
0.0
0.192260642209
0.0
0.161719713301
0.0
0.0
0.0
0.0
0.0
0.0
0.0
0.0
0.0
0.0
0.0
0.0
0.0
0.0
0.0
0.0
0.0
0.0
0.0
0.0
0.0
0.0
0.11805739883
0.0
0.145032053613
0.119897628067
0.0
0.0823782640836
0.0
0.145032053613
0.0
0.0
0.0
0.0716528840037
0.191016890691
0.112334282194
0.0804065856742
0.0990831735407
0.0
0.0
0.0894762464667
0.0
0.258107552402
0.079155303744
0.0
0.100256925606
0.0
0.0966481921521
0.0855645121989
0.0
0.0889437094431
0.0
0.0966481921521
0.0
0.0
0.0
0.077432509273
0.0883377105573
0.100419662362
0.197870966177
0.0816436700546
0.0
0.0
0.0850804281107
0.0
0.0912414265903
0.106029932722
0.0
0.0803941408252
0.093101007957
0.0
0.100136194189
0.0745463383505
0.0
0.0665303732234
0.0
0.0707490379378
0.0
0.0
0.0
0.0815970028316
0.0908139810436
0.0619523326143
0.0690904376576
0.062359652655
0.0
0.0
0.064344899848
0.0
0.0997807137756
0.150828492797
0.0
0.0644437517096
0.0690812490071
0.10576145262
0.0
0.101753492249
0.0895419025333
0.0
0.0932493655636
0.0
0.101753492249
0.0
0.0
0.0
0.0806754806239
0.0851489402593
0.0844976620501
0.0983575501383
0.0852572012497
0.0
0.0
0.0890119073929
0.0
0.0957780888801
0.0884350258837
0.0
0.0702739009901
0.198428565604
0.0716508135107
0.100652932271
0.0
0.0970161511751
0.085852789049
0.0
0.089255247191
0.0
0.0970161511751
0.0
0.0
0.0
0.0776685190739
0.0886450102422
0.100816958212
0.298218604626
0.081906092154
0.0
0.0
0.0853654468835
0.0
0.0915692980642
0.106472959004
0.0
0.08064857931
0.199342934704
0.0692690340482
0.0987198999264
0.0
0.0
0.0840101745315
0.0
0.0
0.0893746037727
0.0
0.0915573399111
0.0
0.0
0.0
0.0
0.157020629267
0.0
0.0
0.248998414576
0.0
0.0
0.0
0.0
0.127841863608
0.113158777135
0.0
0.114145732441
0.0
0.0
0.0
0.0
0.100946398186
0.0
0.0972887645364
0.0860662052926
0.0
0.0894859372905
0.0
0.0972887645364
0.0
0.0
0.0
0.0778431438248
0.088872552654
0.10111138278
0.300809601181
0.0821003155036
0.0
0.0
0.0855764441178
0.0
0.0918121213408
0.106801399481
0.0
0.0808368777231
0.200497317436
0.0694078976511
0.0990021862903
0.304224688014
0.0

Topic 0
Mean 3.05810397554e+297
Median 0.100871146137
Sum 1e+300
0.0793107509609
0.0881991779033
0.0831601684652
0.098022549812
0.103436460253
0.100253434223
0.127270443773
0.0909746608755
0.162308629553
0.135719953224
0.0681934043934
0.0651415370768
0.0916006764729
0.415546360408
0.0785084250497
0.287359531031
0.0724696861321
0.455308262033
0.112354294005
0.160390976816
0.0787970194857
0.134662533207
0.0846715254885
0.125124139901
0.372038232479
0.182990535071
0.513772822548
0.195701632335
0.109803230613
0.0698408179909
0.101173244135
0.11646737901
0.377556215591
0.07569887052
0.12707852352
0.153129760281
0.0
0.0
0.0
0.0
0.0
0.0
0.0
0.0
0.0
0.078684884635
0.0768483723112
0.0882421598575
0.13012172387
0.101994566947
0.0955671849667
0.0988611998541
0.0930642194054
0.0871771339651
0.0
0.0995567585214
0.0618784655101
0.0852771353709
0.102365513765
0.0738170311266
0.0664333822623
0.098339263536
0.0652141359522
0.0713278997934
0.0
0.0910440811445
0.133085464009
0.0
0.0
0.0843373696647
0.0849820745472
0.0
0.192388439101
0.199700164773
0.18960306533
0.0
0.0
0.0
0.103678019252
0.0683098612857
0.0979917907898
0.156163958703
0.120293558582
0.0739036190367
0.113204050511
0.107170694885
0.191989631011
0.0
0.131262852238
0.103070418727
0.0
0.080342466567
0.0707610759361
0.103115905788
0.0827691497116
0.0868179043966
0.0767811763346
0.0871709599322
0.0751571670616
0.0833951033902
0.0
0.0744073799476
0.0722880334135
0.0
0.0812214929664
0.0841347084409
0.100843261818
0.0884794631992
0.111796286331
0.0973791207538
0.0683608381609
0.0764763192149
0.0901923413275
0.0735545906549
0.0
0.0813689021999
0.064776148506
0.0
0.0718584654424
0.0745760354636
0.140361053984
0.0903386605279
0.131427973318
0.139372624868
5.43652622944
0.123194591502
0.130167772649
0.542063382447
0.188444118025
0.0
0.108098358786
0.0882251426027
0.0773454529802
0.125482344554
0.0828991811406
0.0966507802302
0.109455223246
0.0952363428799
0.164854506957
0.255835232606
0.132739256821
0.206143272741
0.14662745945
0.194839842017
0.124579490176
0.0
0.178162681211
0.0980230876416
0.148860635339
0.115205488436
0.122353636917
0.102278109316
0.257081642883
0.0
0.0
0.0
0.0
0.0
0.0
0.0
0.0
0.0
0.0
0.0
0.0
0.0
0.0
0.0
0.0
0.0
0.0
0.0
0.0
0.0
0.0
0.0
0.0
0.0
0.0
0.0
0.0
0.0
0.0
0.0
0.0
0.0
0.0
0.0
0.0
0.0
0.110829342249
0.148636009674
0.0836612701038
0.0964094534893
0.220184834693
0.0654486120707
0.077878353105
0.190742995395
1e+300
0.0
0.072900679504
0.0621554815905
0.0805740077436
0.13740905615
0.0791528753818
0.0941527837653
0.120381813758
0.0958941229491
0.0
0.0
0.0808571526109
0.0766019193749
0.116005716432
0.202816078575
0.0957780888801
0.170276388173
0.0962079607976
0.162489856983
0.091629199456
0.0
0.12244161755
0.0783945534504
0.0
0.0890119073929
0.0932197506788
0.0810926538821
0.171804940925
0.391495162535
0.0
0.0
0.0770268989661
0.124909889433
0.0664633740178
0.0942361191347
0.0769490399216
0.111754808378
0.0717471130587
0.0807393930983
0.0703271059506
0.118931177456
0.0
0.0696701727791
0.0678087201583
0.0
0.111778428419
0.104155843813
0.0698180153931
0.114100286936
0.110049161602
0.0
0.0
0.154370021683
0.0859021074208
0.0965927754336
0.0782832063816
0.119905607568
0.215044318578
0.176203143512
0.178813032712
0.0988750107684
0.170245830927
0.135756478369
0.0
0.126794356086
0.0801563569186
0.0
0.357903553038
0.0957215428346
0.0829792752566
0.180499451406
0.439765602397
0.0
0.0
0.078727099966
3.56669851118
0.0880220740042
0.240942945743
0.0707244791712
0.152478273321
0.0827190825797
0.187723854181
0.0767380895332
0.221752815164
0.139705104636
0.105489101311
0.0
0.107697733847
0.0722498405858
0.0
0.128307120736
0.0846581401073
0.0745353873576
0.147610148884
0.122244260455
0.0
0.0
0.0710865916226
0.0931562470663
0.0785790968484
0.151503302505
0.0838940696225
0.0543833109583
0.0934267570409
0.0710946828677
0.135563974801
0.0578705165161
0.0927881813845
0.115319773779
0.111944625138
0.0
0.056511676766
0.0552807515073
0.0730379534532
0.144628521002
0.0704325153333
0.0566089085424
0.12752737373
0.080457246318
0.0
0.0
0.0984442238233
0.0667410995972
0.0768599885971
0.0680137934765
0.101322836162
0.105371219137
0.0603716406198
0.0824413840102
0.149137388602
0.280604645486
0.0646996634664
0.149470721005
0.548398363257
0.145206914861
0.0
0.0853975403009
0.06147961631
0.0897209951344
0.519509165828
0.0702399809974
0.0631267750645
0.139339397317
0.145546007512
0.0
0.0
0.176659556957
0.0759916193431
0.0660034489764
0.211911877145
0.102894488215
0.110768284811
0.100871146137
0.0883535133815
0.112701197859
0.0966498174212
0.102180992456
0.0671820738103
0.120952434072
0.135471848325
0.170421205667
0.0
0.0854458907963
0.0637168085697
0.122467965222
0.135447867115
0.106987266199
0.0943820135487
0.235529686616
0.16303356304
0.0
0.0
0.12558677864
0.0794392354392
0.328082734421
0.161560524404
0.102964689459
0.102205740453
0.129233653143
0.118803156327
0.0
0.0
0.105977411508
0.364058063792
0.0
0.10535938185
0.107515166829
0.100102271654
0.0
0.0
0.0
0.110354138868
0.0
0.0
0.0
0.720132778831
0.104151195161
0.0
0.0
0.100102271654
0.0
0.0
0.0
0.0
0.21599315065
0.114619797297
0.120558353905
0.0892250519451
0.0755721072831
0.180246009461
0.0915922607829
0.331051985431
0.082478596523
0.217853393533
0.409150253515
0.0901595877178
0.0
0.0797457119284
0.0773163173866
0.0948432285867
0.0876244167895
0.0916990987844
0.0799394673372
0.485258514964
0.137487990413
0.0
0.0
0.0871705577449
0.101753492249
0.0846091683851
0.104741641593
0.222571510104
0.163619086737
0.0979770072064
0.0992021387644
0.674772958403

Topic 1
Mean 0.186370427196
Median 0.097709602126
Sum 60.5703888386
0.0
0.0
0.135719953224
0.0
0.960809756923
0.1090580588
0.0
0.132739256821
0.255835232606
0.112016200266
0.0
0.0809589644521
0.0774271188119
0.0746674010842
0.111029619281
0.0
0.377556215591
0.11646737901
0.100678451539
0.124579490176
0.0779746129547
0.0
0.0806587214308
0.0803422675538
0.0704013906439
0.0904214846421
0.0644132183361
0.0672160468312
0.0
1.60789140075
0.144680887316
0.155184357813
0.168078318373
0.0784763591299
0.147013532479
0.0714821586711
0.0
5.43652622944
0.139372624868
0.345645758979
0.257081642883
0.0775408955588
0.188444118025
0.0735195262392
2.28314899838
0.0
0.112815348548
0.0761037740211
0.0734359603001
0.108328429993
0.0730106479104
0.0949622870406
0.0634947034125
0.139632681205
0.0762136920156
0.0
0.107761424924
0.125699870901
0.0902029816577
0.113793088287
0.0754527624232
0.0793275485547
0.0854264720192
0.0919849135015
0.106870208375
0.0741954985939
0.0
0.199247654333
0.0854114061141
0.124658500632
0.138567753423
0.069428534959
0.15483721558
0.0607680624153
0.145469900468
0.148183439307
0.068362601
0.0704991209752
0.0
0.0
0.0
0.0
0.0
0.0
0.0
0.0
0.0
0.0
0.0
0.0
0.0
0.0
0.280604645486
0.149137388602
0.118231943945
0.145546007512
0.0663548821672
0.145206914861
0.0584003195532
0.0831316133016
0.139339397317
0.0928544986087
0.0673321080411
0.152595749871
0.0
0.0
0.096828046715
0.207582558434
0.107126058976
0.409652253483
0.087353787641
0.0925897077651
0.0740718060616
0.145810811525
0.175212995051
0.0856730509045
0.0890553250317
0.0807823002619
0.0
0.0793419669181
0.0
0.200567595059
0.372508380655
0.147227706529
0.580602843834
0.22893329426
0.120307221617
0.134915167563
0.236559873682
0.200457357861
0.108885036778
0.232888069893
0.101105428186
0.0
0.0947162790642
0.380091940739
0.0
0.0958472860357
0.157934960332
0.0847264360093
0.150089982322
0.0638191598517
0.0858277347379
0.217059741991
0.0987490423524
0.100715946925
0.112776446271
0.0892564949729
0.0697286761326
0.0
0.10235019655
0.117921827809
0.128841952511
0.0
0.118695260258
0.0900385978392
0.106327368134
0.107766626357
0.0727550207586
0.184233537626
0.0958942413512
0.117303573542
0.174889683414
0.150191829522
0.0950907820857
0.196292757111
0.0
0.685480364853
0.11155786045
0.160710773462
0.0977484423866
0.0
0.0784388748507
0.140936558376
0.0717134234513
0.104621431624
0.180140196254
0.0747587965859
0.0622028679704
0.246634654138
0.115458595434
0.0701838228386
0.0724375720241
0.0811991918836
0.0
0.0824588819282
0.0833377372176
0.203262362164
0.0646328980654
0.0853700977222
0.0
0.0957780888801
0.202816078575
0.087095950101
0.391495162535
0.0864983388275
0.091629199456
0.073455802023
0.143442857984
0.171804940925
0.08485004898
0.0881663951653
0.0800501789602
0.0
0.0759916193431
8.83274066461
0.364410565683
0.116368249235
0.0845049908486
0.0825587873103
0.0
0.162308629553
0.100253434223
0.138852428012
0.164854506957
0.0949541358284
0.101173244135
0.079465275068
0.126096104824
0.131427973318
0.0929715246167
0.0969680568814
0.121766120718
0.0
0.0824413840102
0.117549565857
0.166147008877
0.0785630829469
0.0925574115224
0.0902277442739
0.116005716432
0.0
0.196683643612
0.104065268081
0.790542624714
0.15254342374
0.0724509523606
0.105547575204
0.0738505843207
0.145907355112
0.17104483674
0.163777636434
0.0959444525869
0.118601008806
0.0
0.138768617214
0.0849034051219
0.220468193062
0.103326813634
0.170053131951
0.097709602126
0.0840950539312
0.131378314019
0.0
0.108381493042
0.0897048593973
0.0906370394448
0.166812123535
0.0786674234621
0.492068991495
0.0739368816762
0.0924363329436
0.094074928466
0.101519508088
0.0960901598519
0.160421041691
0.0
0.0930231276264
0.0935681998097
0.251923488719
0.0804197136017
0.133841621612
0.0828579570928
0.0925873903678
0.102342713679
0.0943993561591
0.0
0.112948072596
0.132814026725
0.0938088451425
0.119592226131
0.0779593802275
0.0821029604705
0.08865373307
0.0957376130719
0.111969391045
0.0766179362291
2.34668826856
0.0726826504343
0.0
0.069321096358
0.0925682304131
0.258546527648
0.0927856035768
0.0991067116167
0.074744794288
0.0916081653461
0.101147600634
0.10003436185
0.100192766526
0.0
0.0
0.0
0.0
0.0
0.0
0.0
0.0
0.0
0.0
0.0
0.0
0.0
0.0
0.0
0.0
0.0
0.0
0.0
0.0
0.0
0.0
0.0
0.0
0.0
0.0
0.0801087338614
0.0797965725277
0.069982028295
0.0897308709421
0.0640619839269
0.0668336714185
0.127193540132
0.0710498613278
0.0730623140546
0.0631533880578
0.084809791627
0.0604553595431
0.0
0.0581114520924
0.0736077205868
0.133383430111
0.104388710408
0.0951178579144
0.0618752640074
0.0729993796264
0.0789313887298
0.0733892581355
0.0734744800802
0.087989759441
0.0
0.0
0.117236951891
0.0956870545624
0.115701789686
0.103511438726
0.0707903793605
0.075889409738
0.100084217217
0.098801309842
0.227030038262
0.0696825522019
0.102987043987
0.0826451790537
0.0
0.083950494056
0.121922217543
0.184636370119
0.0854034354109
0.120888725436
0.0755822804431
0.0818660345641
0.0894009576018
0.0866187821349
0.2038613601
0.107714202448
0.0
0.105773208641
0.0
0.111754808378
0.0769490399216
0.107576681407
0.110049161602
0.196857802903
0.118931177456
0.0640820000389
0.120102399941
0.114100286936
0.0725854033564
0.0749986827684
0.0690438843002
0.0
0.0660034489764
0.0867457461837
0.224803622571
0.0634940073618
0.0931749461389
0.177573397621
0.0859021074208
0.0942361191347
0.0720321839205
0.0781739540151
0.0774747263494
0.0
0.0637343587502
0.070390534273
0.0
0.0
0.0
0.0
0.0
0.0
0.0
0.0
0.0
0.0
0.0
0.0
0.0
0.0
0.0
0.0
0.0
0.0
0.0
0.0
0.0
0.0
0.0
0.0
0.0
0.0
0.0
0.0
0.0

Topic 6
Mean 0.123564841918
Median 0.0930174365576
Sum 46.8310750869
0.103115905788
0.113648927337
0.128396368257
0.0855151407707
0.072458983703
0.0775066815701
0.0900616451652
0.0756968956325
0.0812229997709
0.0760267370044
0.125124139901
0.0751571670616
0.0806019143723
0.0812319101003
0.548398363257
0.105597894517
0.0700318442852
0.074736065831
0.0741976301336
0.1247006703
0.303164406926
0.110238128954
0.113859207126
0.126839505181
0.0759050280879
0.0794658117931
0.0788712106104
0.0732457727956
0.109888245439
0.113485999208
0.126376526109
0.0757389813252
0.0792838394423
0.078691948208
0.0730911449382
0.304224688014
0.166113884827
0.0878948881885
0.0954341608056
0.0892870871164
0.0912137928557
0.362772244743
0.0896918358013
0.0930174365576
0.092768204487
0.0907285866994
0.0761674951583
0.081765063748
0.0867686037656
0.884471319885
0.147203044744
0.0793562192555
0.0799846004195
0.0798002470739
0.123064981611
0.455308262033
0.0871709599322
0.0945813173924
0.0742516122661
0.140116643247
0.195701632335
0.152071738608
0.0922070567555
0.0919621427341
0.128306263665
0.0821115405643
0.138188206368
0.0803209988703
0.0865707426728
0.0849587144336
0.090437504547
0.127614001643
0.0990143803844
0.0845773893124
0.0843712839262
0.11215906855
0.0975442885101
0.228454695008
0.109416404781
0.112982827278
0.12575286883
0.0755145354154
0.121119087766
0.131273089614
0.0728820963197
0.200497317436
0.199342934704
0.0924317070152
0.0795511249817
0.0916314570794
0.0840928543075
0.0894009576018
0.0752296115647
0.0806852413589
0.162401142049
0.0878389773795
0.106974662674
0.117770870019
0.07895099581
0.0787713709577
0.665655522087
0.117000091471
0.0788730020506
0.0937674093708
0.0785286216167
0.0952986131872
0.079362511374
0.0854583260405
0.0909392360558
1.0871039028
0.364515545688
0.120387923985
0.0835152970272
0.0833143293833
0.131626816734
0.438832688855
0.0819934842905
0.102846787143
0.138685353702
0.136509839505
0.0904325815141
0.0759587685417
0.0815245795238
0.0786153378196
0.455475002602
0.126928324311
0.0979587527747
0.0797544606855
0.0795711654781
0.107284090302
0.300649787208
0.100928258611
0.290550585036
0.0793234694166
0.102645587188
0.299073106363
0.0942361191347
0.104155843813
0.141162416779
0.067959118996
0.070799473124
0.0703271059506
0.065819629804
0.103128992515
0.102822718421
0.0813600574599
0.0712109834637
0.0807393930983
0.108566484272
0.102409489258
0.070390534273
0.0739961028864
0.104360717979
0.0987501448488
0.081741800058
0.0882235246223
0.094077015193
0.0863110712083
0.100888569888
0.0839612853763
0.0861542413793
0.085940388853
0.109858253613
0.109758405813
0.0840304158776
0.125261445459
0.0856515244065
0.104999528964
0.116517969909
0.11176168185
0.0760603159014
0.123748120969
0.0894899797135
0.0973175611941
0.0754102759672
0.0831092273618
0.0852338467588
0.109421705219
0.0948057625229
0.0945468683403
0.348143678425
0.0794354298958
0.101473227047
0.0911006260038
0.0941973680044
0.122579770681
0.125417485602
0.0725473595311
0.199258864532
0.0855174196992
0.11326389145
0.117089926315
0.13086184828
0.0773274077041
0.0810261438031
0.0804080538861
0.128906709617
0.126360093219
0.125900601013
0.0951625080416
0.0815655746944
0.581963147688
0.164366135384
0.125281620685
0.0804909803191
0.0852404324698
0.138761078254
0.552612863139
0.0879913211912
0.311622373226
0.0936277143143
0.0782003056319
0.0841122402317
0.0676421360581
0.0704555068975
0.0699877032294
0.241335494801
0.0822292655303
0.0820344323156
0.0809061538517
0.0708630169481
0.160017579272
0.116171024269
0.0817711885055
0.070050520538
0.0736204573858
0.102768036626
0.0729847559304
0.0756634760789
0.0693434935488
0.159591356819
0.101979464062
0.0839421137852
0.0907921040195
0.0718959872291
0.112518588557
0.136242357325
0.0695057962877
0.0886020701884
0.0883759089514
0.0870678412098
0.0755456419568
0.0863574174067
0.0796297834467
0.160636688154
0.0746229173857
0.144243518829
0.0753403050409
0.0779618349799
0.0810260234399
0.0738211069858
0.0905462016537
0.0775449593977
0.0
0.0
0.0
0.0
0.0
0.0
0.0
0.0
0.0
0.0
0.0
0.0
0.0
0.0
0.0
0.0
0.0
0.0
0.0
0.0
0.0
0.0
0.0
0.136222510665
0.141794979473
0.162505493146
0.0873819051058
0.0921345890713
0.0913362400994
0.0838762635679
0.577920801198
0.568432517784
0.110860669116
0.0928327048438
0.109711484853
0.099077096029
0.307006784994
0.0914432542034
0.097622754931
0.0925228343831
0.125529524501
0.101247893356
0.113410301583
0.161719399014
0.0958701119501
0.104645451208
0.0
0.0
0.0
0.0
0.0
0.0
0.0
0.0
0.0
0.0
0.0
0.0
0.0
0.0
0.0
0.0
0.0
0.0
0.0
0.0753978863332
0.0
0.0
0.0
0.0
0.0
0.0
0.102961873776
0.307041064562
0.101656450831
0.097891855139
0.204158556085
0.131138533694
0.0931777235894
0.0989188331223
0.0986370212139
0.146708516065
0.146530503201
0.0870608557922
0.111829278947
0.0982566884388
0.580556831867
0.158831879593
0.124691765608
0.0990766031661
0.128182646993
0.0886580663419
0.101348277039
0.0781116853052
0.0838400104065
0.0
0.119346589579
0.0
0.099268157078
0.0820964180105
0.0886367533981
0.0705377296504
0.152407935451
0.131445957357
0.0915914559965
0.0865482696332
0.0863324589656
0.0850837554709
0.0740474227121
0.0844052146014
0.0779669749795
0.154010685524
0.0731607193405
0.138878308703
0.107538312865
0.0763672588346
0.0793050220397
0.0723898609267
0.0884023725342
0.0759672180621
0.160895616725
0.0
0.101792514061
0.0
0.176210804836
0.0902277442739
0.0992810008987
0.132354586873
0.0658494669034
0.0862073286531
0.0787167695177
0.0922539881459
0.0983475896993
0.0980690186641
0.0783547599718
0.0785511352005
0.104981684637
0.110982054419
0.0976930452311
0.0755822804431
0.0784430882093
0.0986862953393
0.177573397621
0.0734274577938
0.0796198881463
0.104798062072
0.106973664744
0.0751980793638
0.0
0.118516039829
0.0
0.0825008150965
0.0737134786558
0.123593057095
0.109535771973
0.106337552969
0.067057227855
0.0698211600197
0.115065628417
0.234051698348
0.0959121731153
0.095647209377
0.102349217626
0.0702213442226
0.15678246236
0.126021765831
0.0952895420868
0.0694234128437
0.072928119134
0.101423961842
0.0891533312439
0.0749323697227
0.084520602681
0.156373277759
0.359580850886
0.0767772253716
0.0
0.114997194453
0.0
0.080780140873
0.075230258632
0.125334743729

Topic 3
Mean 0.099913225538
Median 0.06971353921
Sum 22.6803021971
0.0
0.0751682770728
0.0
0.11440018069
0.0
0.102558745097
0.0634812156636
0.0
0.0674854226629
0.0697924041746
0.0
0.0
0.0
0.0
0.0
0.0
0.0
0.0
0.0
0.0
0.0
0.0
0.0
0.0
0.0
0.0
0.0
0.0
0.0
0.0
0.0
0.0
0.0
0.0
0.0
0.0
0.0624161136567
0.0
0.0655726138579
0.0851828876093
0.0548554693136
0.0
0.0
0.0
0.0
0.0645356482017
0.0
0.0820872167854
0.0709827643532
0.0522045115172
0.0
0.0
0.0
0.0
0.051052481002
0.0602707634183
0.0
0.0638687226348
0.0736759509375
0.0636506740609
0.0
0.0
0.0
0.0
0.054072588604
0.0500136695886
0.0690806732689
0.0
0.0831636585032
0.0866951178454
0.0723506479097
0.0
0.0
0.0
0.0
0.135529680685
0.0611175938654
0.057335236202
0.0716814844424
0.0
0.0
0.0
0.0752086017449
0.0
0.0
0.0
0.0
0.142352374026
0.0
0.0
0.145292033609
0.0
0.0
0.0
0.0
0.0
0.0
0.0
0.0
0.0
0.0
0.0
0.0
0.0
0.0
0.106350904338
0.0
0.0966521206869
0.11797228833
0.42377177361
0.0
0.0
0.0
0.0
0.102764808094
0.0647930778629
0.0773267600889
0.163763354036
0.108928021599
0.0
0.0
0.0
0.0
0.0
0.0
0.0
0.0
0.0
0.0
0.0
0.0
0.0
0.0
0.0
0.0
0.0
0.0739348402497
0.0
0.123966646715
0.100276280295
0.0664895664248
0.0
0.0
0.0
0.0
0.0646320173062
0.109082750998
0.0629760406748
0.0816565047899
0.0
0.0
0.0883527364317
0.0
0.0598331134221
0.0
0.0633774735125
0.0778313168269
0.0631627606613
0.0
0.0
0.0
0.0
0.0643121764126
0.0497119329793
0.094630284358
0.0569390399336
0.0
0.0
0.0766078382834
0.0
0.0624983764417
0.0788932022181
0.0
0.0701081413825
0.132572065886
0.0530746795126
0.0
0.0
0.0
0.0
0.0638016923728
0.0537602721762
0.0571197860096
0.0623136656266
0.0
0.0
0.0727683379193
0.0
0.0690339921618
0.0595861729177
0.0585759470928
0.0
0.0631268509811
0.0781873237562
0.0489744334043
0.0
0.0
0.0
0.0
0.0645550560996
0.0801280274634
0.0511665757358
0.0567366704376
0.0
0.0
0.0669681908994
0.0
0.0622546449981
0.0602427604024
0.0597946101298
0.0722958858943
0.0
0.083445978605
0.104712162134
0.0566941362093
0.0
0.0
0.0
0.0
0.0800163086695
0.0764264968694
0.0613338868247
0.06736285484
0.0640445534714
0.0
0.0855237788462
0.0
0.111495293704
0.0734953453939
0.0741613790581
0.0738127101612
0.0742840328784
0.0
0.0787984286708
0.108934995843
0.0579095603039
0.0
0.0
0.0
0.0
0.0841705294894
0.058726713125
0.0627588877858
0.0690857074488
0.0
0.0
0.0883200921352
0.0
0.077444054036
0.076985290487
0.0762549380409
0.0773335825737
0.100625977247
0.0618177792221
0.0
0.0715764931351
0.111660305056
0.0539119458356
0.0
0.0
0.0
0.0
0.059469904513
0.125165976494
0.0893579292134
0.0799190143103
0.0
0.0
0.10865428404
0.0
0.0704572377203
0.0557908706385
0.0631766311788
0.0841681564965
0.0683724690254
0.0701480324435
0.122212029596
0.0
0.0862973615221
0.127341822139
0.0746058989586
0.0
0.0
0.0
0.0
0.0705493034808
0.0929322553243
0.0588074840818
0.145273747765
0.230936791444
0.0
0.11304923266
0.0
0.0846755927333
0.0642369096247
0.0698389840882
0.0645457526859
0.0815058069294
0.0840416510788
0.0733651398975
0.0582643794076
0.0
0.0632460396326
0.0817296703391
0.0490461404289
0.0
0.0
0.0
0.0
0.0641768412608
0.04963103214
0.0509286843186
0.056832931655
0.0
0.0
0.066561260562
0.0
0.0623705597867
0.0599132586201
0.0594699792796
0.0601239945035
0.073318654815
0.0767914432332
0.0607680477142
0.064376536801
0.0727861142466
0.0
0.0652434902875
0.108352907441
0.0502388932094
0.0
0.0
0.0
0.0
0.0597475555854
0.0508527568169
0.0538485871807
0.058440690605
0.0
0.0
0.0675412745601
0.0
0.06431224512
0.0560351606625
0.0759692534689
0.0562194562712
0.0687397268328
0.0705346664798
0.0591990653923
0.0650103274529
0.0559323914379
0.0521713199298
0.0
0.0
0.0
0.0540150265573
0.0
0.0
0.0
0.0
0.0518562318081
0.0
0.0
0.0672226480003
0.0696829440961
0.0
0.0694570355528
0.0
0.0
0.0
0.0
0.0
0.0480050410029
0.0
0.0
0.0691652455665
0.0
0.0
0.151184015041
0.0
0.0987855203162
0.113856301836
0.0680242560377
0.0
0.0
0.0
0.0
0.0777786944981
0.0691545777157
0.0647079839913
4.93705469697
0.094081137524
0.0
0.177755885838
0.0
0.0966661784547
0.071603268745
0.0786341607871
0.0719044697811
0.0937423838418
0.0971125457348
0.0942407154623
0.231710763699
0.0714355481863
0.072565569087
0.0631068570057
0.0753151636332
0.0
0.0672682508472
0.122771051828
0.0514309331823
0.0
0.0
0.0
0.0
0.0614411356296
0.0520744597779
0.055220417349
0.060059989206
0.0
0.0
0.06971353921
0.0
0.0662787467476
0.0575222000118
0.145546413442
0.0577164238923
0.0709910495321
0.0729071267689
0.06086126107
0.0670204190304
0.0574139091834
0.0726459333397
0.0
0.0750790508027

Topic 7
Mean 0.0816844635024
Median 0.0721060643541
Sum 11.3541404268
0.0
0.0619152594096
0.0
0.0
0.0
0.0
0.0
0.0
0.0
0.0
0.0728197110661
0.0
0.0762973964218
0.0
0.0
0.0702547732203
0.0
0.0601417264462
0.0
0.0
0.0703787753945
0.070622889299
0.0
0.0539769011189
0.0
0.0
0.0620814100072
0.0676777911309
0.0
0.0
0.0
0.0
0.0
0.0
0.0
0.0
0.0
0.0
0.0
0.0
0.0
0.0
0.0
0.0
0.0
0.0706526417689
0.0
0.0578201261124
0.0
0.0
0.0672203195455
0.0671316171969
0.0627020386438
0.0
0.0
0.0
0.0
0.0
0.0
0.0
0.0
0.0
0.0
0.0
0.0
0.0
0.0731827636619
0.0
0.0766960489278
0.0
0.0
0.200497317436
0.0707178400195
0.0623450890482
0.0
0.0
0.067529567138
0.0
0.0769903309757
0.0
0.0580567051169
0.0
0.0
0.080270781366
0.067305941085
0.0676437292374
0.0
0.0
0.0676710240067
0.0
0.0807121568759
0.0746704677339
0.0
0.0783316182806
0.0
0.0
0.12575286883
0.0721060643541
0.0634215492302
0.0
0.0
0.0687943192618
0.0
0.126839505181
0.102279277824
0.070245311473
0.0
0.0554477955782
0.0
0.0
0.0640351616775
0.062093632177
0.0633556536241
0.0
0.0
0.0624042286015
0.0
0.0643157357535
0.0672972569027
0.0654619479909
0.0
0.0
0.0
0.0
0.0
0.0
0.0
0.0
0.0
0.0
0.0
0.0
0.0
0.0
0.0
0.0
0.0811021770585
0.0
0.0628133917541
0.0
0.0
0.0828133190868
0.0704274419973
0.072055398259
0.0
0.0
0.0892655439676
0.0
0.0832831799575
0.0771977443992
0.0852152983831
0.0719117961156
0.0
0.0
0.0
0.0
0.0
0.0
0.0
0.0
0.0
0.0
0.0
0.0
0.0
0.0
0.0
0.0
0.0
0.0
0.0
0.0713908963254
0.0
0.0689429984818
0.0
0.0
0.0827391671797
0.0677977755076
0.0632828061187
0.0
0.0
0.0910075727782
0.0
0.0832081846077
0.0683479845511
0.0851367846184
0.0629794670371
0.0
0.0904472628656
0.0
0.0699742411796
0.0
0.0731794702706
0.0
0.0
0.112982827278
0.0677173841483
0.0600012871601
0.0
0.0
0.0647883165097
0.0
0.113859207126
0.0813397598294
0.128396368257
0.0618243835953
0.0
0.0791528753818
0.0
0.0790851311185
0.0672473673388
0.0
0.0702023756919
0.0
0.0
0.16145571614
0.0651603578455
0.0579851103449
0.0
0.0
0.062443881764
0.0
0.163251367597
0.0735523525773
0.110010639008
0.0596860084762
0.0
0.0756814510159
0.0
0.0756195162737
0.100111848394
0.0
0.0
0.0
0.0
0.0
0.0
0.0
0.0
0.0
0.0
0.0
0.0
0.0
0.0
0.0
0.0
0.0
0.0
0.0
0.0
0.0
0.0
0.0
0.0
0.0
0.0
0.0
0.0
0.0
0.0
0.0
0.0
0.0662240942986
0.0
0.0
0.0787769086209
0.0
0.0
0.0
0.114461364419
0.0
0.0
0.0
0.0
0.0
0.0
0.0
0.0
0.0
0.0
0.0
0.0
0.0
0.0
0.0
0.0
0.0
0.0
0.0
0.0
0.0
0.0
0.0
0.0
0.0
0.0
0.0
0.0
0.0
0.082075542412
0.0
0.0865204652316
0.0
0.0
0.109416404781
0.0789878109937
0.0686849342849
0.0
0.0
0.0992297574215
0.0
0.110238128954
0.0754299723087
0.113648927337
0.0710844601541
0.0
0.0836612701038
0.0
0.0948989324569
0.103115905788
0.0973016083948
0.0
0.0
0.0
0.0596147048953
0.0
0.0537166226329
0.0
0.0
0.0724528515637
0.0897744001924
0.057748815621
0.0
0.0
0.0573506724412
0.0
0.0728122462908
0.0639912932961
0.0899167558775
0.0536331426511
0.0
0.0597389866315
0.0
0.0578361540885
0.0733226167453
0.066934384949
0.0
0.0
0.0
0.0682640380057
0.0
0.0
0.0
0.0
0.0
0.0
0.0
0.0
0.0
0.0
0.0
0.0
0.0
0.0
0.0
0.0
0.0
0.0
0.0
0.0
0.0
0.0
0.0
0.0
0.0
0.0
0.0
0.0
0.0
0.0
0.0
0.0
0.0
0.0
0.0
0.0
0.0
0.0
0.0
0.0
0.0
0.0
0.0
0.0
0.0
0.0
0.0
0.0
0.0
0.0
0.0
0.0
0.0
0.0
0.0
0.0730284014446
0.0
0.0765265271865
0.0
0.0
0.199342934704
0.0705736908231
0.0622330257052
0.0
0.0
0.0673981106286
0.0
0.304224688014
0.0805244383801
0.126376526109
0.064196482871
0.0
0.0830833265378
0.0
0.0830086905253
0.113485999208
0.162485222362
0.0
0.0
0.0
0.109888245439
0.0726594415274
0.0
0.0

