Topic 0
Mean 2.72315140224
Median 2.62973016199
Sum 87.0150292207
2.58818279411
0.258867922057
-0.0314539127118
2.67127752987
2.58818279411
0.258867922057
4.4755190297
1.901615776
1.88395990989
2.4073371456
0.258867922057
-0.0314539127118
0.258867922057
5.70609336725
0.258867922057
5.65937173778
-0.0314539127118
4.0169117007
2.67127752987
3.40989710727
0.258867922057
3.52097462311
1.901615776
1.88395990989
5.70609336725
4.05787786643
6.54796313718
3.52097462311
2.99292963378
-0.0314539127118
0.258867922057
2.4073371456
6.20895380081
0.258867922057
2.83996363694
3.50163155289
0.0
0.0
0.0
0.0
0.0
0.0
0.0
0.0
0.0

Topic 8
Mean 3.00402393853
Median 2.58818279411
Sum 50.9740452169
0.0
1.05525050774
0.0
3.50163155289
0.0
2.58818279411
8.25125672243
0.0
2.58818279411
3.50163155289
3.50163155289
0.0
1.901615776
7.25416421293
6.54796313718
0.0
0.0
-0.0314539127118
0.258867922057
0.258867922057
2.52163044914
0.0
0.0
0.0
0.0
0.0
0.0
0.0
0.0
0.0
0.0
0.0
0.0
0.0
0.0
0.0
-0.0314539127118
0.0
-0.0314539127118
3.40989710727
0.258867922057
3.40989710727
0.258867922057
0.0
0.0

Topic 2
Mean 2.79925824459
Median 2.52089831331
Sum 58.7844231365
0.0
1.05525050774
0.0
6.13004001102
0.0
2.83769948638
4.29949985932
0.0
4.56834585101
4.29949985932
0.258867922057
0.0
1.45665308339
0.258867922057
2.62680878715
2.4661451261
0.0
1.05525050774
2.4661451261
2.52089831331
0.258867922057
1.05525050774
0.0
5.80734220873
2.83769948638
3.74236277852
7.72767736262
1.05525050774
0.0
0.0
0.0
0.0
0.0
0.0
0.0
0.0
0.0
0.0
0.0
0.0
0.0
0.0
0.0
0.0
0.0

Topic 1
Mean 2.77578317809
Median 2.4073371456
Sum 94.376628055
0.0
0.0
2.4073371456
0.0
5.87477909224
2.19139394082
0.0
2.4073371456
2.52944812723
2.19139394082
0.0
0.258867922057
0.258867922057
0.258867922057
0.258867922057
0.0
6.20895380081
2.4073371456
2.52089831331
2.83996363694
0.258867922057
0.0
1.47825664166
1.47825664166
1.47825664166
1.05525050774
0.0
0.0
0.0
6.26553350544
4.25179587426
4.56834585101
2.52944812723
0.258867922057
4.01224498126
1.47825664166
0.0
6.70352506916
3.68633587351
7.14395331171
2.52944812723
0.258867922057
4.58301236937
1.47825664166
6.26553350544

Topic 3
Mean 1.67162149927
Median 1.901615776
Sum 15.0445934934
0.0
1.901615776
0.0
2.65803170655
0.0
1.47825664166
2.52089831331
0.0
0.258867922057
0.258867922057
0.0
0.0
0.0
0.0
0.0
0.0
0.0
0.0
0.0
0.0
0.0
0.0
0.0
0.0
0.0
0.0
0.0
0.0
0.0
0.0
0.0
0.0
0.0
0.0
0.0
0.0
1.901615776
0.0
2.58818279411
1.47825664166
0.0
0.0
0.0
0.0
0.0

Topic 5
Mean 2.46324402379
Median 1.88395990989
Sum 24.6324402379
0.0
1.47825664166
0.0
2.52163044914
0.0
4.60064365519
0.0
0.0
0.0
0.0
0.258867922057
0.0
1.88395990989
1.88395990989
0.0
0.0
0.0
0.0
0.0
0.0
0.0
0.258867922057
0.0
5.26165026291
4.60064365519
0.0
1.88395990989
0.0
0.0
0.0
0.0
0.0
0.0
0.0
0.0
0.0
0.0
0.0
0.0
0.0
0.0
0.0
0.0
0.0
0.0

Topic 4
Mean 2.46324402379
Median 1.88395990989
Sum 24.6324402379
2.52163044914
4.60064365519
1.47825664166
4.60064365519
0.258867922057
5.26165026291
0.0
0.0
0.0
0.0
1.88395990989
0.258867922057
1.88395990989
1.88395990989
0.0
0.0
0.0
0.0
0.0
0.0
0.0
0.0
0.0
0.0
0.0
0.0
0.0
0.0
0.0
0.0
0.0
0.0
0.0
0.0
0.0
0.0
0.0
0.0
0.0
0.0
0.0
0.0
0.0
0.0
0.0

Topic 9
Mean 1.39103290026
Median 1.45665308339
Sum 23.5531975662
0.0
0.0
0.258867922057
0.0
0.0
0.0
0.0
1.88395990989
0.258867922057
0.0
0.0
-0.0314539127118
-0.0314539127118
0.0
-0.0314539127118
0.0
3.40989710727
2.4073371456
0.0
1.88395990989
1.47825664166
0.0
0.0
0.0
0.0
0.0
0.0
0.0
0.0
0.258867922057
2.4073371456
0.0
0.258867922057
1.47825664166
5.17095834295
0.0
0.0
1.45665308339
0.258867922057
0.0
0.258867922057
0.0
0.258867922057
0.0
0.258867922057

Topic 7
Mean 1.00117128339
Median 0.258867922057
Sum 7.94646244168
0.0
0.258867922057
0.0
0.0
0.0
0.0
0.0
0.0
0.0
0.0
0.258867922057
0.0
0.258867922057
0.0
0.0
1.47825664166
0.0
-0.0314539127118
0.0
0.0
-0.0314539127118
2.46487936388
0.0
0.258867922057
0.0
0.0
0.258867922057
2.77189465128
0.0
0.0
0.0
0.0
0.0
0.0
0.0
0.0
0.0
0.0
0.0
0.0
0.0
0.0
0.0
0.0
0.0

Topic 6
Mean 1.23067979989
Median 0.258867922057
Sum 55.3805909948
0.258867922057
0.258867922057
1.83162575173
0.258867922057
0.258867922057
0.258867922057
0.258867922057
0.258867922057
0.258867922057
2.52944812723
1.88395990989
0.258867922057
0.258867922057
3.29569822177
5.17095834295
1.88395990989
0.258867922057
0.258867922057
1.47825664166
2.8723591574
6.62453422756
0.258867922057
1.45665308339
1.45665308339
0.258867922057
0.258867922057
0.258867922057
0.258867922057
0.258867922057
1.45665308339
1.45665308339
0.258867922057
0.258867922057
0.258867922057
0.258867922057
3.90568410763
1.88395990989
0.258867922057
0.258867922057
1.47825664166
1.05525050774
5.04550132091
1.88395990989
0.258867922057
0.258867922057

