Topic 5
Mean 2.32176599603
Median 2.29936554321
Sum 779.767381626
0.0
1.47825664166
0.0
2.52163044914
0.0
4.60064365519
0.0
0.0
0.0
0.0
0.258867922057
0.0
1.88395990989
1.88395990989
0.0
0.0
0.0
0.0
0.0
0.0
0.0
0.258867922057
0.0
5.26165026291
4.60064365519
0.0
1.88395990989
0.0
0.0
0.0
0.0
0.0
0.0
0.0
0.0
0.0
0.0
0.0
0.0
0.0
0.0
0.0
0.0
0.0
0.0
0.0
0.0
0.0
0.0
0.0
0.0
0.0
0.0
0.0
0.0
1.47825664166
0.0
1.901615776
1.05525050774
0.0
0.0
0.0
0.0
0.0
0.0
0.0
2.52163044914
0.0
4.56834585101
2.52163044914
0.0
0.258867922057
0.0
0.258867922057
0.0
0.0
0.0
1.901615776
0.258867922057
0.0
5.26165026291
4.60064365519
0.0
1.88395990989
0.0
5.26165026291
0.0
0.0
0.0
0.0
2.43221116349
0.258867922057
0.0
0.258867922057
0.258867922057
0.0
0.258867922057
0.0
0.258867922057
0.0
0.0
0.0
0.0
1.45665308339
1.45665308339
0.258867922057
0.0
5.86143761747
4.47112142302
0.0
1.88395990989
0.0
4.80226415306
0.0
0.0
0.0
0.0
2.61620369493
5.56213475743
0.258867922057
0.0
0.0
0.0
0.0
0.0
0.0
0.0
0.0
0.0
0.0
0.0
0.0
0.0
0.0
0.0
0.0
0.0
0.0
0.0
0.0
0.0
0.0
0.0
0.0
0.0
0.0
0.0
0.0
0.0
0.0
0.0
0.0
0.0
2.52163044914
0.0
0.258867922057
2.67127752987
0.0
0.258867922057
0.0
2.67127752987
0.0
0.0
0.0
0.0
4.01224498126
0.258867922057
0.258867922057
0.258867922057
0.0
0.0
0.0
0.0
0.0
0.0
0.0
0.0
0.0
0.0
0.0
0.0
0.0
0.0
0.0
0.0
0.0
0.0
0.0
0.0
0.0
3.46734801976
0.0
4.56834585101
4.05787786643
0.0
1.88395990989
0.0
4.05787786643
0.0
0.0
0.0
1.901615776
4.56834585101
4.05787786643
0.258867922057
3.40989710727
0.0
0.0
2.52163044914
0.0
1.47825664166
0.0
2.83769948638
4.030320622
0.0
0.258867922057
0.0
4.030320622
0.0
0.0
0.0
1.901615776
7.17810511094
1.45665308339
1.45665308339
2.61620369493
0.0
0.0
4.76291215958
0.0
4.4755190297
0.0
0.0
0.0
0.0
0.0
0.0
0.0
0.0
0.0
0.0
0.0
0.0
0.0
0.0
0.0
0.0
0.0
0.0
0.0
0.0
0.0
0.0
3.08315141329
0.0
4.05787786643
4.05787786643
0.0
1.88395990989
0.0
4.05787786643
0.0
0.0
0.0
1.47825664166
6.57230158638
4.05787786643
1.45665308339
3.40989710727
0.0
0.0
2.67127752987
0.0
5.87477909224
2.67127752987
0.0
0.258867922057
0.0
0.258867922057
0.258867922057
0.0
0.258867922057
0.0
0.258867922057
0.0
0.0
0.0
0.0
1.45665308339
1.45665308339
3.07502873886
0.258867922057
0.0
0.0
0.258867922057
0.0
0.258867922057
1.45665308339
0.0
1.45665308339
1.47825664166
0.0
2.83769948638
1.05525050774
0.0
-0.0314539127118
0.0
-0.0314539127118
0.0
0.0
0.0
1.901615776
2.83769948638
-0.0314539127118
-0.0314539127118
-0.0314539127118
0.0
0.0
-0.0314539127118
0.0
2.83769948638
5.2134863777
0.0
1.47825664166
-0.0314539127118
0.258867922057
0.0
0.258867922057
0.258867922057
0.0
0.258867922057
0.0
0.258867922057
0.0
0.0
0.0
0.0
0.258867922057
0.258867922057
0.258867922057
0.258867922057
0.0
0.0
0.258867922057
0.0
0.258867922057
0.258867922057
0.0
0.258867922057
2.8412333706
-0.0314539127118
0.258867922057
0.0
0.258867922057
0.258867922057
0.0
0.258867922057
0.0
0.258867922057
0.0
0.0
0.0
0.0
1.45665308339
1.45665308339
3.90568410763
0.258867922057
0.0
0.0
0.258867922057
0.0
0.258867922057
1.45665308339
0.0
1.45665308339
3.07502873886
-0.0314539127118
0.258867922057
0.0
0.0
0.0
0.0
0.0
0.0
0.0
0.0
0.0
0.0
0.0
0.0
2.19139394082
0.0
0.0
4.94158870798
0.0
0.0
0.0
0.0
2.19139394082
2.19139394082
0.0
2.88105501423
0.0
0.0
0.0
0.0
0.258867922057
0.0
0.258867922057
0.258867922057
0.0
0.258867922057
0.0
0.258867922057
0.0
0.0
0.0
0.0
1.45665308339
1.45665308339
3.90568410763
0.258867922057
0.0
0.0
0.258867922057
0.0
0.258867922057
1.45665308339
0.0
1.45665308339
3.07502873886
-0.0314539127118
0.258867922057
3.90568410763
0.0
0.258867922057
0.0
5.08107100209
4.60064365519
0.0
1.88395990989
0.0
6.34173350974
0.0
0.0
0.0
0.0
1.45665308339
4.83207011445
1.45665308339
4.80226415306
0.0
0.0
2.67127752987
0.0
4.05787786643
4.030320622
0.0
5.19613229774
1.45665308339
-0.0314539127118
0.258867922057
1.45665308339
4.49118520715
1.45665308339
0.0
0.0
0.0
0.0
0.0
0.0
0.0
0.0
0.0
0.0
0.0
0.0
0.0
0.0
0.0
0.0
0.0
0.0
0.0
0.0
0.0
0.0
0.0
0.0
0.0
0.0
0.0
0.0
0.0
0.0
0.0
0.258867922057
0.0
0.258867922057
2.67127752987
0.0
0.258867922057
0.0
2.67127752987
0.0
0.0
0.0
0.0
0.258867922057
0.258867922057
0.258867922057
0.258867922057
0.0
0.0
3.68633587351
0.0
0.258867922057
3.68633587351
0.0
2.67127752987
0.258867922057
0.0
0.258867922057
0.258867922057
0.0
0.258867922057
2.67127752987
0.0
0.0
0.0
0.0
0.0
0.0
0.0
0.0
0.0
0.0
0.0
0.0
0.0
0.0
0.0
0.0
0.0
0.0
0.0
0.0
0.0
0.0
0.0
0.0
0.0
0.0
0.0
0.0
0.0
0.0
0.0
0.0
0.0
0.0
0.258867922057
0.0
0.258867922057
0.258867922057
0.0
0.258867922057
0.0
0.258867922057
0.0
0.0
0.0
0.0
2.43221116349
2.43221116349
1.45665308339
0.258867922057
0.0
0.0
0.258867922057
0.0
0.258867922057
1.45665308339
0.0
5.19613229774
1.45665308339
0.0
0.258867922057
1.45665308339
0.0
1.45665308339
5.19613229774
0.0
0.258867922057
0.0
3.46734801976
0.0
5.51153456367
4.36773432198
0.0
2.75253889114
0.0
2.67127752987
0.0
0.0
0.0
1.901615776
3.74236277852
1.45665308339
1.45665308339
3.50163155289
0.0
0.0
3.68633587351
0.0
3.74236277852
6.73692478954
0.0
6.04500794652
2.8412333706
5.2134863777
2.8412333706
1.45665308339
2.88105501423
1.45665308339
2.88105501423
0.0
3.68633587351
0.0
1.45665308339
3.0438081324
0.0
1.47825664166
2.52163044914
0.0
0.258867922057
0.0
0.258867922057
0.0
0.0
0.0
1.47825664166
4.26844152781
1.45665308339
3.90568410763
2.83996363694
0.0
0.0
3.93610638673
0.0
2.52163044914
6.84345544641
0.0
4.57202000732
3.07502873886
1.47825664166
2.52944812723
3.90568410763
3.52097462311
3.90568410763
1.45665308339
0.0
0.258867922057
0.0
1.45665308339
5.54715792378
1.47825664166
0.0
5.26165026291
4.60064365519
0.0
1.88395990989
0.0
5.26165026291
0.0
0.0
0.0
2.46487936388
4.56834585101
5.26165026291
0.258867922057
3.50163155289
0.0
0.0
3.68633587351
0.0
6.70352506916
5.98323683613
0.0
4.79430379079
2.8412333706
2.83769948638
2.8412333706
0.258867922057
2.88105501423
0.258867922057
4.83207011445
0.0
3.68633587351
0.0
0.258867922057
6.79853690686
2.52944812723
3.0438081324
0.0
2.83769948638
2.52163044914
0.0
1.88395990989
0.0
1.88395990989
0.0
0.0
0.0
2.58818279411
2.83769948638
2.43221116349
3.07502873886
3.50163155289
0.0
0.0
3.93610638673
0.0
2.83769948638
5.29243235454
0.0
4.92320565668
3.07502873886
2.83769948638
0.258867922057
3.07502873886
2.88105501423
3.07502873886
2.88105501423
0.0
0.258867922057
0.0
2.43221116349
5.17341645977
3.93610638673
6.40435187644
1.47825664166
0.0
1.901615776
2.67127752987
0.0
0.258867922057
0.0
2.67127752987
0.0
0.0
0.0
2.58818279411
2.4073371456
0.258867922057
0.258867922057
2.4073371456
0.0
0.0
3.68633587351
0.0
2.4073371456
3.68633587351
0.0
2.67127752987
4.87841428675
1.901615776
3.29569822177
0.258867922057
2.19139394082
0.258867922057
2.67127752987
0.0
3.68633587351
0.0
0.258867922057
6.72654899473
2.52944812723
3.68633587351
2.58818279411

Topic 1
Mean 2.27456231538
Median 2.38213819477
Sum 1117.63777918
0.0
0.0
2.4073371456
0.0
5.87477909224
2.19139394082
0.0
2.4073371456
2.52944812723
2.19139394082
0.0
0.258867922057
0.258867922057
0.258867922057
0.258867922057
0.0
6.20895380081
2.4073371456
2.52089831331
2.83996363694
0.258867922057
0.0
1.47825664166
1.47825664166
1.47825664166
1.05525050774
0.0
0.0
0.0
6.26553350544
4.25179587426
4.56834585101
2.52944812723
0.258867922057
4.01224498126
1.47825664166
0.0
6.70352506916
3.68633587351
7.14395331171
2.52944812723
0.258867922057
4.58301236937
1.47825664166
6.26553350544
0.0
2.52163044914
0.258867922057
0.258867922057
0.258867922057
0.258867922057
2.52163044914
0.0
4.26844152781
0.258867922057
0.0
1.901615776
2.58818279411
1.901615776
1.05525050774
-0.0314539127118
-0.0314539127118
1.47825664166
1.901615776
2.46487936388
-0.0314539127118
0.0
3.40989710727
0.258867922057
3.40989710727
2.83996363694
0.258867922057
3.50163155289
0.0
4.47112142302
3.50163155289
0.258867922057
-0.0314539127118
0.0
0.0
0.0
0.0
0.0
0.0
0.0
0.0
0.0
0.0
0.0
0.0
0.0
0.0
4.80335301107
2.4073371456
2.19139394082
2.4073371456
0.258867922057
3.23016303709
0.0
2.52163044914
3.23016303709
2.52163044914
-0.0314539127118
3.23016303709
0.0
0.0
0.258867922057
3.29569822177
2.75253889114
2.52944812723
0.258867922057
0.258867922057
0.0
3.29569822177
2.88105501423
0.258867922057
0.0
0.258867922057
0.0
0.258867922057
0.0
1.901615776
4.25179587426
1.901615776
5.10439641431
2.62680878715
1.80186789467
1.47825664166
4.25179587426
2.8412333706
1.80186789467
1.901615776
1.88395990989
0.0
1.80186789467
3.29569822177
0.0
2.83769948638
4.87841428675
2.83769948638
2.52944812723
0.258867922057
2.52163044914
7.02222202344
4.26844152781
2.8412333706
4.26844152781
2.58818279411
0.258867922057
0.0
2.52163044914
3.29569822177
3.29569822177
0.0
3.46734801976
1.47825664166
2.75253889114
1.05525050774
0.258867922057
3.46734801976
2.65803170655
4.26844152781
3.23016303709
4.57202000732
1.47825664166
3.23016303709
0.0
4.99065912401
2.88105501423
1.80186789467
4.26844152781
0.0
0.258867922057
3.68633587351
0.258867922057
0.258867922057
4.49511013899
0.258867922057
0.0
5.92359866041
3.68633587351
0.258867922057
-0.0314539127118
0.258867922057
0.0
0.258867922057
0.258867922057
2.62680878715
0.258867922057
0.258867922057
0.0
0.258867922057
3.29569822177
0.258867922057
2.52944812723
0.258867922057
0.258867922057
0.0
3.29569822177
2.8412333706
0.258867922057
-0.0314539127118
0.258867922057
0.0
0.258867922057
4.97054296193
3.29569822177
3.29569822177
0.258867922057
0.258867922057
0.0
1.88395990989
0.258867922057
1.88395990989
0.258867922057
0.258867922057
0.258867922057
0.0
1.88395990989
1.88395990989
0.258867922057
-0.0314539127118
1.88395990989
0.0
0.258867922057
0.258867922057
1.88395990989
0.258867922057
0.258867922057
0.258867922057
0.258867922057
0.0
4.05787786643
2.67127752987
7.32528350841
4.29949985932
0.258867922057
3.46734801976
1.47825664166
4.26844152781
5.33560560486
4.57202000732
1.901615776
3.40989710727
0.0
4.67476355543
0.258867922057
4.29949985932
4.26844152781
4.67476355543
2.67127752987
0.258867922057
1.88395990989
0.0
2.83769948638
1.901615776
2.83769948638
2.83996363694
0.258867922057
5.34580268713
1.47825664166
2.83769948638
2.83769948638
1.80186789467
1.901615776
2.83996363694
0.0
1.80186789467
0.258867922057
4.59215404346
2.83769948638
3.2638231573
0.258867922057
0.258867922057
0.258867922057
1.901615776
0.0
1.901615776
2.58818279411
1.901615776
1.05525050774
-0.0314539127118
-0.0314539127118
1.47825664166
1.901615776
2.46487936388
-0.0314539127118
5.76939156513
-0.0314539127118
0.0
-0.0314539127118
0.0
1.901615776
2.58818279411
1.47825664166
-0.0314539127118
-0.0314539127118
-0.0314539127118
1.901615776
1.901615776
0.0
0.0
0.0
0.0
0.0
0.0
0.0
0.0
0.0
0.0
0.0
0.0
0.0
0.0
0.0
0.0
0.0
0.0
0.0
0.0
0.0
0.0
0.0
0.0
0.0
0.0
1.47825664166
1.47825664166
1.47825664166
1.05525050774
-0.0314539127118
-0.0314539127118
4.57850434902
1.47825664166
1.47825664166
-0.0314539127118
1.47825664166
-0.0314539127118
0.0
-0.0314539127118
0.0
1.47825664166
4.57850434902
2.65803170655
-0.0314539127118
-0.0314539127118
-0.0314539127118
1.47825664166
1.47825664166
1.47825664166
0.0
0.0
2.83769948638
1.901615776
2.83769948638
1.05525050774
-0.0314539127118
0.0
2.77189465128
2.83769948638
5.70009490222
-0.0314539127118
1.901615776
0.0
0.0
0.0
2.75253889114
1.901615776
2.83769948638
2.75253889114
0.0
-0.0314539127118
-0.0314539127118
1.901615776
5.2134863777
1.901615776
0.0
3.08315141329
0.0
2.52089831331
0.258867922057
3.21683793994
0.258867922057
4.49511013899
2.52089831331
0.0
2.52089831331
2.52089831331
0.258867922057
-0.0314539127118
0.258867922057
0.0
0.258867922057
0.258867922057
2.62680878715
0.258867922057
2.52089831331
4.49511013899
0.258867922057
0.258867922057
0.258867922057
0.258867922057
-0.0314539127118
0.0
-0.0314539127118
-0.0314539127118
0.0
0.0
0.0
0.0
0.0
0.0
0.0
0.0
0.0
0.0
0.0
0.0
0.0
0.0
0.0
0.0
0.0
0.0
0.0
0.0
0.0
0.0
0.0
0.0
0.0
0.0
0.0
0.0
0.0
0.0
3.40989710727
0.258867922057
3.40989710727
0.258867922057
0.258867922057
2.52163044914
0.0
4.47112142302
3.40989710727
2.52163044914
-0.0314539127118
6.27198864074
0.0
2.52163044914
0.258867922057
2.65736164002
2.52163044914
2.52163044914
0.258867922057
0.258867922057
1.88395990989
3.40989710727
2.65736164002
-0.0314539127118
0.0
-0.0314539127118
-0.0314539127118
0.258867922057
0.0
0.0
0.0
0.0
0.0
0.0
0.0
0.0
0.0
0.0
0.0
0.0
0.0
0.0
0.0
0.0
0.0
0.0
0.0
0.0
0.0
0.0
0.0
0.0
0.0
0.0
0.0
0.0
0.0
0.0
0.0
0.0
0.0
1.901615776
3.29569822177
1.901615776
2.52944812723
0.258867922057
0.258867922057
1.47825664166
3.29569822177
2.8412333706
0.258867922057
4.72507767841
0.258867922057
0.0
0.258867922057
4.97054296193
3.29569822177
7.24102498043
1.47825664166
0.258867922057
4.97054296193
0.258867922057
1.901615776
1.901615776
4.72507767841
0.0
1.47825664166
1.901615776
0.258867922057
0.0
0.258867922057
0.0
0.0
0.0
0.0
0.0
0.0
0.0
0.0
0.0
0.0
0.0
0.0
0.0
0.0
0.0
0.0
0.0
0.0
0.0
0.0
0.0
0.0
0.0
0.0
0.0
0.0
0.0
0.0
0.0
0.0
0.0
0.0
0.0
0.0
0.0
4.56834585101
1.901615776
4.56834585101
1.05525050774
0.258867922057
0.258867922057
1.47825664166
4.56834585101
4.56834585101
0.258867922057
1.901615776
1.88395990989
0.0
0.258867922057
0.258867922057
2.43015895996
2.83769948638
1.47825664166
0.258867922057
0.258867922057
1.88395990989
1.901615776
2.83769948638
1.901615776
0.0
1.47825664166
2.83769948638
0.258867922057
0.0
1.88395990989
0.0
1.901615776
0.0
0.0
4.05787786643
5.70609336725
4.05787786643
2.83996363694
0.258867922057
3.50163155289
1.47825664166
4.05787786643
6.59167247447
2.52163044914
1.901615776
5.37851529035
0.0
5.17095834295
3.29569822177
3.29569822177
3.29569822177
3.23016303709
0.258867922057
3.29569822177
1.88395990989
4.05787786643
2.83996363694
1.901615776
0.0
1.47825664166
2.83769948638
0.258867922057
0.0
3.40989710727
0.0
3.29569822177
0.0
3.74236277852
0.0
4.70386505524
4.25179587426
3.40989710727
2.52944812723
0.258867922057
5.2214690851
0.0
4.84040382068
6.79853690686
2.52163044914
-0.0314539127118
4.47112142302
0.0
3.93610638673
3.29569822177
4.25179587426
3.29569822177
3.93610638673
3.68633587351
3.29569822177
1.88395990989
3.93610638673
1.80186789467
-0.0314539127118
0.0
-0.0314539127118
0.0
2.52089831331
0.0
4.47112142302
0.0
3.29569822177
0.0
1.88395990989
3.50163155289
0.0
3.40989710727
2.58818279411
3.40989710727
1.05525050774
1.45665308339
3.23016303709
1.47825664166
4.47112142302
3.40989710727
0.258867922057
2.58818279411
4.47112142302
0.0
4.99065912401
0.258867922057
1.901615776
2.58818279411
4.99065912401
1.45665308339
0.258867922057
1.88395990989
3.40989710727
1.901615776
2.58818279411
0.0
1.47825664166
1.901615776
5.29243235454
0.0
4.47112142302
0.0
2.58818279411
0.0
1.901615776
3.40989710727
4.87636455629
0.0
2.61620369493
2.4073371456
6.1389445154
2.4073371456
0.258867922057
2.61620369493
0.0
2.35693924394
0.258867922057
4.36773432198
-0.0314539127118
0.258867922057
0.0
2.4073371456
0.258867922057
1.80186789467
2.35693924394
2.35693924394
5.79858424919
0.258867922057
0.258867922057
2.35693924394
1.80186789467
-0.0314539127118
0.0
-0.0314539127118
0.0
0.258867922057
0.0
2.35693924394
0.0
0.258867922057
0.0
0.258867922057
2.4073371456
2.35693924394
0.258867922057
0.0
0.258867922057
2.52944812723
0.258867922057
2.52944812723
0.258867922057
0.258867922057
0.0
2.52944812723
2.52944812723
0.258867922057
-0.0314539127118
0.258867922057
0.0
0.258867922057
2.52944812723
2.52944812723
2.52944812723
0.258867922057
0.258867922057
2.52944812723
0.258867922057
0.258867922057
0.258867922057
-0.0314539127118
0.0
-0.0314539127118
-0.0314539127118
0.258867922057
0.0
0.258867922057
0.0
2.52944812723
0.0
0.258867922057
2.52944812723
2.52944812723
0.258867922057
0.258867922057

Topic 0
Mean 2.26734725319
Median 2.52163044914
Sum 1130.08521501
2.58818279411
0.258867922057
-0.0314539127118
2.67127752987
2.58818279411
0.258867922057
4.4755190297
1.901615776
1.88395990989
2.4073371456
0.258867922057
-0.0314539127118
0.258867922057
5.70609336725
0.258867922057
5.65937173778
-0.0314539127118
4.0169117007
2.67127752987
3.40989710727
0.258867922057
3.52097462311
1.901615776
1.88395990989
5.70609336725
4.05787786643
6.54796313718
3.52097462311
2.99292963378
-0.0314539127118
0.258867922057
2.4073371456
6.20895380081
0.258867922057
2.83996363694
3.50163155289
0.0
0.0
0.0
0.0
0.0
0.0
0.0
0.0
0.0
2.67127752987
1.47825664166
0.258867922057
3.68633587351
2.35693924394
2.52944812723
2.67127752987
2.52944812723
2.35693924394
0.0
4.030320622
-0.0314539127118
0.258867922057
2.67127752987
0.258867922057
0.258867922057
2.67127752987
0.258867922057
0.258867922057
0.0
2.67127752987
3.52097462311
0.0
0.0
0.0
0.0
0.0
3.52097462311
3.52097462311
3.83566619559
0.0
0.0
0.0
2.67127752987
-0.0314539127118
0.258867922057
3.68633587351
2.52163044914
0.258867922057
2.67127752987
2.52163044914
4.01224498126
0.0
3.68633587351
2.67127752987
0.0
1.83162575173
0.0
0.258867922057
0.258867922057
0.258867922057
0.258867922057
0.258867922057
0.258867922057
0.258867922057
0.0
0.258867922057
0.258867922057
0.0
0.258867922057
2.58818279411
2.58818279411
-0.0314539127118
2.58818279411
1.901615776
-0.0314539127118
-0.0314539127118
1.901615776
-0.0314539127118
0.0
1.47825664166
-0.0314539127118
0.0
-0.0314539127118
0.0
4.54804671427
2.46487936388
1.88395990989
3.68633587351
6.70352506916
2.8412333706
3.40989710727
6.59167247447
4.58301236937
0.0
3.68633587351
2.67127752987
0.0
3.68633587351
0.258867922057
2.46487936388
2.83996363694
1.05525050774
0.258867922057
2.52944812723
2.4073371456
2.52944812723
2.83996363694
2.83996363694
2.83996363694
0.0
2.52944812723
0.258867922057
2.83996363694
0.258867922057
0.258867922057
1.05525050774
2.52944812723
0.0
0.0
0.0
0.0
0.0
0.0
0.0
0.0
0.0
0.0
0.0
0.0
0.0
0.0
0.0
0.0
0.0
0.0
0.0
0.0
0.0
0.0
0.0
0.0
0.0
0.0
0.0
0.0
0.0
0.0
0.0
0.0
0.0
0.0
0.0
0.0
0.0
2.83769948638
4.89624282101
0.258867922057
2.58818279411
4.80335301107
0.258867922057
0.258867922057
5.92558962747
6.8975603342
0.0
1.47825664166
0.258867922057
0.0
4.01224498126
1.45665308339
2.58818279411
3.74236277852
1.05525050774
0.0
0.0
0.258867922057
-0.0314539127118
0.258867922057
3.29569822177
0.258867922057
3.29569822177
0.258867922057
3.29569822177
0.258867922057
0.0
2.52944812723
0.258867922057
0.0
0.258867922057
0.258867922057
-0.0314539127118
2.8412333706
2.52944812723
0.0
0.0
0.258867922057
4.49511013899
-0.0314539127118
0.258867922057
0.258867922057
2.52089831331
0.258867922057
0.258867922057
0.258867922057
2.52089831331
0.0
0.258867922057
0.258867922057
0.0
2.52089831331
1.83162575173
-0.0314539127118
2.52089831331
0.258867922057
0.0
0.0
5.00492178927
0.258867922057
2.94156252171
-0.0314539127118
0.258867922057
3.29569822177
3.46734801976
3.29569822177
0.258867922057
3.29569822177
3.46734801976
0.0
2.52944812723
0.258867922057
0.0
4.67476355543
0.258867922057
-0.0314539127118
2.8412333706
2.52944812723
0.0
0.0
0.258867922057
4.8033867767
0.258867922057
6.3950550795
-0.0314539127118
1.88395990989
0.258867922057
3.40989710727
0.258867922057
4.47112142302
3.40989710727
2.52163044914
0.0
2.35693924394
0.258867922057
0.0
2.52163044914
0.258867922057
-0.0314539127118
3.40989710727
0.258867922057
0.0
0.0
0.258867922057
0.258867922057
0.258867922057
2.65736164002
4.4755190297
-0.0314539127118
1.88395990989
0.258867922057
4.90602361857
0.258867922057
3.40989710727
3.50163155289
4.01224498126
0.0
0.258867922057
0.258867922057
0.0
5.46064277793
1.45665308339
-0.0314539127118
4.90602361857
0.258867922057
0.0
0.0
4.01224498126
0.258867922057
2.52089831331
0.258867922057
3.40989710727
2.52163044914
-0.0314539127118
0.258867922057
2.4073371456
4.80335301107
0.258867922057
2.8723591574
5.17095834295
3.23016303709
0.0
2.35693924394
0.258867922057
0.0
6.66842972727
0.258867922057
-0.0314539127118
3.23016303709
2.4073371456
0.0
0.0
4.80335301107
0.258867922057
0.258867922057
4.67476355543
2.52163044914
3.23016303709
2.94156252171
2.58818279411
1.88395990989
2.58818279411
2.83769948638
0.258867922057
2.83996363694
3.50163155289
4.58301236937
0.0
2.35693924394
0.258867922057
2.83996363694
3.93610638673
2.43221116349
2.58818279411
6.40435187644
3.98589350794
0.0
0.0
5.00492178927
0.258867922057
6.32058856661
3.93610638673
2.65736164002
3.50163155289
3.93610638673
2.88105501423
0.0
0.0
0.0
3.32028419588
0.0
0.0
0.0
0.0
0.0
0.0
0.0
0.0
0.0
0.0
0.0
6.28024771068
0.0
0.0
0.0
0.0
0.0
0.0
0.0
0.0
3.32028419588
0.0
2.88105501423
0.258867922057
-0.0314539127118
1.88395990989
0.258867922057
4.05787786643
0.258867922057
4.87636455629
5.26165026291
0.258867922057
0.0
0.258867922057
0.258867922057
0.0
0.258867922057
0.258867922057
-0.0314539127118
5.26165026291
0.258867922057
0.0
0.0
0.258867922057
0.258867922057
0.258867922057
0.258867922057
4.47112142302
3.40989710727
0.258867922057
1.88395990989
3.32028419588
5.6320668157
1.47825664166
0.258867922057
1.47825664166
3.46734801976
0.258867922057
0.258867922057
3.23016303709
3.46734801976
0.0
4.34968295362
0.258867922057
3.2638231573
4.67476355543
0.258867922057
1.47825664166
3.23016303709
1.05525050774
0.0
0.0
3.23016303709
0.258867922057
2.52089831331
4.67476355543
2.52163044914
3.23016303709
4.99065912401
3.93610638673
2.88105501423
0.258867922057
0.0
0.0
0.0
0.0
0.0
0.0
0.0
0.0
0.0
0.0
0.0
0.0
0.0
0.0
0.0
0.0
0.0
0.0
0.0
0.0
0.0
0.0
0.0
0.0
0.0
0.0
0.0
0.0
0.0
0.0
0.0
4.49511013899
2.58818279411
0.258867922057
2.58818279411
1.901615776
0.258867922057
0.258867922057
1.901615776
0.258867922057
0.0
1.47825664166
0.258867922057
0.0
0.258867922057
1.83162575173
2.58818279411
2.46487936388
1.05525050774
0.0
0.0
2.58818279411
0.258867922057
4.49511013899
0.258867922057
0.258867922057
1.45665308339
0.258867922057
2.62680878715
0.0
0.258867922057
1.47825664166
0.0
2.58818279411
5.34408908867
-0.0314539127118
2.58818279411
1.901615776
-0.0314539127118
-0.0314539127118
1.901615776
-0.0314539127118
0.0
1.47825664166
-0.0314539127118
0.0
-0.0314539127118
0.0
2.58818279411
2.46487936388
1.05525050774
0.0
0.0
4.89624282101
-0.0314539127118
-0.0314539127118
-0.0314539127118
-0.0314539127118
-0.0314539127118
-0.0314539127118
2.58818279411
0.0
-0.0314539127118
1.47825664166
0.0
5.61394868164
2.83769948638
1.901615776
0.258867922057
3.29569822177
3.46734801976
3.29569822177
0.258867922057
5.17095834295
6.02505152766
0.0
2.52944812723
0.258867922057
0.0
2.52163044914
0.258867922057
1.901615776
2.8412333706
2.52944812723
0.0
0.0
2.83769948638
4.59804761536
0.258867922057
5.363216687
2.52163044914
3.32028419588
5.40421212656
2.83769948638
3.32028419588
3.32028419588
3.46734801976
0.0
1.901615776
1.901615776
4.49118520715
1.05525050774
0.258867922057
2.67127752987
2.52163044914
0.258867922057
4.10812273735
2.52163044914
2.52163044914
0.0
7.21530111936
2.67127752987
0.0
2.67127752987
5.19613229774
1.05525050774
2.88105501423
1.05525050774
0.0
0.0
2.75253889114
0.258867922057
1.45665308339
2.52163044914
2.52163044914
1.45665308339
2.52163044914
2.88105501423
2.88105501423
0.258867922057
4.57202000732
0.0
1.45665308339
1.05525050774
2.75253889114
3.5419177341
1.901615776
1.88395990989
3.29569822177
4.05787786643
3.29569822177
3.40989710727
4.05787786643
2.52089831331
0.0
2.52944812723
0.258867922057
0.0
2.52089831331
0.258867922057
1.901615776
7.98718995179
2.52944812723
0.0
0.0
2.83769948638
3.29569822177
3.24148322897
3.29569822177
3.40989710727
3.40989710727
0.258867922057
2.83769948638
0.0
4.05787786643
2.65803170655
0.0
1.901615776
1.901615776
3.29569822177
1.05525050774
0.0
0.0
0.0
0.0
0.0
0.0
0.0
0.0
0.0
0.0
0.0
0.0
0.0
0.0
0.0
0.0
0.0
0.0
0.0
0.0
0.0
0.0
0.0
0.0
0.0
0.0
0.0
0.0
0.0
0.0
0.0
0.0
0.0
0.0
0.0
0.0
0.0
1.45665308339
-0.0314539127118
0.258867922057
4.87841428675
0.258867922057
2.8412333706
0.258867922057
2.8412333706
0.258867922057
0.0
2.52944812723
0.258867922057
0.0
0.258867922057
1.45665308339
-0.0314539127118
2.8412333706
2.52944812723
0.0
0.0
1.45665308339
2.8412333706
1.45665308339
2.8412333706
0.258867922057
3.07502873886
0.258867922057
3.07502873886
0.0
0.258867922057
0.258867922057
0.0
1.45665308339
-0.0314539127118
2.8412333706
1.45665308339
2.8412333706
0.0
1.47825664166
1.47825664166
0.258867922057
3.29569822177
1.47825664166
3.29569822177
0.258867922057
3.29569822177
0.258867922057
0.0
2.52944812723
0.258867922057
0.0
0.258867922057
0.258867922057
1.47825664166
2.8412333706
2.52944812723
0.0
0.0
1.47825664166
3.29569822177
0.258867922057
3.29569822177
0.258867922057
0.258867922057
0.258867922057
3.0438081324
0.0
0.258867922057
2.65803170655
0.0
1.47825664166
1.47825664166
3.29569822177
1.05525050774
8.27205693244
0.0
2.8412333706

Topic 2
Mean 2.10027137421
Median 1.47825664166
Sum 593.936444123
0.0
1.05525050774
0.0
6.13004001102
0.0
2.83769948638
4.29949985932
0.0
4.56834585101
4.29949985932
0.258867922057
0.0
1.45665308339
0.258867922057
2.62680878715
2.4661451261
0.0
1.05525050774
2.4661451261
2.52089831331
0.258867922057
1.05525050774
0.0
5.80734220873
2.83769948638
3.74236277852
7.72767736262
1.05525050774
0.0
0.0
0.0
0.0
0.0
0.0
0.0
0.0
0.0
0.0
0.0
0.0
0.0
0.0
0.0
0.0
0.0
2.4661451261
0.0
1.05525050774
2.4661451261
1.05525050774
0.258867922057
2.4661451261
1.05525050774
0.0
0.0
0.0
0.0
0.0
0.0
0.0
0.0
0.0
0.0
0.0
0.0
0.0
1.05525050774
0.0
2.67127752987
6.02079021482
5.17341645977
0.258867922057
1.05525050774
2.99292963378
0.0
0.0
1.05525050774
0.0
5.7526785565
0.0
1.05525050774
5.7526785565
1.05525050774
0.258867922057
2.4661451261
1.05525050774
0.0
0.0
2.4661451261
0.0
1.05525050774
0.0
0.0
0.0
0.0
0.0
0.0
0.0
0.0
0.0
0.0
0.0
0.0
0.0
0.0
0.0
0.0
0.0
0.0
0.0
0.0
0.0
0.0
0.0
0.0
0.0
0.0
0.0
0.0
0.0
0.0
0.0
0.0
0.0
0.0
0.0
0.0
0.0
0.0
0.0
0.0
0.0
0.0
0.0
0.0
0.0
0.0
0.0
0.0
0.0
0.0
0.0
0.0
0.0
0.0
0.0
0.0
0.0
0.0
0.0
0.0
0.0
0.0
1.05525050774
0.0
2.83769948638
2.83769948638
5.09207415876
-0.0314539127118
1.05525050774
2.83769948638
0.0
0.0
1.05525050774
0.0
2.88105501423
1.05525050774
0.0
0.0
0.0
0.0
1.05525050774
0.0
2.83769948638
2.83769948638
4.57272676128
-0.0314539127118
1.05525050774
2.83769948638
0.0
0.0
1.05525050774
0.0
1.47825664166
1.05525050774
0.0
0.0
0.0
0.0
2.83769948638
3.65807802244
0.0
1.05525050774
3.65807802244
1.05525050774
0.258867922057
2.4661451261
1.05525050774
0.0
0.0
2.4661451261
0.0
1.05525050774
3.65807802244
0.0
0.0
0.0
0.0
1.05525050774
1.05525050774
6.03201299266
0.0
3.74236277852
6.03201299266
3.74236277852
0.258867922057
2.4661451261
3.74236277852
0.0
0.0
2.4661451261
0.0
2.92427664783
7.50635779722
0.0
0.0
0.0
0.0
2.83769948638
2.83769948638
3.65807802244
1.05525050774
0.0
2.35693924394
1.47825664166
2.65803170655
0.258867922057
1.05525050774
1.47825664166
0.0
0.0
1.05525050774
0.0
3.46734801976
1.05525050774
0.0
0.0
0.0
0.0
1.47825664166
1.47825664166
1.05525050774
1.47825664166
0.0
0.0
0.0
0.0
0.0
0.0
0.0
0.0
0.0
0.0
0.0
0.0
0.0
0.0
0.0
0.0
0.0
0.0
0.0
0.0
0.0
0.0
0.0
0.0
0.0
0.0
0.0
0.0
0.0
0.0
0.0
0.0
0.0
0.0
0.0
0.0
0.0
0.0
0.0
0.0
0.0
0.0
0.0
0.0
0.0
0.0
0.0
0.0
0.0
0.0
0.0
0.0
0.0
0.0
0.0
0.0
0.0
0.0
0.0
0.0
0.0
0.0
0.0
0.0
0.0
0.0
0.0
0.0
0.0
0.0
0.0
0.0
4.29949985932
0.0
1.47825664166
4.29949985932
4.29949985932
-0.0314539127118
1.05525050774
1.47825664166
0.0
0.0
1.05525050774
0.0
1.47825664166
1.05525050774
0.0
0.0
0.0
0.0
1.47825664166
1.47825664166
1.05525050774
1.47825664166
3.79096922821
0.0
0.0
0.0
1.05525050774
0.0
2.35693924394
1.47825664166
2.65803170655
0.258867922057
1.05525050774
1.47825664166
0.0
0.0
1.05525050774
0.0
2.52163044914
1.05525050774
0.0
0.0
0.0
0.0
1.47825664166
1.47825664166
1.05525050774
1.47825664166
3.08315141329
0.0
0.0
0.0
3.08315141329
1.05525050774
0.0
6.04123862473
1.901615776
5.99941178532
0.0
1.05525050774
1.901615776
0.0
0.0
1.05525050774
0.0
1.47825664166
1.05525050774
0.0
0.0
0.0
0.0
1.901615776
1.901615776
1.05525050774
1.901615776
2.65803170655
0.0
0.0
0.0
2.65803170655
2.65803170655
0.0
0.0
0.0
0.0
0.0
0.0
0.0
0.0
0.0
0.0
0.0
0.0
0.0
0.0
0.0
0.0
0.0
0.0
0.0
0.0
0.0
0.0
0.0
0.0
0.0
0.0
0.0
0.0
0.0
0.258867922057
0.0
5.85964477362
0.258867922057
4.02013437842
0.258867922057
2.52089831331
4.67426370585
0.0
0.0
0.258867922057
0.0
6.64765905236
0.258867922057
0.0
0.0
0.0
0.0
2.75253889114
-0.0314539127118
0.258867922057
2.92427664783
2.52163044914
0.0
0.0
0.0
-0.0314539127118
2.52163044914
0.0
0.0
1.88395990989
0.0
2.67127752987
1.901615776
2.58818279411
0.258867922057
2.52089831331
2.67127752987
0.0
0.0
1.88395990989
0.0
2.67127752987
1.88395990989
0.0
0.0
0.0
0.0
1.901615776
1.901615776
1.88395990989
2.67127752987
1.47825664166
0.0
0.0
0.0
1.47825664166
1.47825664166
5.76567093862
0.0
4.01224498126
0.258867922057
0.0
0.258867922057
0.258867922057
3.29569822177
0.258867922057
0.258867922057
0.258867922057
0.0
0.0
0.258867922057
0.0
0.258867922057
0.258867922057
0.0
0.0
0.0
0.0
-0.0314539127118
-0.0314539127118
0.258867922057
0.258867922057
0.258867922057
0.0
0.0
0.0
-0.0314539127118
0.258867922057
0.0
0.0
0.258867922057
0.258867922057
1.05525050774
0.0
1.47825664166
1.47825664166
2.65803170655
-0.0314539127118
1.05525050774
1.47825664166
0.0
0.0
1.05525050774
0.0
1.47825664166
1.05525050774
0.0
0.0
0.0
0.0
1.47825664166
1.47825664166
1.05525050774
1.47825664166
3.08315141329
0.0
0.0
0.0
3.08315141329
3.08315141329
2.65803170655
0.0
-0.0314539127118
1.47825664166
-0.0314539127118
1.05525050774
0.0
2.67127752987
1.05525050774
4.57202000732
0.258867922057
1.05525050774
2.67127752987
0.0
0.0
1.05525050774
0.0
2.67127752987
1.05525050774
0.0
0.0
0.0
0.0
1.05525050774
1.05525050774
1.05525050774
4.34968295362
2.52163044914
0.0
0.0
0.0
1.05525050774
2.52163044914
1.05525050774
0.0
2.52163044914
2.67127752987
0.258867922057
1.05525050774
0.0
0.0
0.0
0.0
0.0
0.0
0.0
0.0
0.0
0.0
0.0
0.0
0.0
0.0
0.0
0.0
0.0
0.0
0.0
0.0
0.0
0.0
0.0
0.0
0.0
0.0
0.0
0.0
0.0
0.0
0.0
0.0
0.0
0.0
0.0
0.0
0.0
0.0
0.0
0.0
0.0
0.0
0.0
0.0
0.0
0.0
0.0
0.0
0.0
0.0
0.0
0.0
0.0
0.0
0.0
0.0
0.0
0.0
0.0
0.0
0.0
0.0
0.0
0.0
0.0
0.0
0.0
0.0
0.0
0.0
0.0
0.0
0.0
0.0
0.0
0.0
0.0
0.0
0.0
0.0
0.0
0.0
0.0
0.0
0.0
0.0
0.0
0.0
0.0
0.0
0.0
0.0
0.0
0.0
0.0
0.0
0.0
0.0
0.0
0.0
0.0
0.0
0.0
0.0
0.0
0.0
0.0
0.0
1.88395990989
0.0
6.0511028914
2.83769948638
4.56834585101
0.258867922057
2.52089831331
3.74236277852
0.0
0.0
1.88395990989
0.0
3.46734801976
1.88395990989
0.0
0.0
0.0
0.0
2.83769948638
2.83769948638
1.88395990989
3.74236277852
3.46734801976
0.0
0.0
0.0
1.47825664166
2.52163044914
1.901615776
0.0
2.61620369493
3.40989710727
0.258867922057
1.47825664166
2.52163044914
0.0
0.0
0.0
1.05525050774
0.0
1.47825664166
1.47825664166
2.65803170655
-0.0314539127118
1.05525050774
1.47825664166
0.0
0.0
1.05525050774
0.0
1.47825664166
1.05525050774
0.0
0.0
0.0
0.0
1.47825664166
1.47825664166
1.05525050774
1.47825664166
3.79096922821
0.0
0.0
0.0
3.79096922821
3.08315141329
2.65803170655
0.0
-0.0314539127118
1.47825664166
-0.0314539127118
3.08315141329
1.05525050774
0.0
0.0
0.0
1.47825664166

Topic 8
Mean 2.095485017
Median 1.901615776
Sum 835.583332046
0.0
1.05525050774
0.0
3.50163155289
0.0
2.58818279411
8.25125672243
0.0
2.58818279411
3.50163155289
3.50163155289
0.0
1.901615776
7.25416421293
6.54796313718
0.0
0.0
-0.0314539127118
0.258867922057
0.258867922057
2.52163044914
0.0
0.0
0.0
0.0
0.0
0.0
0.0
0.0
0.0
0.0
0.0
0.0
0.0
0.0
0.0
-0.0314539127118
0.0
-0.0314539127118
3.40989710727
0.258867922057
3.40989710727
0.258867922057
0.0
0.0
-0.0314539127118
0.0
-0.0314539127118
1.45665308339
0.258867922057
0.258867922057
0.258867922057
0.0
0.0
1.45665308339
0.0
0.0
0.0
5.19613229774
0.258867922057
0.258867922057
0.258867922057
0.0
0.0
1.45665308339
1.45665308339
1.05525050774
0.0
2.58818279411
2.58818279411
7.99153286752
1.901615776
0.0
0.0
0.0
0.0
0.0
0.0
0.0
0.0
0.0
0.0
0.0
0.0
0.0
0.0
0.0
0.0
0.0
0.0
0.0
2.75253889114
0.0
1.901615776
3.29569822177
3.29569822177
5.17095834295
3.32028419588
0.0
0.0
0.258867922057
0.258867922057
0.258867922057
1.901615776
0.0
1.05525050774
0.0
1.901615776
1.901615776
1.901615776
3.74236277852
2.52163044914
0.0
0.0
5.29243235454
1.45665308339
1.45665308339
1.901615776
0.0
4.57272676128
4.58301236937
0.0
-0.0314539127118
6.59167247447
6.54796313718
6.59167247447
0.258867922057
0.0
0.0
6.44311344868
1.45665308339
1.45665308339
0.0
0.0
3.29569822177
5.00492178927
1.05525050774
0.0
1.901615776
3.29569822177
3.29569822177
3.74236277852
0.258867922057
0.0
0.0
0.258867922057
0.258867922057
0.258867922057
1.901615776
0.0
3.29569822177
5.72322594265
3.29569822177
0.0
0.0
0.0
0.0
0.0
0.0
0.0
0.0
0.0
0.0
0.0
0.0
0.0
0.0
0.0
0.0
0.0
0.0
1.05525050774
0.0
2.58818279411
3.08315141329
2.58818279411
1.901615776
-0.0314539127118
0.0
0.0
-0.0314539127118
-0.0314539127118
0.0
2.58818279411
0.0
1.901615776
1.901615776
-0.0314539127118
1.901615776
0.0
1.05525050774
0.0
1.47825664166
3.29569822177
3.29569822177
3.29569822177
0.258867922057
0.0
0.0
0.258867922057
0.258867922057
0.258867922057
1.47825664166
0.0
3.29569822177
1.47825664166
3.29569822177
3.29569822177
0.0
3.08315141329
0.0
0.0
0.0
0.0
0.0
0.0
0.0
0.0
0.0
0.0
0.0
0.0
0.0
0.0
0.0
0.0
0.0
0.0
0.0
0.0
0.0
-0.0314539127118
0.0
-0.0314539127118
1.45665308339
0.258867922057
0.258867922057
0.258867922057
0.0
0.0
1.45665308339
3.07502873886
1.45665308339
0.0
0.0
0.258867922057
1.45665308339
1.45665308339
0.258867922057
0.0
-0.0314539127118
0.258867922057
0.0
-0.0314539127118
0.0
-0.0314539127118
1.88395990989
0.258867922057
1.88395990989
0.258867922057
0.0
0.0
1.88395990989
0.258867922057
0.258867922057
0.0
0.0
0.258867922057
0.258867922057
1.88395990989
0.258867922057
0.0
-0.0314539127118
0.258867922057
0.0
0.258867922057
0.0
0.0
0.0
0.0
0.0
0.0
0.0
0.0
0.0
0.0
0.0
0.0
0.0
0.0
0.0
0.0
0.0
0.0
0.0
0.0
0.0
0.0
0.0
0.0
5.46507004286
0.0
1.05525050774
5.19613229774
5.46507004286
3.50163155289
2.52163044914
0.0
0.0
1.45665308339
1.45665308339
5.19613229774
1.05525050774
0.0
3.46734801976
3.46734801976
4.58301236937
1.05525050774
0.0
1.05525050774
1.05525050774
0.0
1.45665308339
0.258867922057
0.0
1.05525050774
0.0
2.58818279411
2.58818279411
4.89624282101
1.901615776
0.0
0.0
0.0
0.0
0.0
0.0
4.89624282101
0.0
1.901615776
1.901615776
0.0
1.901615776
0.0
2.58818279411
1.47825664166
0.0
0.0
0.0
0.0
1.05525050774
1.05525050774
0.0
1.47825664166
3.08315141329
1.47825664166
1.47825664166
-0.0314539127118
0.0
0.0
-0.0314539127118
-0.0314539127118
0.0
1.47825664166
0.0
1.47825664166
1.47825664166
-0.0314539127118
1.47825664166
0.0
3.08315141329
3.08315141329
0.0
-0.0314539127118
-0.0314539127118
0.0
1.05525050774
1.47825664166
1.05525050774
0.0
1.47825664166
3.08315141329
1.47825664166
1.47825664166
-0.0314539127118
0.0
0.0
-0.0314539127118
-0.0314539127118
0.0
1.47825664166
0.0
1.47825664166
1.47825664166
-0.0314539127118
1.47825664166
0.0
3.08315141329
4.243752572
0.0
-0.0314539127118
-0.0314539127118
0.0
1.05525050774
1.47825664166
3.08315141329
1.05525050774
0.0
1.901615776
1.901615776
1.901615776
3.74236277852
-0.0314539127118
0.0
0.0
-0.0314539127118
-0.0314539127118
0.0
1.901615776
0.0
2.83769948638
3.74236277852
-0.0314539127118
4.56834585101
0.0
1.901615776
1.47825664166
0.0
-0.0314539127118
-0.0314539127118
0.0
1.05525050774
1.901615776
1.47825664166
1.47825664166
0.0
0.0
-0.0314539127118
0.258867922057
0.258867922057
2.52163044914
6.07984908893
0.0
0.0
0.258867922057
0.258867922057
0.258867922057
0.0
0.0
3.32028419588
2.52163044914
0.258867922057
0.258867922057
0.0
-0.0314539127118
0.258867922057
0.0
0.258867922057
0.258867922057
0.0
2.52163044914
0.0
-0.0314539127118
-0.0314539127118
-0.0314539127118
1.05525050774
0.0
2.58818279411
2.58818279411
2.58818279411
1.901615776
-0.0314539127118
0.0
0.0
-0.0314539127118
-0.0314539127118
0.0
2.58818279411
0.0
1.901615776
1.901615776
-0.0314539127118
1.901615776
0.0
5.31729439145
1.47825664166
0.0
-0.0314539127118
-0.0314539127118
0.0
1.05525050774
2.58818279411
1.47825664166
1.47825664166
1.901615776
-0.0314539127118
1.05525050774
0.0
2.58818279411
3.08315141329
2.58818279411
1.901615776
0.258867922057
0.0
0.0
0.258867922057
0.258867922057
0.258867922057
2.58818279411
0.0
1.901615776
2.52089831331
0.258867922057
1.901615776
0.0
3.79096922821
3.08315141329
0.0
0.258867922057
0.258867922057
0.0
1.05525050774
2.58818279411
3.08315141329
3.08315141329
1.901615776
0.258867922057
2.58818279411
0.0
0.0
-0.0314539127118
5.26165026291
0.258867922057
5.26165026291
3.32028419588
0.0
0.0
3.40989710727
0.258867922057
0.258867922057
0.0
0.0
3.32028419588
0.258867922057
5.26165026291
2.67127752987
0.0
-0.0314539127118
0.258867922057
0.0
0.258867922057
1.88395990989
0.0
0.258867922057
0.0
-0.0314539127118
-0.0314539127118
-0.0314539127118
3.32028419588
-0.0314539127118
0.258867922057
0.0
0.0
0.0
1.88395990989
0.258867922057
2.83996363694
1.80186789467
0.0
0.0
1.88395990989
0.258867922057
0.258867922057
0.0
0.0
1.80186789467
2.83996363694
1.88395990989
0.258867922057
0.0
0.0
0.258867922057
0.0
0.258867922057
3.99615934172
0.0
1.80186789467
0.0
0.0
0.0
0.0
1.80186789467
0.0
0.258867922057
1.88395990989
-0.0314539127118
0.0
-0.0314539127118
2.67127752987
0.258867922057
2.52163044914
2.52163044914
0.0
0.0
1.88395990989
0.258867922057
0.258867922057
0.0
0.0
2.52163044914
4.01224498126
1.88395990989
2.67127752987
0.0
-0.0314539127118
0.258867922057
0.0
0.258867922057
1.88395990989
0.0
2.52163044914
0.0
-0.0314539127118
-0.0314539127118
-0.0314539127118
2.52163044914
-0.0314539127118
2.52089831331
4.030320622
2.65736164002
3.50163155289
0.0
-0.0314539127118
3.50163155289
3.50163155289
5.37851529035
5.59234927111
0.0
0.0
3.40989710727
0.258867922057
0.258867922057
0.0
0.0
3.32028419588
3.52097462311
5.09207415876
0.258867922057
0.0
-0.0314539127118
0.258867922057
0.0
0.258867922057
1.88395990989
0.0
3.50163155289
0.0
-0.0314539127118
-0.0314539127118
-0.0314539127118
3.32028419588
-0.0314539127118
0.258867922057
3.40989710727
2.8723591574
1.88395990989
1.05525050774
0.0
1.901615776
5.26165026291
1.901615776
5.26165026291
3.32028419588
0.0
0.0
3.40989710727
0.258867922057
0.258867922057
1.901615776
0.0
3.32028419588
3.74236277852
5.26165026291
4.56834585101
0.0
1.901615776
1.47825664166
0.0
0.258867922057
1.88395990989
0.0
1.05525050774
1.901615776
1.47825664166
1.47825664166
4.56834585101
3.32028419588
1.901615776
1.901615776
5.26165026291
1.88395990989
1.88395990989
3.40989710727
-0.0314539127118
0.0
-0.0314539127118
2.67127752987
0.258867922057
2.52163044914
2.52163044914
0.0
0.0
0.258867922057
0.258867922057
0.258867922057
0.0
0.0
3.46734801976
3.46734801976
0.258867922057
2.67127752987
0.0
-0.0314539127118
0.258867922057
0.0
0.258867922057
0.258867922057
0.0
3.46734801976
0.0
-0.0314539127118
-0.0314539127118
-0.0314539127118
2.52163044914
-0.0314539127118
0.258867922057
5.6265465064
1.80186789467
4.030320622
0.258867922057
0.258867922057
1.05525050774
0.0
2.58818279411
2.58818279411
2.58818279411
1.901615776
-0.0314539127118
0.0
0.0
-0.0314539127118
-0.0314539127118
0.0
2.58818279411
0.0
1.901615776
1.901615776
-0.0314539127118
1.901615776
0.0
2.58818279411
1.47825664166
0.0
-0.0314539127118
-0.0314539127118
0.0
1.05525050774
2.58818279411
1.47825664166
1.47825664166
1.901615776
-0.0314539127118
2.58818279411
2.58818279411
-0.0314539127118
0.0
-0.0314539127118
-0.0314539127118
1.901615776
-0.0314539127118

Topic 4
Mean 2.08457503482
Median 1.88395990989
Sum 408.356529437
2.52163044914
4.60064365519
1.47825664166
4.60064365519
0.258867922057
5.26165026291
0.0
0.0
0.0
0.0
1.88395990989
0.258867922057
1.88395990989
1.88395990989
0.0
0.0
0.0
0.0
0.0
0.0
0.0
0.0
0.0
0.0
0.0
0.0
0.0
0.0
0.0
0.0
0.0
0.0
0.0
0.0
0.0
0.0
0.0
0.0
0.0
0.0
0.0
0.0
0.0
0.0
0.0
0.0
0.0
0.0
0.0
0.0
0.0
0.0
0.0
0.0
0.0
0.0
0.0
0.0
0.0
0.0
0.0
0.0
0.0
0.0
0.0
0.0
0.258867922057
0.258867922057
0.258867922057
0.258867922057
0.0
0.258867922057
0.0
0.0
0.0
0.0
0.0
0.0
0.0
0.0
0.0
0.0
0.0
0.0
0.0
0.0
0.0
0.0
0.0
0.0
0.0
2.67127752987
2.52163044914
0.258867922057
2.67127752987
0.0
0.258867922057
0.0
0.0
0.0
0.0
0.0
0.0
0.258867922057
0.0
4.030320622
1.47825664166
2.83769948638
4.030320622
0.0
0.258867922057
0.0
0.0
0.0
0.0
0.0
0.0
1.45665308339
0.0
4.76291215958
0.258867922057
0.258867922057
0.258867922057
0.258867922057
0.0
0.258867922057
0.0
0.0
0.0
0.0
0.0
0.0
2.8412333706
0.0
0.258867922057
0.258867922057
0.0
0.0
0.0
0.0
0.0
0.0
0.0
0.0
0.0
0.0
0.0
0.0
0.0
0.0
0.0
0.0
0.0
0.0
0.0
0.0
0.0
0.0
0.0
0.0
0.0
0.0
0.0
0.0
0.0
0.0
0.0
0.0
0.0
0.0
0.0
4.60064365519
0.258867922057
5.08107100209
6.34173350974
0.0
1.88395990989
0.0
0.0
0.0
0.0
0.0
0.0
1.45665308339
0.0
2.67127752987
4.030320622
0.258867922057
0.0
0.0
0.258867922057
0.258867922057
0.258867922057
0.258867922057
0.0
0.258867922057
0.0
0.0
0.0
0.0
0.0
0.0
3.07502873886
0.0
0.258867922057
1.45665308339
0.258867922057
0.0
0.0
1.45665308339
0.258867922057
0.258867922057
0.258867922057
0.258867922057
0.0
0.258867922057
0.0
0.0
0.0
0.0
0.0
0.0
3.07502873886
0.0
0.258867922057
1.45665308339
0.258867922057
0.0
0.0
1.45665308339
3.90568410763
0.0
0.0
0.0
0.0
0.0
0.0
0.0
0.0
0.0
0.0
0.0
0.0
0.0
0.0
0.0
2.19139394082
0.0
0.0
0.0
4.49118520715
0.0
0.0
2.67127752987
3.46734801976
1.88395990989
2.67127752987
0.0
2.75253889114
0.0
0.0
0.0
0.0
0.0
0.0
0.258867922057
0.0
2.67127752987
2.67127752987
0.258867922057
0.0
0.0
5.03091315014
0.258867922057
0.258867922057
4.28755821665
0.0
0.0
0.0
0.0
0.0
0.0
0.0
0.0
0.0
0.0
0.0
0.0
0.0
0.0
0.0
0.0
0.0
0.0
0.0
0.0
0.0
0.0
0.0
0.0
4.05787786643
3.46734801976
4.56834585101
4.05787786643
0.0
1.88395990989
0.0
0.0
0.0
0.0
0.0
0.0
0.258867922057
0.0
2.52163044914
4.4755190297
0.258867922057
0.0
0.0
4.05787786643
0.258867922057
0.258867922057
2.19139394082
4.95683100739
0.0
3.40989710727
0.258867922057
3.40989710727
3.40989710727
0.0
1.88395990989
0.0
0.0
0.0
0.0
0.0
0.0
0.258867922057
0.0
0.258867922057
0.258867922057
0.258867922057
0.0
0.0
3.40989710727
0.258867922057
0.258867922057
0.0
4.95683100739
0.0
4.95683100739
0.258867922057
0.258867922057
0.258867922057
0.258867922057
0.0
0.258867922057
0.0
0.0
0.0
0.0
0.0
0.0
1.45665308339
0.0
0.258867922057
1.45665308339
0.258867922057
0.0
0.0
1.45665308339
1.45665308339
1.45665308339
0.0
0.258867922057
0.0
0.258867922057
0.258867922057
0.0
0.0
0.0
0.0
0.0
0.0
0.0
0.0
0.0
0.0
0.0
0.0
0.0
0.0
0.0
0.0
0.0
0.0
0.0
0.0
0.0
0.0
0.0
0.0
0.0
0.0
0.0
0.0
0.0
0.0
0.0
0.0
0.0
0.0
0.0
0.0
0.0
0.0
0.0
0.0
0.0
0.0
0.0
0.0
0.0
0.0
0.0
0.0
0.0
0.0
0.0
0.0
0.0
0.0
0.0
0.0
0.0
4.47112142302
2.52163044914
4.05787786643
4.05787786643
0.0
1.88395990989
0.0
0.0
0.0
0.0
0.0
0.0
0.258867922057
0.0
4.76291215958
7.84152165624
0.258867922057
0.0
0.0
4.05787786643
0.258867922057
0.258867922057
3.52097462311
2.52163044914
0.0
4.4755190297
5.41435829436
0.258867922057
0.0
0.0
1.05525050774
1.47825664166
4.56834585101
0.0
0.0
0.0
0.0
0.0
0.0
0.0
0.0
0.0
-0.0314539127118
0.0
-0.0314539127118
2.83769948638
-0.0314539127118
0.0
0.0
5.03091315014
-0.0314539127118
-0.0314539127118
2.88105501423
5.03091315014
0.0
4.56834585101
0.0
-0.0314539127118
0.0
0.0
0.0
0.0
0.0
0.0
0.0
0.0
2.75253889114
0.0
0.0
0.0
0.0
0.0
0.0
0.0
0.0
0.0
0.0
0.0
0.0
0.0
2.88105501423
0.0
0.0
2.88105501423
7.01750100014
0.0
0.0
0.0
0.0
0.0
0.0
0.0
2.88105501423
0.0
0.0
0.0
0.0
0.0
0.0
0.0
0.0
0.0
0.0
0.0
0.0
0.0
0.0
0.0
0.0
0.0
0.0
0.0
0.0
0.0
0.0
0.0
0.0
0.0
0.0
0.0
0.0
0.0
0.0
0.0
0.0
0.0
2.52163044914
3.46734801976
0.258867922057
0.258867922057
0.0
0.258867922057
0.0
0.0
0.0
0.0
0.0
0.0
0.258867922057
0.0
2.52163044914
0.258867922057
0.258867922057
0.0
0.0
0.258867922057
0.258867922057
0.258867922057
0.0
3.46734801976
0.0
3.46734801976
0.258867922057
0.258867922057
0.0
0.0
2.65736164002
-0.0314539127118
0.0
0.0
0.0
0.0
0.0
0.0
0.0
0.0
0.0
0.0
0.0
0.0
0.0
0.0
0.0
0.0
0.0
0.0
0.0
0.0
0.0
0.0
0.0
0.0
0.0
0.0
0.0
0.0
0.0
0.0
0.0
0.0
0.0
0.0
0.0
0.0
0.0
2.52163044914
3.0438081324
2.83769948638
1.88395990989
0.0
1.88395990989
0.0
0.0
0.0
0.0
0.0
0.0
3.07502873886
0.0
3.93610638673
5.29243235454
0.258867922057
0.0
0.0
2.88105501423
3.07502873886
3.07502873886
2.88105501423
6.15748673709
0.0
2.83769948638
1.88395990989
1.45665308339
0.0
0.0
2.83996363694
2.88105501423
2.88105501423
0.0
2.94156252171
0.0
0.0
0.0
0.0
0.0
0.0
0.0
0.0
0.0
0.0
0.0
0.0
0.0
0.0
0.0
0.0
0.0
0.0
0.0
0.0
0.0
0.0
0.0
0.0
0.0
7.71154286851
0.0
0.0
0.0
0.0
0.0
0.0
0.0
0.0
0.0
0.0
0.0
0.0
0.0
0.0
0.0
0.0
0.0
0.0
0.0
0.0
0.0
0.0
0.0
0.0
0.0
0.0
0.0
0.0
0.0
0.0
0.0
0.0
0.0
0.0
0.0
0.0
0.0
0.0
0.0
0.0
0.0
0.0
0.0
0.0
0.0
0.0
0.0
0.0
0.0
0.0
0.0
0.0
0.0
0.0
0.0
2.75253889114
0.0
0.0
0.0
0.0
0.0
0.0
0.0
0.0
0.0
0.0
0.0
0.0
0.0
0.0
0.0
0.0
0.0
2.75253889114
0.0
0.0
0.0
0.0
0.0
0.0
0.0
0.0
2.75253889114
0.0
0.0
0.0
0.0
0.0
0.0

Topic 3
Mean 1.99934113804
Median 1.88395990989
Sum 553.251324809
0.0
1.901615776
0.0
2.65803170655
0.0
1.47825664166
2.52089831331
0.0
0.258867922057
0.258867922057
0.0
0.0
0.0
0.0
0.0
0.0
0.0
0.0
0.0
0.0
0.0
0.0
0.0
0.0
0.0
0.0
0.0
0.0
0.0
0.0
0.0
0.0
0.0
0.0
0.0
0.0
1.901615776
0.0
2.58818279411
1.47825664166
0.0
0.0
0.0
0.0
0.0
2.52944812723
0.0
1.45665308339
0.258867922057
0.258867922057
0.0
0.0
0.0
0.0
0.0
2.52089831331
0.0
1.05525050774
1.05525050774
2.52089831331
0.0
0.0
0.0
0.0
1.05525050774
0.258867922057
0.258867922057
0.0
0.258867922057
0.258867922057
0.258867922057
0.0
0.0
0.0
0.0
4.94158870798
0.258867922057
0.258867922057
0.0
0.0
0.0
0.0
0.0
0.0
0.0
0.0
0.0
5.73992610004
0.0
0.0
4.94158870798
0.0
0.0
0.0
0.0
0.0
0.0
0.0
0.0
0.0
0.0
0.0
0.0
0.0
0.0
4.56834585101
0.0
1.901615776
2.52163044914
7.5969633678
0.0
0.0
0.0
0.0
2.19139394082
1.45665308339
2.52089831331
2.61620369493
2.19139394082
0.0
0.0
0.0
0.0
0.0
0.0
0.0
0.0
0.0
0.0
0.0
0.0
0.0
0.0
0.0
0.0
0.0
1.45665308339
0.0
1.45665308339
0.258867922057
0.258867922057
0.0
0.0
0.0
0.0
0.0
3.07502873886
0.258867922057
0.258867922057
0.0
0.0
1.45665308339
0.0
2.52089831331
0.0
2.58818279411
1.47825664166
2.52089831331
0.0
0.0
0.0
0.0
2.58818279411
0.258867922057
5.57278486217
0.258867922057
0.0
0.0
2.52089831331
0.0
0.258867922057
2.65803170655
0.0
1.47825664166
3.08315141329
-0.0314539127118
0.0
0.0
0.0
0.0
1.47825664166
-0.0314539127118
1.05525050774
-0.0314539127118
0.0
0.0
1.47825664166
0.0
-0.0314539127118
1.47825664166
1.901615776
0.0
2.58818279411
1.47825664166
0.258867922057
0.0
0.0
0.0
0.0
2.58818279411
4.10812273735
1.05525050774
0.258867922057
0.0
0.0
1.901615776
0.0
0.258867922057
2.58818279411
1.47825664166
1.901615776
0.0
2.46487936388
1.47825664166
0.258867922057
0.0
0.0
0.0
0.0
2.46487936388
3.07502873886
1.05525050774
0.258867922057
0.0
0.0
1.901615776
0.0
3.07502873886
2.46487936388
1.47825664166
2.46487936388
1.901615776
0.0
2.58818279411
1.47825664166
0.0
0.0
0.0
0.0
0.0
2.58818279411
0.0
1.05525050774
0.0
0.0
0.0
1.901615776
0.0
0.0
2.58818279411
1.47825664166
2.58818279411
2.46487936388
1.05525050774
0.0
1.05525050774
2.52163044914
0.258867922057
0.0
0.0
0.0
0.0
1.05525050774
5.42222356443
4.36113548286
1.88395990989
0.0
0.0
4.26844152781
0.0
0.258867922057
1.05525050774
1.05525050774
4.10812273735
1.05525050774
1.05525050774
5.51153456367
0.0
1.901615776
3.46734801976
0.258867922057
0.0
0.0
0.0
0.0
1.901615776
3.68633587351
1.05525050774
3.50163155289
4.67426370585
0.0
3.74236277852
0.0
1.45665308339
1.901615776
1.47825664166
2.67127752987
2.88105501423
1.901615776
2.67127752987
1.901615776
0.0
2.58818279411
1.80186789467
0.258867922057
0.0
0.0
0.0
0.0
2.58818279411
0.258867922057
1.05525050774
0.258867922057
0.0
0.0
1.901615776
0.0
0.258867922057
2.58818279411
1.47825664166
2.58818279411
2.46487936388
2.58818279411
1.80186789467
2.65736164002
2.65803170655
0.0
1.47825664166
2.77189465128
-0.0314539127118
0.0
0.0
0.0
0.0
1.47825664166
-0.0314539127118
1.05525050774
-0.0314539127118
0.0
0.0
1.47825664166
0.0
-0.0314539127118
1.47825664166
2.77189465128
1.47825664166
1.47825664166
1.47825664166
1.05525050774
1.47825664166
1.47825664166
0.0
0.0
0.0
0.0
0.0
0.0
0.0
0.0
0.0
0.0
0.0
0.0
0.0
0.0
0.0
0.0
0.0
0.0
0.0
0.0
0.0
0.0
0.0
0.0
0.0
0.0
0.0
5.51153456367
0.0
1.901615776
1.47825664166
0.258867922057
0.0
0.0
0.0
0.0
1.901615776
0.258867922057
1.05525050774
5.86143761747
0.0
0.0
4.56834585101
0.0
0.258867922057
1.901615776
1.47825664166
1.901615776
1.901615776
1.901615776
1.88395990989
5.51153456367
1.901615776
1.47825664166
0.0
2.65803170655
0.0
1.47825664166
3.08315141329
-0.0314539127118
0.0
0.0
0.0
0.0
1.47825664166
-0.0314539127118
1.05525050774
-0.0314539127118
0.0
0.0
1.47825664166
0.0
-0.0314539127118
1.47825664166
5.68750161863
1.47825664166
1.47825664166
1.47825664166
1.05525050774
1.47825664166
1.47825664166
2.77189465128
0.0
1.47825664166
4.56834585101
0.0
2.55832286293
1.47825664166
0.258867922057
0.0
0.0
0.0
0.0
2.55832286293
1.45665308339
6.13271535425
3.50163155289
4.67426370585
0.0
4.56834585101
0.0
1.45665308339
2.55832286293
1.47825664166
2.55832286293
2.88105501423
2.55832286293
4.05761166247
4.67426370585
2.55832286293
1.47825664166
0.0
4.56834585101
1.47825664166
0.0
0.0
0.0
0.0
0.0
0.0
0.0
0.0
0.0
0.0
0.0
0.0
0.0
0.0
0.0
0.0
0.0
0.0
0.0
0.0
0.0
0.0
0.0
0.0
0.0
0.0
0.0
0.0
0.0
0.0
0.0
0.0
0.0
0.0
0.0
0.0
0.0
0.0
0.0
0.0
0.0
0.0
0.0
0.0
0.0
0.0
0.0
0.0
0.0
0.0
0.0
0.0
0.0
0.0
0.0
0.0
0.0
0.0
0.0
0.0
0.0
0.0
0.0
0.0
0.0
0.0
0.0
0.0
0.0
0.0
0.0
0.0
0.0
0.0
0.0
0.0
0.0
0.0
0.0
0.0
0.0
0.0
0.0
0.0
0.0
0.0
0.0
0.0
0.0
0.0
0.0
0.0
0.0
0.0
0.0
0.0
4.56834585101
0.0
1.901615776
3.46734801976
0.258867922057
0.0
0.0
0.0
0.0
1.901615776
2.8412333706
1.05525050774
0.258867922057
0.0
0.0
4.56834585101
0.0
0.258867922057
1.901615776
1.47825664166
1.901615776
1.901615776
1.901615776
2.52163044914
5.54715792378
1.901615776
1.47825664166
0.0
4.56834585101
1.47825664166
4.56834585101
0.0
0.0
0.0
0.0
0.0
0.0
0.0
0.0
0.0
0.0
0.0
0.0
0.0
0.0
0.0
0.0
0.0
0.0
0.0
0.0
0.0
0.0
0.0
0.0
0.0
0.0
0.0
0.0
0.0
0.0
0.0
0.0
0.0
0.0
0.0
0.0
0.0
0.0
0.258867922057
0.0
0.258867922057
0.258867922057
0.258867922057
0.0
0.0
0.0
0.0
0.0
2.67127752987
0.258867922057
0.258867922057
0.0
0.0
0.258867922057
0.0
0.258867922057
0.258867922057
-0.0314539127118
2.67127752987
0.258867922057
0.0
2.67127752987
2.67127752987
0.258867922057
-0.0314539127118
0.0
0.258867922057
-0.0314539127118
0.258867922057
0.0
0.0
0.0
0.258867922057
0.0
0.0
0.0
0.0
0.0
0.0
0.0
0.0
0.0
0.0
0.0
0.0
0.0
0.0
0.0
0.0
0.0
0.0
0.0
0.0
0.0
0.0
0.0
0.0
0.0
0.0
0.0
0.0
0.0
0.0
0.0
0.0
0.0
0.0
0.0
0.0
0.0
0.0
0.258867922057
0.0
0.258867922057
2.52163044914
0.258867922057
0.0
0.0
0.0
0.0
0.0
5.81805913704
0.258867922057
0.258867922057
2.99292963378
0.0
4.26844152781
0.0
0.258867922057
0.258867922057
-0.0314539127118
4.10812273735
0.258867922057
0.0
5.42222356443
4.02013437842
1.80186789467
-0.0314539127118
0.0
0.258867922057
-0.0314539127118
2.99292963378
0.0
0.0
0.0
2.52163044914
0.0
2.67127752987
0.0
0.0
0.0
0.0
0.0
0.0
0.0
0.0
0.0
0.0
0.0
0.0
0.0
0.0
0.0
0.0
0.0
0.0
0.0
0.0
0.0
0.0
0.0
0.0
0.0
0.0
0.0
0.0
0.0
0.0
0.0
0.0
0.0
0.0
0.0
0.0
0.0
0.0
0.0
0.0

Topic 9
Mean 1.97921063925
Median 1.83162575173
Sum 852.597044878
0.0
0.0
0.258867922057
0.0
0.0
0.0
0.0
1.88395990989
0.258867922057
0.0
0.0
-0.0314539127118
-0.0314539127118
0.0
-0.0314539127118
0.0
3.40989710727
2.4073371456
0.0
1.88395990989
1.47825664166
0.0
0.0
0.0
0.0
0.0
0.0
0.0
0.0
0.258867922057
2.4073371456
0.0
0.258867922057
1.47825664166
5.17095834295
0.0
0.0
1.45665308339
0.258867922057
0.0
0.258867922057
0.0
0.258867922057
0.0
0.258867922057
0.0
0.258867922057
2.61620369493
0.0
0.258867922057
-0.0314539127118
3.52097462311
0.0
2.4073371456
0.258867922057
0.0
-0.0314539127118
-0.0314539127118
0.0
-0.0314539127118
4.243752572
1.47825664166
0.0
1.47825664166
0.0
-0.0314539127118
0.0
0.258867922057
0.258867922057
0.0
0.258867922057
-0.0314539127118
0.258867922057
0.0
0.258867922057
0.258867922057
0.258867922057
-0.0314539127118
0.0
-0.0314539127118
-0.0314539127118
0.0
-0.0314539127118
1.47825664166
1.901615776
0.0
1.901615776
0.0
-0.0314539127118
1.47825664166
-0.0314539127118
0.0
-0.0314539127118
-0.0314539127118
0.0
-0.0314539127118
1.47825664166
2.83769948638
0.0
4.57272676128
0.0
-0.0314539127118
1.47825664166
-0.0314539127118
1.901615776
0.0
1.88395990989
2.19139394082
0.0
1.88395990989
1.47825664166
6.62453422756
0.0
2.75253889114
0.258867922057
3.52097462311
1.47825664166
5.81805913704
1.47825664166
1.47825664166
0.0
5.29243235454
4.4755190297
0.0
0.258867922057
1.47825664166
3.74236277852
0.0
4.57272676128
1.45665308339
4.01224498126
1.47825664166
0.258867922057
1.901615776
4.57272676128
3.52097462311
0.0
1.88395990989
0.258867922057
0.0
1.88395990989
1.47825664166
5.04550132091
0.0
2.83769948638
0.258867922057
0.258867922057
1.47825664166
0.258867922057
1.901615776
2.83769948638
1.88395990989
4.29949985932
0.0
1.45665308339
0.258867922057
0.0
0.258867922057
-0.0314539127118
0.258867922057
0.0
0.258867922057
1.45665308339
0.258867922057
-0.0314539127118
2.67127752987
-0.0314539127118
-0.0314539127118
2.67127752987
1.45665308339
0.258867922057
0.0
1.88395990989
0.258867922057
0.0
1.88395990989
1.05525050774
1.88395990989
0.0
1.05525050774
0.258867922057
0.258867922057
1.05525050774
0.258867922057
1.05525050774
1.05525050774
1.88395990989
1.05525050774
2.4661451261
0.258867922057
0.0
1.88395990989
2.52089831331
0.0
1.88395990989
1.47825664166
3.74236277852
0.0
2.83769948638
0.258867922057
4.01224498126
1.47825664166
0.258867922057
1.901615776
2.83769948638
1.88395990989
5.95223893006
6.72318241216
0.258867922057
2.4661451261
0.0
4.9696943371
0.258867922057
0.0
0.258867922057
1.47825664166
3.74236277852
0.0
2.83769948638
1.83162575173
0.258867922057
1.47825664166
2.67127752987
1.901615776
2.83769948638
2.67127752987
4.9696943371
2.83769948638
2.67127752987
1.05525050774
4.56834585101
0.0
0.0
0.0
0.0
0.0
0.0
0.0
0.0
0.0
0.0
0.0
0.0
0.0
0.0
0.0
0.0
0.0
0.0
0.0
0.0
0.0
0.0
0.0
1.88395990989
0.258867922057
0.0
1.88395990989
1.47825664166
3.74236277852
0.0
2.83769948638
0.258867922057
0.258867922057
1.47825664166
0.258867922057
1.901615776
2.83769948638
1.88395990989
3.74236277852
5.70009490222
0.258867922057
2.4661451261
3.74236277852
3.74236277852
0.0
0.0
0.258867922057
0.258867922057
0.0
0.258867922057
1.05525050774
1.05525050774
0.0
1.05525050774
0.258867922057
0.258867922057
1.05525050774
4.10812273735
1.05525050774
1.05525050774
4.10812273735
1.05525050774
1.05525050774
2.67127752987
1.05525050774
1.05525050774
4.030320622
0.0
1.05525050774
0.0
-0.0314539127118
-0.0314539127118
0.0
-0.0314539127118
4.243752572
1.47825664166
0.0
1.47825664166
0.0
-0.0314539127118
7.49681877417
-0.0314539127118
1.47825664166
1.47825664166
1.47825664166
1.47825664166
1.47825664166
-0.0314539127118
1.05525050774
1.47825664166
1.47825664166
0.0
1.47825664166
1.05525050774
0.0
-0.0314539127118
-0.0314539127118
0.0
-0.0314539127118
1.47825664166
2.83769948638
0.0
4.57272676128
0.0
-0.0314539127118
1.47825664166
-0.0314539127118
1.901615776
4.57272676128
1.47825664166
4.57272676128
2.83769948638
-0.0314539127118
1.05525050774
2.83769948638
2.83769948638
0.0
2.83769948638
1.05525050774
1.47825664166
0.0
1.45665308339
0.258867922057
0.0
0.258867922057
-0.0314539127118
0.258867922057
0.0
0.258867922057
1.83162575173
0.258867922057
-0.0314539127118
0.258867922057
-0.0314539127118
-0.0314539127118
0.258867922057
1.45665308339
0.258867922057
1.45665308339
0.258867922057
0.258867922057
2.62680878715
0.0
0.258867922057
0.258867922057
-0.0314539127118
-0.0314539127118
0.0
0.258867922057
0.258867922057
0.0
0.258867922057
-0.0314539127118
2.52163044914
0.0
3.46734801976
0.258867922057
0.258867922057
-0.0314539127118
2.67127752987
-0.0314539127118
-0.0314539127118
2.67127752987
3.46734801976
0.258867922057
2.67127752987
0.258867922057
0.258867922057
4.030320622
0.0
0.258867922057
4.030320622
-0.0314539127118
-0.0314539127118
0.258867922057
0.0
1.88395990989
4.32371284784
0.0
1.88395990989
1.47825664166
3.74236277852
0.0
2.83769948638
0.258867922057
4.01224498126
1.47825664166
0.258867922057
2.58818279411
2.83769948638
2.88105501423
9.11278966463
3.32445195189
0.258867922057
2.4661451261
7.90292308361
4.56834585101
0.0
3.74236277852
1.05525050774
1.47825664166
2.83769948638
0.258867922057
0.258867922057
0.0
0.258867922057
0.258867922057
0.0
0.258867922057
1.47825664166
3.50163155289
0.0
2.83769948638
0.258867922057
0.258867922057
1.47825664166
0.258867922057
1.901615776
2.83769948638
6.14510518271
2.83769948638
2.83769948638
0.258867922057
1.05525050774
2.83769948638
2.83769948638
0.0
2.83769948638
1.05525050774
1.47825664166
2.83769948638
0.258867922057
2.52163044914
2.83769948638
0.0
0.0
0.0
0.0
0.0
1.47825664166
1.901615776
0.0
1.901615776
0.0
0.0
1.47825664166
0.0
6.51684929036
1.901615776
1.47825664166
1.901615776
1.901615776
0.0
1.05525050774
1.901615776
1.901615776
0.0
1.901615776
1.05525050774
1.47825664166
1.901615776
0.0
0.0
2.58818279411
1.901615776
0.0
0.0
0.0
0.0
0.0
0.0
0.0
0.0
0.0
0.0
0.0
0.0
0.0
0.0
0.0
0.0
0.0
0.0
0.0
0.0
0.0
0.0
0.0
0.0
0.0
0.0
0.0
0.0
0.0
0.0
0.0
0.0
0.0
3.40989710727
0.258867922057
0.0
1.88395990989
-0.0314539127118
3.40989710727
0.0
0.258867922057
2.43221116349
0.258867922057
-0.0314539127118
7.27304251167
-0.0314539127118
-0.0314539127118
5.81805913704
1.45665308339
1.88395990989
2.67127752987
1.88395990989
1.88395990989
2.67127752987
0.0
1.88395990989
4.10812273735
-0.0314539127118
-0.0314539127118
1.83162575173
2.67127752987
1.88395990989
0.258867922057
0.0
0.0
0.0
3.40989710727
0.258867922057
0.0
4.0169117007
-0.0314539127118
3.52097462311
0.0
0.258867922057
0.258867922057
3.52097462311
-0.0314539127118
4.10812273735
-0.0314539127118
-0.0314539127118
4.10812273735
5.65937173778
1.88395990989
2.67127752987
1.88395990989
1.88395990989
2.67127752987
0.0
1.88395990989
4.10812273735
-0.0314539127118
-0.0314539127118
0.258867922057
2.67127752987
1.88395990989
0.258867922057
0.0
0.0
4.10812273735
0.0
0.258867922057
4.4755190297
0.0
0.258867922057
-0.0314539127118
3.52097462311
0.0
2.52163044914
0.258867922057
5.96827109107
-0.0314539127118
0.258867922057
-0.0314539127118
-0.0314539127118
3.52097462311
7.26226598523
0.258867922057
0.258867922057
0.258867922057
4.01224498126
2.65736164002
0.0
0.258867922057
0.258867922057
-0.0314539127118
-0.0314539127118
0.258867922057
2.52163044914
4.32371284784
2.52163044914
0.0
0.0
0.258867922057
3.52097462311
0.0
0.0
0.0
0.0
0.0
0.0
0.0
0.0
0.0
0.0
0.0
0.0
0.0
0.0
0.0
0.0
0.0
0.0
0.0
0.0
0.0
0.0
0.0
0.0
0.0
0.0
0.0
0.0
0.0
0.0
0.0
0.0
0.0
0.0
0.0
0.0
0.0
1.88395990989
0.258867922057
0.0
1.88395990989
1.47825664166
3.29569822177
0.0
3.29569822177
1.83162575173
0.258867922057
1.47825664166
0.258867922057
1.901615776
1.901615776
1.88395990989
4.29949985932
5.10439641431
1.45665308339
2.43015895996
2.43015895996
4.59215404346
0.0
2.43015895996
1.05525050774
1.47825664166
1.901615776
2.62680878715
1.80186789467
2.43015895996
1.901615776
1.901615776
0.0
1.88395990989
1.88395990989
2.65736164002
0.0
0.0
-0.0314539127118
-0.0314539127118
0.0
-0.0314539127118
4.243752572
1.47825664166
0.0
1.47825664166
0.0
-0.0314539127118
4.243752572
-0.0314539127118
1.47825664166
1.47825664166
1.47825664166
1.47825664166
1.47825664166
-0.0314539127118
1.05525050774
1.47825664166
1.47825664166
0.0
1.47825664166
1.05525050774
4.243752572
1.47825664166
-0.0314539127118
-0.0314539127118
1.47825664166
1.47825664166
1.47825664166
0.0
-0.0314539127118
-0.0314539127118
-0.0314539127118
0.0
1.47825664166
0.0
0.0
0.0
0.0
0.0
0.0
0.0
0.0
0.0
0.0
0.0
0.0
0.0
0.0
0.0
0.0
0.0
0.0
0.0
0.0
0.0
0.0
0.0
0.0
0.0
0.0
0.0
0.0
0.0
0.0
0.0
0.0
0.0
0.0
0.0
0.0
0.0
0.0
0.0

Topic 6
Mean 1.95091853012
Median 1.47825664166
Sum 1150.34994669
0.258867922057
0.258867922057
1.83162575173
0.258867922057
0.258867922057
0.258867922057
0.258867922057
0.258867922057
0.258867922057
2.52944812723
1.88395990989
0.258867922057
0.258867922057
3.29569822177
5.17095834295
1.88395990989
0.258867922057
0.258867922057
1.47825664166
2.8723591574
6.62453422756
0.258867922057
1.45665308339
1.45665308339
0.258867922057
0.258867922057
0.258867922057
0.258867922057
0.258867922057
1.45665308339
1.45665308339
0.258867922057
0.258867922057
0.258867922057
0.258867922057
3.90568410763
1.88395990989
0.258867922057
0.258867922057
1.47825664166
1.05525050774
5.04550132091
1.88395990989
0.258867922057
0.258867922057
-0.0314539127118
0.0
-0.0314539127118
1.47825664166
4.87689762696
2.99292963378
1.47825664166
-0.0314539127118
-0.0314539127118
2.83769948638
4.0169117007
0.258867922057
0.258867922057
0.258867922057
2.8723591574
3.52097462311
4.10812273735
0.258867922057
0.258867922057
1.88395990989
0.0
1.88395990989
0.258867922057
0.258867922057
1.47825664166
1.05525050774
3.40989710727
2.67127752987
0.258867922057
0.258867922057
1.901615776
1.901615776
4.87636455629
0.258867922057
1.45665308339
1.45665308339
2.8412333706
2.52944812723
2.8412333706
0.258867922057
3.07502873886
3.07502873886
0.258867922057
-0.0314539127118
0.258867922057
0.258867922057
-0.0314539127118
0.0
-0.0314539127118
4.243752572
1.05525050774
2.83769948638
2.75253889114
-0.0314539127118
-0.0314539127118
6.35592079401
2.83769948638
0.0
1.901615776
-0.0314539127118
0.258867922057
0.258867922057
0.258867922057
3.29569822177
6.15771662112
5.17095834295
2.75253889114
0.258867922057
0.258867922057
2.83769948638
4.87689762696
0.258867922057
1.901615776
2.8412333706
2.83769948638
0.258867922057
0.258867922057
0.258867922057
1.47825664166
4.87689762696
2.99292963378
2.67127752987
0.258867922057
0.258867922057
2.83769948638
5.22977482363
2.67127752987
5.64691806841
0.258867922057
2.83769948638
4.87689762696
0.258867922057
1.83162575173
2.62680878715
0.258867922057
0.258867922057
0.258867922057
0.258867922057
1.45665308339
1.45665308339
0.258867922057
-0.0314539127118
0.258867922057
2.52089831331
1.45665308339
-0.0314539127118
0.258867922057
2.52089831331
0.0
0.0
0.0
1.47825664166
1.05525050774
1.901615776
1.47825664166
0.0
0.0
1.901615776
1.901615776
0.0
2.58818279411
0.0
1.901615776
1.901615776
2.58818279411
0.0
1.88395990989
1.45665308339
1.45665308339
1.05525050774
1.05525050774
1.88395990989
2.75253889114
1.45665308339
1.45665308339
5.32793715283
1.05525050774
1.88395990989
1.88395990989
1.45665308339
2.75253889114
2.75253889114
1.05525050774
5.00492178927
1.05525050774
0.258867922057
1.45665308339
1.45665308339
0.258867922057
0.258867922057
0.258867922057
4.10812273735
1.45665308339
1.45665308339
0.258867922057
-0.0314539127118
6.47065149922
4.030320622
1.45665308339
-0.0314539127118
0.258867922057
4.030320622
5.29243235454
0.0
5.00492178927
0.258867922057
0.258867922057
0.258867922057
0.258867922057
0.258867922057
0.258867922057
5.81805913704
0.258867922057
0.258867922057
0.258867922057
0.0
4.10812273735
2.67127752987
0.258867922057
0.0
0.258867922057
2.67127752987
0.258867922057
0.0
0.258867922057
4.10812273735
0.258867922057
0.258867922057
0.258867922057
3.29569822177
2.52944812723
3.29569822177
0.258867922057
0.258867922057
0.258867922057
0.258867922057
-0.0314539127118
0.258867922057
0.258867922057
2.8412333706
-0.0314539127118
3.29569822177
0.258867922057
0.258867922057
0.0
0.258867922057
0.258867922057
0.258867922057
0.0
0.0
0.0
0.0
0.0
0.0
0.0
0.0
0.0
0.0
0.0
0.0
0.0
0.0
0.0
0.0
0.0
0.0
0.0
0.0
0.0
0.0
0.0
0.258867922057
1.45665308339
1.45665308339
0.258867922057
0.258867922057
0.258867922057
0.258867922057
3.80442387549
3.80442387549
0.258867922057
-0.0314539127118
0.258867922057
0.258867922057
3.07502873886
-0.0314539127118
0.258867922057
0.258867922057
1.45665308339
0.0
1.45665308339
1.45665308339
0.258867922057
0.258867922057
0.0
0.0
0.0
0.0
0.0
0.0
0.0
0.0
0.0
0.0
0.0
0.0
0.0
0.0
0.0
0.0
0.0
0.0
0.0
0.0
0.0
0.0
0.0
0.0
0.0
0.0
0.258867922057
5.19613229774
1.45665308339
1.47825664166
4.67476355543
2.83769948638
2.52163044914
1.45665308339
1.45665308339
2.83769948638
2.83769948638
0.258867922057
2.52089831331
1.45665308339
5.59518254063
3.46734801976
2.83769948638
2.52089831331
1.901615776
1.45665308339
1.45665308339
0.258867922057
0.258867922057
0.0
1.45665308339
0.0
0.258867922057
0.258867922057
0.258867922057
6.53721708797
3.93610638673
3.29569822177
2.52163044914
0.258867922057
0.258867922057
0.258867922057
-0.0314539127118
0.258867922057
0.258867922057
2.8412333706
-0.0314539127118
3.29569822177
2.94156252171
0.258867922057
0.0
0.258867922057
0.258867922057
0.258867922057
3.29569822177
0.0
0.258867922057
0.0
3.93610638673
0.258867922057
1.83162575173
2.62680878715
0.258867922057
0.258867922057
0.258867922057
2.67127752987
1.45665308339
1.45665308339
0.258867922057
0.0
2.67127752987
2.67127752987
1.45665308339
0.0
0.258867922057
2.67127752987
4.49511013899
0.0
1.45665308339
2.67127752987
2.67127752987
0.258867922057
0.0
1.45665308339
0.0
1.45665308339
0.258867922057
1.88395990989
2.43221116349
1.83162575173
0.258867922057
0.258867922057
3.40989710727
5.81805913704
1.45665308339
1.45665308339
1.88395990989
-0.0314539127118
4.10812273735
3.40989710727
1.45665308339
-0.0314539127118
0.258867922057
2.67127752987
1.83162575173
0.0
1.88395990989
4.10812273735
5.81805913704
0.258867922057
0.0
1.45665308339
0.0
1.45665308339
0.258867922057
3.68633587351
0.258867922057
0.258867922057
0.258867922057
4.243752572
5.363216687
3.29569822177
1.47825664166
0.258867922057
0.258867922057
1.47825664166
1.47825664166
0.258867922057
1.47825664166
2.8412333706
4.243752572
5.363216687
1.47825664166
0.258867922057
1.47825664166
1.05525050774
0.258867922057
0.258867922057
3.29569822177
0.0
0.258867922057
0.0
1.47825664166
3.29569822177
0.258867922057
0.258867922057
0.0
0.0
0.0
0.0
0.0
0.0
0.0
0.0
0.0
0.0
0.0
0.0
0.0
0.0
0.0
0.0
0.0
0.0
0.0
0.0
0.0
0.0
0.0
0.0
0.0
0.0
0.0
0.0
0.0
0.0
0.0
0.258867922057
0.258867922057
0.258867922057
0.258867922057
2.52163044914
2.52163044914
4.36773432198
0.258867922057
0.258867922057
0.258867922057
0.0
0.258867922057
4.01224498126
0.258867922057
0.0
2.52163044914
4.01224498126
2.52089831331
0.0
0.258867922057
0.258867922057
0.258867922057
0.258867922057
0.0
0.258867922057
0.0
5.2214690851
2.65736164002
0.258867922057
0.258867922057
0.258867922057
0.0
1.88395990989
0.258867922057
0.258867922057
1.47825664166
3.93610638673
4.05787786643
6.64990499371
0.258867922057
0.258867922057
3.2638231573
2.99292963378
3.40989710727
4.01224498126
0.258867922057
2.83769948638
3.46734801976
4.01224498126
2.52089831331
1.901615776
2.75253889114
2.67127752987
2.67127752987
0.258867922057
0.0
0.258867922057
0.0
3.93610638673
3.93610638673
3.68633587351
4.85330544807
1.47825664166
0.0
4.4755190297
1.88395990989
0.258867922057
0.258867922057
1.05525050774
1.05525050774
4.05787786643
4.10812273735
0.258867922057
0.258867922057
2.4661451261
1.05525050774
4.10812273735
5.64691806841
0.258867922057
1.05525050774
1.05525050774
5.64691806841
0.258867922057
1.05525050774
2.4661451261
4.10812273735
4.10812273735
0.258867922057
0.0
0.258867922057
0.0
1.05525050774
0.258867922057
2.67127752987
4.10812273735
1.05525050774
0.0
0.258867922057
4.05787786643
0.258867922057
0.258867922057
0.258867922057
1.47825664166
1.05525050774
1.901615776
4.10812273735
0.258867922057
0.258867922057
4.05761166247
1.901615776
4.10812273735
2.67127752987
0.258867922057
1.901615776
1.901615776
2.67127752987
0.258867922057
2.46487936388
6.0075117617
4.10812273735
4.10812273735
0.258867922057
0.0
0.258867922057
0.0
1.901615776
0.258867922057
2.67127752987
4.10812273735
1.47825664166
0.0
0.258867922057
2.67127752987
6.9293184531
0.258867922057
5.19613229774
1.45665308339
1.05525050774
4.34968295362
2.52163044914
7.07547469554
1.45665308339
1.45665308339
1.05525050774
1.05525050774
4.10812273735
2.67127752987
1.45665308339
2.75253889114
2.75253889114
2.67127752987
1.45665308339
1.05525050774
2.75253889114
4.10812273735
5.81805913704
0.258867922057
0.0
1.45665308339
0.0
5.19613229774
2.52163044914
2.67127752987
5.81805913704
1.05525050774
0.0
4.36773432198
6.14510518271
4.10812273735
4.10812273735
0.0
0.0
0.0
0.0
0.0
3.52097462311
3.52097462311
0.0
0.0
3.2638231573
3.64276707503
3.52097462311
0.0
0.0
0.0
0.0
3.64276707503
0.0
0.0
0.0
0.0
0.0
0.0
0.0
0.0
0.0
0.0
0.0
0.0
0.0
0.0
0.0
0.0
3.2638231573
0.0
0.0
0.0
0.258867922057
0.258867922057
0.258867922057
6.53721708797
5.47389731506
3.29569822177
2.67127752987
0.258867922057
0.258867922057
1.47825664166
1.47825664166
2.67127752987
2.67127752987
2.8412333706
4.243752572
3.29569822177
2.67127752987
0.258867922057
1.47825664166
1.05525050774
2.67127752987
2.67127752987
3.29569822177
0.0
0.258867922057
0.0
1.47825664166
6.53721708797
5.92359866041
3.68633587351
6.75609151219
0.0
0.258867922057
3.68633587351
2.67127752987
2.67127752987
4.34968295362
0.0
1.88395990989
0.258867922057
0.258867922057
1.47825664166
3.23016303709
3.50163155289
2.67127752987
0.258867922057
0.258867922057
4.05761166247
1.901615776
2.67127752987
2.67127752987
0.258867922057
1.901615776
1.901615776
2.67127752987
0.258867922057
2.55832286293
6.0075117617
2.67127752987
2.67127752987
0.258867922057
0.0
0.258867922057
0.0
1.901615776
2.65736164002
2.67127752987
2.67127752987
1.47825664166
0.0
2.65736164002
3.2638231573
2.67127752987
6.78527272743
2.67127752987
3.2638231573
2.67127752987

Topic 7
Mean 1.30272785865
Median 1.45665308339
Sum 293.567240413
0.0
0.258867922057
0.0
0.0
0.0
0.0
0.0
0.0
0.0
0.0
0.258867922057
0.0
0.258867922057
0.0
0.0
1.47825664166
0.0
-0.0314539127118
0.0
0.0
-0.0314539127118
2.46487936388
0.0
0.258867922057
0.0
0.0
0.258867922057
2.77189465128
0.0
0.0
0.0
0.0
0.0
0.0
0.0
0.0
0.0
0.0
0.0
0.0
0.0
0.0
0.0
0.0
0.0
1.901615776
0.0
0.258867922057
0.0
0.0
0.258867922057
1.47825664166
1.901615776
0.0
0.0
0.0
0.0
0.0
0.0
0.0
0.0
0.0
0.0
0.0
0.0
0.0
0.258867922057
0.0
0.258867922057
0.0
0.0
3.07502873886
-0.0314539127118
0.258867922057
0.0
0.0
0.258867922057
0.0
2.46487936388
0.0
0.258867922057
0.0
0.0
1.45665308339
1.47825664166
3.24148322897
0.0
0.0
1.901615776
0.0
1.45665308339
0.258867922057
0.0
0.258867922057
0.0
0.0
1.45665308339
-0.0314539127118
0.258867922057
0.0
0.0
0.258867922057
0.0
1.45665308339
2.62680878715
2.46487936388
0.0
0.258867922057
0.0
0.0
0.258867922057
1.47825664166
2.58818279411
0.0
0.0
1.901615776
0.0
0.258867922057
2.52089831331
0.258867922057
0.0
0.0
0.0
0.0
0.0
0.0
0.0
0.0
0.0
0.0
0.0
0.0
0.0
0.0
0.0
0.0
2.46487936388
0.0
0.258867922057
0.0
0.0
1.45665308339
1.47825664166
2.58818279411
0.0
0.0
3.74236277852
0.0
1.45665308339
2.52089831331
1.45665308339
2.58818279411
0.0
0.0
0.0
0.0
0.0
0.0
0.0
0.0
0.0
0.0
0.0
0.0
0.0
0.0
0.0
0.0
0.0
0.0
0.0
1.901615776
0.0
0.258867922057
0.0
0.0
0.258867922057
1.47825664166
1.901615776
0.0
0.0
3.74236277852
0.0
0.258867922057
1.901615776
0.258867922057
1.901615776
0.0
3.74236277852
0.0
0.258867922057
0.0
0.258867922057
0.0
0.0
1.45665308339
0.0
0.258867922057
0.0
0.0
0.258867922057
0.0
1.45665308339
1.83162575173
1.83162575173
0.258867922057
0.0
1.45665308339
0.0
0.258867922057
0.258867922057
0.0
0.258867922057
0.0
0.0
3.07502873886
-0.0314539127118
0.258867922057
0.0
0.0
0.258867922057
0.0
3.07502873886
1.45665308339
1.45665308339
0.258867922057
0.0
1.45665308339
0.0
0.258867922057
1.45665308339
0.0
0.0
0.0
0.0
0.0
0.0
0.0
0.0
0.0
0.0
0.0
0.0
0.0
0.0
0.0
0.0
0.0
0.0
0.0
0.0
0.0
0.0
0.0
0.0
0.0
0.0
0.0
0.0
0.0
0.0
0.0
0.0
0.0
0.0
0.0
0.0
0.0
0.0
0.0
2.75253889114
0.0
0.0
0.0
0.0
0.0
0.0
0.0
0.0
0.0
0.0
0.0
0.0
0.0
0.0
0.0
0.0
0.0
0.0
0.0
0.0
0.0
0.0
0.0
0.0
0.0
0.0
0.0
0.0
0.0
0.258867922057
0.0
0.258867922057
0.0
0.0
0.258867922057
-0.0314539127118
0.258867922057
0.0
0.0
1.88395990989
0.0
0.258867922057
0.258867922057
0.258867922057
0.258867922057
0.0
0.258867922057
0.0
0.258867922057
0.258867922057
0.258867922057
0.0
0.0
0.0
1.47825664166
0.0
0.258867922057
0.0
0.0
1.45665308339
4.243752572
2.77189465128
0.0
0.0
1.47825664166
0.0
1.45665308339
2.62680878715
2.62680878715
1.47825664166
0.0
1.47825664166
0.0
1.47825664166
1.83162575173
1.45665308339
0.0
0.0
0.0
0.258867922057
0.0
0.0
0.0
0.0
0.0
0.0
0.0
0.0
0.0
0.0
0.0
0.0
0.0
0.0
0.0
0.0
0.0
0.0
0.0
0.0
0.0
0.0
0.0
0.0
0.0
0.0
0.0
0.0
0.0
0.0
0.0
0.0
0.0
0.0
0.0
0.0
0.0
0.0
0.0
0.0
0.0
0.0
0.0
0.0
0.0
0.0
0.0
0.0
0.0
0.0
0.0
0.0
0.0
0.0
0.0
0.258867922057
0.0
0.258867922057
0.0
0.0
3.07502873886
-0.0314539127118
0.258867922057
0.0
0.0
0.258867922057
0.0
3.90568410763
1.45665308339
1.45665308339
0.258867922057
0.0
1.45665308339
0.0
0.258867922057
1.45665308339
3.07502873886
0.0
0.0
0.0
0.258867922057
1.45665308339
0.0
0.0
5.75323347442
0.0
0.258867922057
0.0
0.0
0.258867922057
1.47825664166
2.58818279411
0.0
0.0
3.74236277852
0.0
0.258867922057
2.46487936388
0.258867922057
2.58818279411
0.0
6.82938395134
0.0
3.74236277852
0.258867922057
0.258867922057
0.0
0.0
0.0
0.258867922057
1.47825664166
0.0
0.0
0.258867922057
1.47825664166
0.0
-0.0314539127118
0.0
0.0
-0.0314539127118
4.243752572
2.77189465128
0.0
0.0
1.47825664166
0.0
-0.0314539127118
1.47825664166
-0.0314539127118
1.47825664166
0.0
1.47825664166
0.0
1.47825664166
0.0
-0.0314539127118
0.0
0.0
0.0
-0.0314539127118
4.243752572
0.0
0.0
-0.0314539127118
1.47825664166
0.0
0.0
0.0
0.0
0.0
0.0
0.0
0.0
0.0
0.0
0.0
0.0
0.0
0.0
0.0
0.0
0.0
0.0
0.0
0.0
0.0
0.0
0.0
0.0
0.0
0.0
0.0
0.0
0.0
0.0
0.0
0.0
1.05525050774
0.0
-0.0314539127118
0.0
0.0
-0.0314539127118
1.05525050774
1.05525050774
0.0
0.0
2.28998951596
0.0
-0.0314539127118
1.05525050774
-0.0314539127118
1.05525050774
0.0
1.05525050774
0.0
1.05525050774
0.0
-0.0314539127118
0.0
0.0
0.0
-0.0314539127118
1.05525050774
0.0
0.0
-0.0314539127118
1.05525050774
1.05525050774
0.0
0.0
0.0
0.0
0.0
0.0
0.0
0.0
0.0
0.0
0.0
0.0
0.0
0.0
0.0
0.0
0.0
0.0
0.0
0.0
0.0
0.0
0.0
0.0
0.0
0.0
0.0
0.0
0.0
0.0
0.0
0.0
0.0
0.0
0.0
0.258867922057
0.0
0.258867922057
0.0
0.0
0.258867922057
-0.0314539127118
2.52089831331
0.0
0.0
0.258867922057
0.0
0.258867922057
2.52089831331
0.258867922057
5.76615011165
0.0
2.52089831331
0.0
0.258867922057
0.258867922057
0.258867922057
0.0
0.0
0.0
0.258867922057
0.258867922057
0.0
0.0
0.258867922057
0.258867922057
-0.0314539127118
0.0
-0.0314539127118
0.0
1.80186789467
0.0
2.67127752987
0.0
0.0
0.258867922057
1.47825664166
1.47825664166
0.0
0.0
1.88395990989
0.0
0.258867922057
1.47825664166
0.258867922057
1.47825664166
0.0
2.75253889114
0.0
1.47825664166
0.258867922057
0.258867922057
0.0
2.88105501423
0.0
1.88395990989
1.47825664166
0.0
0.0
0.258867922057
1.47825664166
1.47825664166
0.0
1.05525050774
0.0
0.258867922057
0.0
0.0
0.0
0.0
0.0
0.0
0.0
0.0
0.0
0.0
0.0
0.0
0.0
0.0
0.0
0.0
0.0
0.0
0.0
0.0
0.0
0.0
0.0
0.0
0.0
0.0
0.0
0.0
0.0
0.0
0.0
0.0
0.0
0.0
0.0
0.0
3.52097462311
0.258867922057
0.0
0.258867922057
0.0
0.0
1.45665308339
-0.0314539127118
0.258867922057
0.0
0.0
0.258867922057
0.0
1.45665308339
1.45665308339
1.45665308339
0.258867922057
0.0
1.45665308339
0.0
0.258867922057
1.45665308339
1.45665308339
0.0
0.0
0.0
0.258867922057
1.45665308339
0.0
0.0
1.45665308339
0.258867922057
-0.0314539127118
0.0
-0.0314539127118
0.0
0.258867922057
0.258867922057
0.0
0.0
0.0
0.0
0.0
0.0
0.0
0.0
0.0
0.0
0.0
0.0
0.0
0.0
0.0
0.0
0.0
0.0
0.0
0.0
0.0
0.0
0.0
0.0
0.0
0.0
0.0
0.0
0.0
0.0
0.0
0.0
0.0
0.0
0.0
0.0
0.0
0.0
0.0
0.0

