Topic 2
Mean 3.86505592913
Median 4.29949985932
Sum 23.1903355748
0.0
1.05525050774
0.0
6.13004001102
0.0
2.83769948638
4.29949985932
0.0
4.56834585101
4.29949985932

Topic 4
Mean 3.12028209769
Median 3.56113705216
Sum 18.7216925861
2.52163044914
4.60064365519
1.47825664166
4.60064365519
0.258867922057
5.26165026291
0.0
0.0
0.0
0.0

Topic 8
Mean 3.58102265403
Median 3.0449071735
Sum 21.4861359242
0.0
1.05525050774
0.0
3.50163155289
0.0
2.58818279411
8.25125672243
0.0
2.58818279411
3.50163155289

Topic 5
Mean 2.866843582
Median 2.52163044914
Sum 8.60053074599
0.0
1.47825664166
0.0
2.52163044914
0.0
4.60064365519
0.0
0.0
0.0
0.0

Topic 1
Mean 2.93361489872
Median 2.4073371456
Sum 17.6016893923
0.0
0.0
2.4073371456
0.0
5.87477909224
2.19139394082
0.0
2.4073371456
2.52944812723
2.19139394082

Topic 0
Mean 2.11486786927
Median 2.4073371456
Sum 19.0023569107
2.58818279411
0.258867922057
-0.0314539127118
2.67127752987
2.58818279411
0.258867922057
4.4755190297
1.901615776
1.88395990989
2.4073371456

Topic 3
Mean 1.51275638027
Median 1.68993620883
Sum 9.07653828163
0.0
1.901615776
0.0
2.65803170655
0.0
1.47825664166
2.52089831331
0.0
0.258867922057
0.258867922057

Topic 9
Mean 0.800565251335
Median 0.258867922057
Sum 2.401695754
0.0
0.0
0.258867922057
0.0
0.0
0.0
0.0
1.88395990989
0.258867922057
0.0

Topic 7
Mean 0.258867922057
Median 0.258867922057
Sum 0.258867922057
0.0
0.258867922057
0.0
0.0
0.0
0.0
0.0
0.0
0.0
0.0

Topic 6
Mean 0.643201725542
Median 0.258867922057
Sum 6.43201725542
0.258867922057
0.258867922057
1.83162575173
0.258867922057
0.258867922057
0.258867922057
0.258867922057
0.258867922057
0.258867922057
2.52944812723

