Topic 9
Mean 0.185935641739
Median 0.166666666667
Sum 5.2061979687
0.166666666667
0.0
0.0
0.166666666667
0.0625
0.0
0.25
0.25
0.0
0.333333333333
0.166666666667
0.333333333333
0.0
0.0909090909091
0.25
0.142857142857
0.25
0.0
0.0833333333333
0.2
0.25
0.1
0.333333333333
0.0
0.0769230769231
0.25
0.333333333333
0.25
0.142857142857
0.0909090909091
0.0
0.0833333333333
0.25
0.125
0.0909090909091
0.0833333333333
0.0
0.0
0.0
0.0
0.0
0.0
0.0
0.0
0.0

Topic 4
Mean 0.167103575437
Median 0.125
Sum 6.01572871573
0.0909090909091
0.125
0.1
0.111111111111
0.0909090909091
0.25
0.111111111111
0.0909090909091
0.25
0.2
0.125
0.0714285714286
0.0909090909091
0.0833333333333
0.0833333333333
0.166666666667
0.1
0.5
0.2
0.2
0.0909090909091
0.0
0.0
0.0
0.0
0.0
0.0
0.0
0.333333333333
0.1
0.142857142857
0.125
0.0909090909091
0.0909090909091
0.2
0.0
0.142857142857
0.1
0.333333333333
0.25
0.5
0.1
0.25
0.0
0.125

Topic 2
Mean 0.152991530075
Median 0.125
Sum 5.50769508269
0.2
0.1
0.166666666667
0.1
0.333333333333
0.0833333333333
0.25
0.125
0.125
0.0909090909091
0.25
0.2
0.1
0.0909090909091
0.25
0.125
0.0909090909091
0.0769230769231
0.0714285714286
0.0833333333333
0.0909090909091
0.111111111111
0.125
0.25
0.0909090909091
0.125
0.125
0.0833333333333
0.333333333333
0.25
0.111111111111
0.1
0.333333333333
0.25
0.0909090909091
0.125
0.0
0.0
0.0
0.0
0.0
0.0
0.0
0.0
0.0

Topic 5
Mean 0.156271654932
Median 0.118055555556
Sum 4.37560633811
0.0
0.0
0.2
0.0
0.111111111111
0.0909090909091
0.0
0.0833333333333
0.166666666667
0.0714285714286
0.0
0.5
0.166666666667
0.1
0.111111111111
0.0
0.0
0.0
0.0
0.0
0.0
0.0
0.2
0.25
0.125
0.142857142857
0.25
0.0
0.0
0.0769230769231
0.0833333333333
0.0666666666667
0.0625
0.1
0.0
0.1
0.0
0.333333333333
0.142857142857
0.0909090909091
0.0833333333333
0.25
0.0
0.166666666667
0.25

Topic 8
Mean 0.138669641905
Median 0.111111111111
Sum 6.24013388572
0.0714285714286
0.0714285714286
0.0833333333333
0.0909090909091
0.0833333333333
0.1
0.111111111111
0.111111111111
0.125
0.142857142857
0.0909090909091
0.2
0.0833333333333
0.111111111111
0.111111111111
0.0769230769231
0.111111111111
0.0769230769231
0.0909090909091
0.0909090909091
0.25
0.111111111111
0.2
0.333333333333
0.333333333333
0.142857142857
0.2
0.111111111111
0.333333333333
0.166666666667
0.0833333333333
0.111111111111
0.111111111111
0.166666666667
0.2
0.2
0.0588235294118
0.0833333333333
0.2
0.0666666666667
0.0666666666667
0.0666666666667
0.0769230769231
0.333333333333
0.2

Topic 6
Mean 0.135177818214
Median 0.111111111111
Sum 3.78497890998
0.0769230769231
0.0
0.0
0.2
0.25
0.0
0.111111111111
0.0666666666667
0.0
0.0909090909091
0.0
0.0
0.0
0.0
0.0
0.0833333333333
0.0666666666667
0.0
0.111111111111
0.0714285714286
0.0
0.111111111111
0.0769230769231
0.0
0.25
0.0909090909091
0.0
0.0833333333333
0.142857142857
0.125
0.0
0.166666666667
0.0909090909091
0.0
0.166666666667
0.111111111111
0.0909090909091
0.25
0.0
0.333333333333
0.0909090909091
0.0
0.0833333333333
0.25
0.142857142857

Topic 3
Mean 0.142145949289
Median 0.111111111111
Sum 2.98506493507
0.0
0.0
0.0
0.0
0.0
0.0
0.0
0.2
0.0
0.0
0.0
0.0909090909091
0.0
0.0
0.111111111111
0.0
0.166666666667
0.0
0.0
0.0833333333333
0.0714285714286
0.0
0.166666666667
0.0
0.0
0.25
0.1
0.0909090909091
0.0
0.25
0.0
0.0
0.111111111111
0.0909090909091
0.125
0.125
0.0
0.166666666667
0.0
0.0
0.25
0.0909090909091
0.0833333333333
0.25
0.111111111111

Topic 1
Mean 0.156392351035
Median 0.111111111111
Sum 3.28423937174
0.0
0.0
0.1
0.0
0.111111111111
0.0625
0.0
0.25
0.0769230769231
0.0909090909091
0.0
0.0
0.0
0.0
0.0
0.0
0.0833333333333
0.0666666666667
0.0666666666667
0.25
0.0
0.0
0.0
0.0
0.0
0.0
0.0
0.0
0.0
0.333333333333
0.0714285714286
0.111111111111
0.2
0.0
0.0769230769231
0.0
0.0
0.333333333333
0.125
0.125
0.25
0.0
0.333333333333
0.0
0.166666666667

Topic 0
Mean 0.13003968254
Median 0.105555555556
Sum 1.3003968254
0.0
0.0
0.0
0.0
0.0
0.0
0.0
0.0833333333333
0.0
0.0
0.0
0.0
0.0
0.0
0.0
0.0
0.0833333333333
0.0
0.0
0.0714285714286
0.0
0.0
0.0
0.0
0.0
0.0
0.0
0.0
0.0
0.166666666667
0.0
0.0
0.1
0.0
0.111111111111
0.0
0.0
0.333333333333
0.0
0.0
0.0833333333333
0.0
0.125
0.0
0.142857142857

Topic 7
Mean 0.135649442696
Median 0.1
Sum 4.88337993706
0.25
0.25
0.111111111111
0.0
0.0
0.0
0.2
0.333333333333
0.25
0.0
0.1
0.142857142857
0.125
0.0
0.125
0.0666666666667
0.0909090909091
0.0666666666667
0.0
0.0588235294118
0.0625
0.111111111111
0.125
0.0833333333333
0.0
0.0833333333333
0.0769230769231
0.2
0.0909090909091
0.1
0.0909090909091
0.0
0.0909090909091
0.1
0.0588235294118
0.0714285714286
0.2
0.2
0.25
0.0
0.2
0.25
0.0769230769231
0.0909090909091
0.1

