Topic 5
Mean 0.242207792208
Median 0.25
Sum 7.99285714285
0.111111111111
0.1
0.25
0.111111111111
0.333333333333
0.25
0.0
0.0
0.0
0.0
0.125
0.0
0.0
0.0
0.0
0.166666666667
0.333333333333
0.25
0.333333333333
0.0
0.166666666667
0.142857142857
0.2
0.2
0.2
0.0
0.25
0.2
0.125
0.333333333333
0.25
0.333333333333
0.0
0.2
0.5
0.333333333333
0.111111111111
0.333333333333
0.25
0.333333333333
0.0
0.25
0.333333333333
0.25
0.333333333333

Topic 9
Mean 0.222842250342
Median 0.2
Sum 10.0279012654
0.25
0.25
0.5
0.333333333333
0.333333333333
0.333333333333
0.333333333333
0.333333333333
0.333333333333
0.333333333333
0.142857142857
0.333333333333
0.2
0.166666666667
0.166666666667
0.111111111111
0.0909090909091
0.111111111111
0.142857142857
0.125
0.0833333333333
0.0833333333333
0.0666666666667
0.0909090909091
0.125
0.0833333333333
0.0625
0.0769230769231
0.2
0.25
0.25
1.0
0.25
0.333333333333
0.0909090909091
0.0769230769231
0.2
0.25
0.25
0.25
0.5
0.142857142857
0.111111111111
0.0769230769231
0.2

Topic 6
Mean 0.223609106942
Median 0.2
Sum 10.0624098124
0.2
0.2
0.333333333333
0.1
0.166666666667
0.142857142857
0.2
0.333333333333
0.25
0.0909090909091
0.166666666667
0.333333333333
0.25
0.0909090909091
0.333333333333
0.333333333333
0.333333333333
0.25
0.1
0.25
0.2
0.25
0.142857142857
0.111111111111
0.0909090909091
0.166666666667
0.0833333333333
0.166666666667
0.2
0.5
0.5
0.1
0.333333333333
0.333333333333
0.333333333333
0.142857142857
0.2
0.25
0.25
0.1
0.25
0.2
0.2
0.25
0.25

Topic 2
Mean 0.192117940982
Median 0.2
Sum 6.33989205239
0.166666666667
0.333333333333
0.111111111111
0.0
0.0
0.333333333333
0.0833333333333
0.0909090909091
0.111111111111
0.0
0.0769230769231
0.0714285714286
0.125
0.0
0.0625
0.25
0.333333333333
0.25
0.25
0.25
0.0833333333333
0.2
0.2
0.25
0.2
0.2
0.1
0.166666666667
0.0
0.0
0.333333333333
0.0
0.0
0.0
0.0
0.0
0.25
0.25
0.25
0.25
0.25
0.0909090909091
0.2
0.166666666667
0.0

Topic 0
Mean 0.190270763187
Median 0.2
Sum 6.84974747475
0.0909090909091
0.125
0.1
0.166666666667
0.333333333333
0.25
0.166666666667
0.125
0.166666666667
0.25
0.25
0.166666666667
0.333333333333
0.25
0.2
0.125
0.0909090909091
0.25
0.2
0.166666666667
0.25
0.111111111111
0.0909090909091
0.25
0.2
0.166666666667
0.25
0.2
0.166666666667
0.0909090909091
0.25
0.2
0.166666666667
0.25
0.2
0.2
0.0
0.0
0.0
0.0
0.0
0.0
0.0
0.0
0.0

Topic 4
Mean 0.196064023696
Median 0.183333333333
Sum 7.45043290043
0.2
0.166666666667
0.166666666667
0.25
0.333333333333
0.2
0.0
0.0
0.0
0.0
0.2
0.2
0.166666666667
0.25
0.25
0.0833333333333
0.111111111111
0.0833333333333
0.125
0.0
0.1
0.1
0.333333333333
0.1
0.111111111111
0.0
0.25
0.0909090909091
0.125
0.2
0.111111111111
0.166666666667
0.0
0.2
0.1
0.125
0.333333333333
0.25
0.2
0.5
0.333333333333
0.333333333333
0.333333333333
0.125
0.142857142857

Topic 7
Mean 0.203431136764
Median 0.166666666667
Sum 9.1544011544
0.166666666667
0.166666666667
0.111111111111
0.333333333333
0.2
0.333333333333
0.25
0.111111111111
0.125
0.333333333333
0.1
0.0909090909091
0.166666666667
0.125
0.1
0.166666666667
0.125
0.166666666667
0.2
0.25
0.111111111111
0.333333333333
0.125
0.2
0.333333333333
0.333333333333
0.111111111111
0.333333333333
0.25
0.166666666667
0.2
0.166666666667
0.142857142857
0.166666666667
0.142857142857
0.2
0.333333333333
0.333333333333
0.2
0.333333333333
0.25
0.1
0.166666666667
0.333333333333
0.166666666667

Topic 3
Mean 0.178903239617
Median 0.142857142857
Sum 7.51393606393
0.125
0.125
0.125
0.0909090909091
0.1
0.25
0.0769230769231
0.1
0.142857142857
0.125
0.0909090909091
0.166666666667
0.2
0.166666666667
0.111111111111
0.0
0.0
0.333333333333
0.25
0.25
0.2
0.125
0.166666666667
0.333333333333
0.2
0.2
0.166666666667
0.25
0.125
0.125
0.142857142857
0.111111111111
0.0909090909091
0.142857142857
0.0
0.333333333333
0.111111111111
0.125
0.333333333333
0.25
0.142857142857
0.2
0.333333333333
0.333333333333
0.142857142857

Topic 8
Mean 0.153632601966
Median 0.125
Sum 6.91346708847
0.125
0.142857142857
0.25
0.142857142857
0.125
0.333333333333
0.0666666666667
0.0714285714286
0.125
0.0666666666667
0.142857142857
0.5
0.333333333333
0.142857142857
0.0769230769231
0.0833333333333
0.166666666667
0.142857142857
0.0833333333333
0.0714285714286
0.111111111111
0.125
0.125
0.333333333333
0.125
0.0833333333333
0.166666666667
0.1
0.166666666667
0.25
0.2
0.166666666667
0.0833333333333
0.2
0.142857142857
0.142857142857
0.1
0.0909090909091
0.2
0.1
0.0833333333333
0.125
0.1
0.2
0.2

Topic 1
Mean 0.17391963592
Median 0.125
Sum 4.34799089799
0.0714285714286
0.0555555555556
0.0909090909091
0.0714285714286
0.125
0.2
0.0769230769231
0.2
0.25
0.166666666667
0.0
0.0
0.0
0.0
0.0
0.0666666666667
1.0
0.0833333333333
0.142857142857
0.333333333333
0.0
0.0666666666667
0.125
0.0833333333333
0.125
0.333333333333
0.0
0.125
0.0
0.0
0.111111111111
0.0
0.0
0.0
0.0
0.166666666667
0.0
0.0
0.111111111111
0.0
0.0
0.0
0.0
0.166666666667
0.0

