Topic 0
Mean 0.200515921562
Median 0.142857142857
Sum 15.4397259603
0.0
0.0
0.0
0.0
0.0
0.0
0.0
0.0833333333333
0.0
0.0
0.0
0.0
0.0
0.0
0.0
0.0
0.0833333333333
0.0
0.0
0.0714285714286
0.0
0.0
0.0
0.0
0.0
0.0
0.0
0.0
0.0
0.166666666667
0.0
0.0
0.1
0.0
0.111111111111
0.0
0.0
0.333333333333
0.0
0.0
0.0833333333333
0.0
0.125
0.0
0.142857142857
0.0
0.2
0.0
0.0
0.0714285714286
0.0
0.111111111111
0.0
0.142857142857
0.2
0.0
1.0
0.0
0.0
0.0769230769231
0.0
0.111111111111
0.0
0.166666666667
0.25
0.166666666667
0.0
0.0833333333333
0.0
0.0
0.0833333333333
0.0
0.111111111111
0.0
0.111111111111
0.2
0.111111111111
0.125
0.0
0.333333333333
0.0
0.0
0.0833333333333
0.0
0.125
0.0
0.125
0.333333333333
0.2
0.25
0.125
0.0
0.0666666666667
0.0
0.0
0.0588235294118
0.0
0.125
0.0
0.0833333333333
0.0833333333333
0.0833333333333
0.0769230769231
0.0833333333333
0.0
0.0
0.0
0.0
0.0
0.0
0.0
0.0
0.0
0.0
0.0
0.0
0.0
0.0
0.0
0.0
0.0
0.0
0.0
0.0
0.0
0.0
0.0
0.0
0.0
0.0
0.0
0.0
0.0
0.0
0.0
0.0
0.0
0.25
0.0
0.0
0.125
0.0
0.111111111111
0.0
0.25
0.25
0.166666666667
0.333333333333
0.111111111111
0.25
0.0833333333333
0.0
0.0
0.0
0.5
0.0
0.0
0.0833333333333
0.0
0.166666666667
0.0
0.333333333333
0.333333333333
0.2
1.0
0.125
0.333333333333
0.0909090909091
0.0
0.0
0.333333333333
0.0
0.333333333333
0.0
0.0
0.111111111111
0.0
0.166666666667
0.0
0.2
0.333333333333
0.25
0.25
0.25
0.333333333333
0.0909090909091
0.0
0.0
0.5
0.333333333333

Topic 5
Mean 0.18233722346
Median 0.166666666667
Sum 22.4274784856
0.0
0.0
0.2
0.0
0.111111111111
0.0909090909091
0.0
0.0833333333333
0.166666666667
0.0714285714286
0.0
0.5
0.166666666667
0.1
0.111111111111
0.0
0.0
0.0
0.0
0.0
0.0
0.0
0.2
0.25
0.125
0.142857142857
0.25
0.0
0.0
0.0769230769231
0.0833333333333
0.0666666666667
0.0625
0.1
0.0
0.1
0.0
0.333333333333
0.142857142857
0.0909090909091
0.0833333333333
0.25
0.0
0.166666666667
0.25
0.0
0.333333333333
0.2
0.1
0.0909090909091
0.333333333333
0.0
0.2
0.333333333333
0.25
0.0
0.5
0.166666666667
0.1
0.0909090909091
0.5
0.0
0.2
0.0
0.5
0.333333333333
0.0
0.5
0.142857142857
0.1
0.0833333333333
0.25
0.0
0.166666666667
0.25
0.2
0.25
0.25
0.0
0.0
0.0
0.0
0.0
0.0
0.0
0.0
0.0
0.25
0.333333333333
0.0
0.25
0.0
0.0
0.0
0.0
0.0
0.0
0.0
0.0
0.0
0.0
0.0
0.0
0.0
0.0
0.0
0.2
0.111111111111
0.111111111111
0.0833333333333
0.166666666667
0.0
0.166666666667
0.0769230769231
0.333333333333
0.2
0.125
0.166666666667
0.0
0.0
0.0
0.333333333333
0.166666666667
0.111111111111
0.1
0.5
0.0
0.166666666667
0.0833333333333
0.2
0.166666666667
0.125
0.25
0.0
0.0
0.333333333333
0.0
0.2
0.2
0.0909090909091
0.0833333333333
0.25
0.0
0.2
0.0588235294118
0.333333333333
0.25
0.25
0.2
0.0
0.0
0.111111111111
0.111111111111
0.0
0.0833333333333
0.142857142857
0.0714285714286
0.0666666666667
0.1
0.0
0.111111111111
0.0833333333333
0.0909090909091
0.1
0.1
0.0909090909091
0.0
0.0
0.0833333333333
0.0833333333333
0.0909090909091
0.0
0.142857142857
0.333333333333
0.0909090909091
0.166666666667
0.333333333333
0.0
0.25
0.142857142857
0.166666666667
0.25
0.142857142857
0.125
0.142857142857
0.0
0.166666666667
0.2
0.142857142857
0.0833333333333

Topic 9
Mean 0.178881718604
Median 0.142857142857
Sum 22.8968599813
0.166666666667
0.0
0.0
0.166666666667
0.0625
0.0
0.25
0.25
0.0
0.333333333333
0.166666666667
0.333333333333
0.0
0.0909090909091
0.25
0.142857142857
0.25
0.0
0.0833333333333
0.2
0.25
0.1
0.333333333333
0.0
0.0769230769231
0.25
0.333333333333
0.25
0.142857142857
0.0909090909091
0.0
0.0833333333333
0.25
0.125
0.0909090909091
0.0833333333333
0.0
0.0
0.0
0.0
0.0
0.0
0.0
0.0
0.0
0.166666666667
0.333333333333
0.0
0.0909090909091
0.25
0.333333333333
0.25
0.333333333333
0.125
0.0
0.142857142857
0.333333333333
0.0
0.0833333333333
0.2
0.25
0.2
0.25
0.111111111111
0.0
0.25
0.166666666667
0.0909090909091
0.0
0.111111111111
0.125
0.0
0.0833333333333
0.0769230769231
0.0833333333333
0.0
0.0909090909091
0.0833333333333
0.0
0.0
0.0
0.0
0.0
0.0
0.0
0.0
0.0
0.0
0.0
0.0
0.0
0.142857142857
0.5
0.0
0.0833333333333
0.5
0.333333333333
0.2
0.25
0.0909090909091
0.0
0.25
0.2
0.0833333333333
0.0
0.142857142857
0.0833333333333
0.0
0.0714285714286
0.1
0.1
0.0909090909091
0.0666666666667
0.125
0.0
0.0
0.0909090909091
0.0666666666667
0.0
0.0714285714286
0.2
0.333333333333
0.0
0.0909090909091
0.5
0.2
0.142857142857
0.166666666667
0.25
0.0
0.166666666667
0.166666666667
0.0909090909091
0.0
0.2
0.142857142857
0.1
0.0526315789474
0.0
0.0588235294118
0.0769230769231
0.0
0.0714285714286
0.0555555555556
0.0666666666667
0.0
0.0
0.0666666666667
0.0555555555556
0.0
0.0555555555556
0.5
0.0909090909091
0.2
0.166666666667
0.0
0.125
0.2
0.166666666667
0.166666666667
0.166666666667
0.142857142857
0.0
0.0
0.5
0.125
0.0
0.125
0.125
0.2
0.0909090909091
0.142857142857
0.25
0.0
0.0833333333333
0.5
0.25
0.2
0.25
0.0
0.0
0.25
0.5
0.0833333333333
0.0
0.25
0.0
0.2
0.0714285714286
0.0

Topic 2
Mean 0.172079590592
Median 0.133928571429
Sum 27.1885753136
0.2
0.1
0.166666666667
0.1
0.333333333333
0.0833333333333
0.25
0.125
0.125
0.0909090909091
0.25
0.2
0.1
0.0909090909091
0.25
0.125
0.0909090909091
0.0769230769231
0.0714285714286
0.0833333333333
0.0909090909091
0.111111111111
0.125
0.25
0.0909090909091
0.125
0.125
0.0833333333333
0.333333333333
0.25
0.111111111111
0.1
0.333333333333
0.25
0.0909090909091
0.125
0.0
0.0
0.0
0.0
0.0
0.0
0.0
0.0
0.0
0.25
0.2
0.1
0.0909090909091
0.25
0.333333333333
0.111111111111
0.111111111111
0.25
0.25
0.25
0.25
0.166666666667
0.1
0.333333333333
0.25
0.142857142857
0.125
0.333333333333
0.333333333333
0.25
0.166666666667
0.25
0.1
0.111111111111
0.111111111111
0.25
0.142857142857
0.111111111111
0.166666666667
0.0
0.25
0.333333333333
0.2
0.2
0.1
0.0909090909091
0.25
0.2
0.0833333333333
0.111111111111
0.25
0.25
0.2
0.25
0.25
0.25
0.333333333333
0.111111111111
0.1
0.1
0.333333333333
0.0909090909091
0.125
0.333333333333
0.333333333333
0.333333333333
0.333333333333
0.333333333333
0.333333333333
0.111111111111
0.125
0.125
0.0909090909091
0.142857142857
0.111111111111
0.0833333333333
0.125
0.125
0.0
0.111111111111
0.125
0.111111111111
0.0909090909091
0.1
0.125
0.142857142857
0.142857142857
0.1
0.166666666667
0.125
0.0909090909091
0.142857142857
0.142857142857
0.0
0.125
0.142857142857
0.125
0.1
0.111111111111
0.333333333333
0.0
0.0
0.0
0.0
0.0
0.0
0.0
0.0
0.0
0.0
0.0
0.0
0.0
0.0
0.0
0.0
0.0
0.166666666667
0.25
0.142857142857
0.1
0.2
0.2
0.0909090909091
0.125
0.25
0.2
0.166666666667
0.2
0.2
0.2
0.25
0.125
0.142857142857
0.0
0.142857142857
0.125
0.125
0.0909090909091
0.142857142857
0.111111111111
0.125
0.125
0.125
0.0
0.142857142857
0.25
0.111111111111
0.0909090909091
0.125
0.333333333333
0.333333333333
0.0
0.125

Topic 3
Mean 0.171887616944
Median 0.125
Sum 23.0329406704
0.0
0.0
0.0
0.0
0.0
0.0
0.0
0.2
0.0
0.0
0.0
0.0909090909091
0.0
0.0
0.111111111111
0.0
0.166666666667
0.0
0.0
0.0833333333333
0.0714285714286
0.0
0.166666666667
0.0
0.0
0.25
0.1
0.0909090909091
0.0
0.25
0.0
0.0
0.111111111111
0.0909090909091
0.125
0.125
0.0
0.166666666667
0.0
0.0
0.25
0.0909090909091
0.0833333333333
0.25
0.111111111111
0.0
0.5
0.0
0.0
0.166666666667
0.125
0.166666666667
0.0
0.2
0.125
0.0
0.142857142857
0.0
0.0
0.2
0.0909090909091
0.0833333333333
0.25
0.111111111111
0.2
0.166666666667
0.0
0.125
0.0
0.0
0.166666666667
0.0833333333333
0.0769230769231
0.2
0.111111111111
0.166666666667
0.125
0.166666666667
0.0
0.166666666667
0.0
0.0
0.111111111111
0.0909090909091
0.0833333333333
0.125
0.111111111111
0.166666666667
0.125
0.25
0.1
0.0
0.142857142857
0.0
0.0
0.333333333333
0.0769230769231
0.0833333333333
0.25
0.111111111111
0.2
0.1
0.2
0.25
0.111111111111
0.0
0.166666666667
0.0
0.0
0.5
0.1
0.0909090909091
0.333333333333
0.125
0.25
0.166666666667
0.25
0.2
0.125
0.5
0.0
0.142857142857
0.0
0.0
0.2
0.0909090909091
0.0833333333333
0.25
0.111111111111
0.2
0.5
0.25
0.166666666667
0.111111111111
0.2
0.333333333333
0.0
0.142857142857
0.0
0.0
0.0833333333333
0.0714285714286
0.0666666666667
0.1
0.0833333333333
0.0833333333333
0.142857142857
0.111111111111
0.111111111111
0.0833333333333
0.0625
0.1
0.125
0.0
0.111111111111
0.0
0.0
0.2
0.111111111111
0.0833333333333
0.0
0.111111111111
0.166666666667
0.166666666667
0.142857142857
0.166666666667
0.125
0.142857142857
0.125
0.125
0.0833333333333
0.0
0.166666666667
0.0
0.0
0.333333333333
0.1
0.0909090909091
0.333333333333
0.125
0.25
0.166666666667
0.333333333333
0.2
0.125
1.0
0.5
0.5
0.1
0.111111111111

Topic 1
Mean 0.166781129911
Median 0.133928571429
Sum 20.0137355893
0.0
0.0
0.1
0.0
0.111111111111
0.0625
0.0
0.25
0.0769230769231
0.0909090909091
0.0
0.0
0.0
0.0
0.0
0.0
0.0833333333333
0.0666666666667
0.0666666666667
0.25
0.0
0.0
0.0
0.0
0.0
0.0
0.0
0.0
0.0
0.333333333333
0.0714285714286
0.111111111111
0.2
0.0
0.0769230769231
0.0
0.0
0.333333333333
0.125
0.125
0.25
0.0
0.333333333333
0.0
0.166666666667
0.0
0.25
0.166666666667
0.333333333333
0.2
0.0
0.25
0.0
0.111111111111
0.25
0.0
0.0714285714286
0.0588235294118
0.0526315789474
0.047619047619
0.0
0.0625
0.0
0.0588235294118
0.111111111111
0.0714285714286
0.0
0.111111111111
0.0666666666667
0.0833333333333
0.0714285714286
0.0
0.0714285714286
0.0
0.1
0.142857142857
0.1
0.0555555555556
0.0
0.0909090909091
0.0588235294118
0.0714285714286
0.0833333333333
0.0
0.0625
0.0
0.0833333333333
0.142857142857
0.1
0.05
0.0769230769231
0.0
0.0
0.0
0.0
0.0
0.0
0.0
0.0
0.0
0.0
0.0
0.0
0.0
0.0
0.0
0.25
0.0833333333333
0.0909090909091
0.25
0.0
0.25
0.0
0.25
0.333333333333
0.25
0.25
0.25
0.111111111111
0.0
0.0
0.166666666667
0.0714285714286
0.0909090909091
0.2
0.0
0.125
0.0
0.111111111111
0.5
0.142857142857
0.166666666667
0.166666666667
0.166666666667
0.0
0.166666666667
0.0
0.25
0.125
0.0909090909091
0.333333333333
0.0
0.0769230769231
0.0
0.125
0.25
0.2
0.25
0.25
0.0833333333333
0.0
0.5
0.2
0.0
0.333333333333
0.111111111111
0.1
0.25
0.0
0.333333333333
0.0
0.125
0.333333333333
0.25
0.333333333333
0.333333333333
0.0909090909091
0.0
0.333333333333
0.166666666667
0.25
0.0
0.2
0.0714285714286
0.0833333333333
0.25
0.0
0.2
0.0
0.1
0.2
0.166666666667
0.2
0.2
0.0769230769231
0.0
0.2
0.125
0.166666666667
0.25

Topic 4
Mean 0.162018147544
Median 0.125
Sum 27.7051032301
0.0909090909091
0.125
0.1
0.111111111111
0.0909090909091
0.25
0.111111111111
0.0909090909091
0.25
0.2
0.125
0.0714285714286
0.0909090909091
0.0833333333333
0.0833333333333
0.166666666667
0.1
0.5
0.2
0.2
0.0909090909091
0.0
0.0
0.0
0.0
0.0
0.0
0.0
0.333333333333
0.1
0.142857142857
0.125
0.0909090909091
0.0909090909091
0.2
0.0
0.142857142857
0.1
0.333333333333
0.25
0.5
0.1
0.25
0.0
0.125
0.125
0.1
0.25
0.2
0.333333333333
0.0909090909091
0.2
0.0
0.142857142857
0.5
0.111111111111
0.0769230769231
0.0833333333333
0.0909090909091
0.0714285714286
0.0714285714286
0.125
0.0
0.125
0.0909090909091
0.1
0.2
0.0769230769231
0.1
0.0909090909091
0.0714285714286
0.0714285714286
0.125
0.0
0.333333333333
0.0909090909091
0.1
0.0909090909091
0.125
0.1
0.25
0.2
0.2
0.0909090909091
0.333333333333
0.0
0.142857142857
0.25
0.2
0.125
0.1
0.25
0.1
0.333333333333
0.25
0.25
0.0909090909091
0.333333333333
0.0
0.25
0.333333333333
0.25
0.1
0.166666666667
0.333333333333
0.166666666667
0.0833333333333
0.125
0.1
0.0769230769231
0.333333333333
0.142857142857
0.0
0.111111111111
0.2
0.111111111111
0.0833333333333
0.0833333333333
0.111111111111
0.2
0.166666666667
0.1
0.166666666667
0.125
0.2
0.0909090909091
0.333333333333
0.0
0.2
0.2
0.2
0.125
0.125
0.2
0.25
0.2
0.111111111111
0.0909090909091
0.25
0.2
0.2
0.0833333333333
0.2
0.0
0.125
0.25
0.2
0.0909090909091
0.0909090909091
0.333333333333
0.333333333333
0.0833333333333
0.125
0.142857142857
0.0909090909091
0.333333333333
0.25
0.0833333333333
0.0833333333333
0.25
0.0
0.166666666667
0.111111111111
0.125
0.111111111111
0.111111111111
0.25
0.333333333333
0.1
0.25
0.25
0.0909090909091
0.0769230769231
0.111111111111
0.111111111111
0.111111111111
0.0769230769231
0.142857142857
0.0
0.1
0.0909090909091
0.166666666667
0.0769230769231
0.0769230769231
0.166666666667
0.111111111111
0.0833333333333
0.111111111111
0.0769230769231
0.0909090909091

Topic 6
Mean 0.15864887014
Median 0.125
Sum 24.2732771314
0.0769230769231
0.0
0.0
0.2
0.25
0.0
0.111111111111
0.0666666666667
0.0
0.0909090909091
0.0
0.0
0.0
0.0
0.0
0.0833333333333
0.0666666666667
0.0
0.111111111111
0.0714285714286
0.0
0.111111111111
0.0769230769231
0.0
0.25
0.0909090909091
0.0
0.0833333333333
0.142857142857
0.125
0.0
0.166666666667
0.0909090909091
0.0
0.166666666667
0.111111111111
0.0909090909091
0.25
0.0
0.333333333333
0.0909090909091
0.0
0.0833333333333
0.25
0.142857142857
0.142857142857
0.0769230769231
0.0
0.111111111111
0.111111111111
0.0
0.1
0.111111111111
0.166666666667
0.111111111111
0.125
0.0909090909091
0.0
0.25
0.1
0.0
0.125
0.25
0.25
0.2
0.25
0.111111111111
0.25
0.0
0.2
0.0909090909091
0.0
0.0833333333333
0.25
0.142857142857
0.2
0.111111111111
0.25
0.0833333333333
0.125
0.0
0.0833333333333
0.0714285714286
0.0
0.0714285714286
0.0833333333333
0.142857142857
0.0666666666667
0.0833333333333
0.1
0.1
0.0909090909091
0.0588235294118
0.0
0.333333333333
0.1
0.0
0.0625
0.333333333333
0.166666666667
0.5
0.0769230769231
0.25
0.25
0.1
0.166666666667
0.0714285714286
0.0
0.166666666667
0.0833333333333
0.0
0.333333333333
0.1
0.25
0.0909090909091
0.125
0.166666666667
0.0833333333333
0.0769230769231
0.0909090909091
0.125
0.125
0.0
0.125
0.1
0.0
0.2
0.25
0.2
0.125
0.125
0.5
0.166666666667
0.142857142857
0.142857142857
0.166666666667
0.142857142857
0.2
0.0
0.166666666667
0.0833333333333
0.0
0.0769230769231
0.2
0.125
0.166666666667
0.1
0.166666666667
0.166666666667
0.0833333333333
0.25
0.125
0.111111111111
0.0833333333333
0.125
0.0
0.125
0.0714285714286
0.0
0.0714285714286
0.142857142857
0.142857142857
0.125
0.0833333333333
0.125
0.125
0.142857142857
0.25
0.0769230769231
0.142857142857
0.111111111111
0.111111111111
1.0
0.0
0.2
0.0909090909091
0.0
0.111111111111
0.25
0.2
0.2
0.111111111111
0.25
1.0
0.111111111111
0.25
0.142857142857
0.166666666667
0.166666666667
0.125

Topic 8
Mean 0.143054675898
Median 0.111111111111
Sum 24.4623495785
0.0714285714286
0.0714285714286
0.0833333333333
0.0909090909091
0.0833333333333
0.1
0.111111111111
0.111111111111
0.125
0.142857142857
0.0909090909091
0.2
0.0833333333333
0.111111111111
0.111111111111
0.0769230769231
0.111111111111
0.0769230769231
0.0909090909091
0.0909090909091
0.25
0.111111111111
0.2
0.333333333333
0.333333333333
0.142857142857
0.2
0.111111111111
0.333333333333
0.166666666667
0.0833333333333
0.111111111111
0.111111111111
0.166666666667
0.2
0.2
0.0588235294118
0.0833333333333
0.2
0.0666666666667
0.0666666666667
0.0666666666667
0.0769230769231
0.333333333333
0.2
0.1
0.125
0.5
0.142857142857
0.2
0.2
0.1
0.5
0.166666666667
0.166666666667
0.0833333333333
0.125
0.0769230769231
0.1
0.1
0.125
0.142857142857
0.166666666667
0.5
0.142857142857
0.142857142857
0.0
0.0
0.0
0.0
0.0
0.0
0.0
0.0
0.0
0.0
0.0
0.0
0.0909090909091
0.0833333333333
0.0833333333333
0.125
0.111111111111
0.25
0.0909090909091
0.25
0.125
0.0666666666667
0.2
0.111111111111
0.0
0.0769230769231
0.0909090909091
0.0714285714286
0.0909090909091
0.0909090909091
0.0909090909091
0.0769230769231
0.111111111111
0.0909090909091
0.0588235294118
0.1
0.0833333333333
0.0
0.111111111111
0.1
0.125
0.333333333333
0.25
0.166666666667
0.125
0.111111111111
1.0
0.125
0.333333333333
0.333333333333
0.111111111111
0.0
0.125
0.1
0.0714285714286
0.1
0.2
0.2
0.125
0.0833333333333
0.0909090909091
0.333333333333
0.0833333333333
0.2
0.166666666667
0.0769230769231
0.0
0.0833333333333
0.0714285714286
0.333333333333
0.0909090909091
0.142857142857
0.125
0.111111111111
0.111111111111
0.111111111111
0.125
0.166666666667
0.111111111111
0.125
0.125
0.1
0.0
0.142857142857
0.111111111111
0.333333333333
0.166666666667
0.125
0.0909090909091
0.0909090909091
0.125
0.333333333333
0.125
0.1
0.166666666667
0.125
0.0714285714286
0.142857142857
0.111111111111
0.0
0.125
0.1
0.142857142857
0.0909090909091
0.125
0.0714285714286
0.1
0.0714285714286
0.0833333333333
0.0833333333333
0.0833333333333
0.166666666667
0.1
0.0909090909091
0.0714285714286
0.0909090909091
0.0833333333333
0.0
0.0833333333333
0.0714285714286
0.1
0.0833333333333
0.111111111111
0.0909090909091

Topic 7
Mean 0.138293294758
Median 0.1
Sum 18.8078880871
0.25
0.25
0.111111111111
0.0
0.0
0.0
0.2
0.333333333333
0.25
0.0
0.1
0.142857142857
0.125
0.0
0.125
0.0666666666667
0.0909090909091
0.0666666666667
0.0
0.0588235294118
0.0625
0.111111111111
0.125
0.0833333333333
0.0
0.0833333333333
0.0769230769231
0.2
0.0909090909091
0.1
0.0909090909091
0.0
0.0909090909091
0.1
0.0588235294118
0.0714285714286
0.2
0.2
0.25
0.0
0.2
0.25
0.0769230769231
0.0909090909091
0.1
0.0
0.0
0.0
0.0
0.0
0.0
0.0
0.0
0.0
0.0
0.0666666666667
0.0909090909091
0.0666666666667
0.0
0.0588235294118
0.0625
0.2
0.2
0.0588235294118
0.0714285714286
0.0
0.5
0.333333333333
0.333333333333
0.0
0.25
0.1
0.0666666666667
0.1
0.1
0.25
0.0
0.0833333333333
0.142857142857
0.125
0.0833333333333
0.0
0.0909090909091
0.0769230769231
0.0714285714286
0.111111111111
0.0714285714286
0.0909090909091
0.0
0.0714285714286
0.1
0.2
0.2
0.25
0.0
0.333333333333
0.142857142857
0.0714285714286
0.0909090909091
0.333333333333
0.2
0.0
0.0769230769231
0.25
0.0909090909091
0.125
0.111111111111
0.142857142857
0.0
0.0909090909091
0.125
0.0666666666667
0.0833333333333
0.0909090909091
0.142857142857
0.0
0.0666666666667
0.125
0.0833333333333
0.125
0.333333333333
0.25
0.333333333333
0.0
0.333333333333
0.111111111111
0.0526315789474
0.0625
0.1
0.25
0.0
0.0833333333333
0.333333333333
0.0625
0.333333333333
0.125
0.0769230769231
0.111111111111
0.0769230769231
0.0
0.25
0.0714285714286
0.0909090909091
0.0909090909091
0.0666666666667
0.0833333333333
0.0
0.0909090909091
0.0769230769231
0.0833333333333
0.0833333333333
0.0769230769231
0.0588235294118
0.0
0.0
0.0
0.0
0.0
0.0
0.0
0.0
0.0
0.0
0.0
0.0
0.0
0.0
0.0
0.0
0.0
0.0
0.111111111111
0.111111111111
0.125
0.0
0.111111111111
0.2
0.0666666666667
0.0833333333333
0.0909090909091
0.5
0.0
0.0666666666667
0.125
0.0833333333333
0.125
0.125
0.125
0.0769230769231
0.0

