Topic 9
Mean 0.229836570144
Median 0.2
Sum 42.9794386169
0.25
0.25
0.5
0.333333333333
0.333333333333
0.333333333333
0.333333333333
0.333333333333
0.333333333333
0.333333333333
0.142857142857
0.333333333333
0.2
0.166666666667
0.166666666667
0.111111111111
0.0909090909091
0.111111111111
0.142857142857
0.125
0.0833333333333
0.0833333333333
0.0666666666667
0.0909090909091
0.125
0.0833333333333
0.0625
0.0769230769231
0.2
0.25
0.25
1.0
0.25
0.333333333333
0.0909090909091
0.0769230769231
0.2
0.25
0.25
0.25
0.5
0.142857142857
0.111111111111
0.0769230769231
0.2
0.25
0.333333333333
0.333333333333
0.333333333333
0.333333333333
0.2
0.333333333333
0.1
0.25
0.25
0.25
0.166666666667
0.333333333333
0.166666666667
0.166666666667
0.111111111111
0.166666666667
0.0714285714286
0.142857142857
0.25
0.333333333333
0.25
0.2
0.2
0.25
0.5
0.2
0.166666666667
0.0833333333333
0.2
0.166666666667
0.2
0.142857142857
0.2
0.25
0.25
0.333333333333
0.5
0.142857142857
0.25
0.0769230769231
0.2
0.2
0.25
0.25
0.166666666667
0.25
0.111111111111
0.142857142857
0.333333333333
0.333333333333
0.166666666667
0.0909090909091
0.0666666666667
0.25
0.25
0.333333333333
0.166666666667
0.166666666667
0.0625
0.25
0.25
0.5
0.333333333333
0.333333333333
0.166666666667
0.111111111111
0.0833333333333
0.5
0.25
0.25
0.166666666667
0.25
0.2
0.111111111111
0.142857142857
0.166666666667
0.142857142857
0.166666666667
0.166666666667
0.166666666667
0.0909090909091
0.0666666666667
0.166666666667
0.111111111111
0.142857142857
0.125
0.166666666667
0.0625
0.111111111111
0.111111111111
0.25
0.333333333333
0.333333333333
0.333333333333
0.333333333333
0.5
0.333333333333
0.0833333333333
0.25
0.25
0.333333333333
0.166666666667
0.2
0.25
0.333333333333
0.333333333333
0.125
0.25
0.333333333333
0.5
0.5
0.333333333333
0.166666666667
0.0833333333333
0.0833333333333
0.25
0.25
0.333333333333
0.166666666667
0.2
0.25
0.333333333333
0.333333333333
0.125
0.333333333333
0.2
0.25
0.5
0.25
0.25
0.5
0.0
0.0769230769231
0.25
0.2
0.333333333333
0.25
0.2
0.25
0.0
0.2
0.0
0.333333333333
0.25

Topic 7
Mean 0.226385963243
Median 0.2
Sum 39.6175435675
0.166666666667
0.166666666667
0.111111111111
0.333333333333
0.2
0.333333333333
0.25
0.111111111111
0.125
0.333333333333
0.1
0.0909090909091
0.166666666667
0.125
0.1
0.166666666667
0.125
0.166666666667
0.2
0.25
0.111111111111
0.333333333333
0.125
0.2
0.333333333333
0.333333333333
0.111111111111
0.333333333333
0.25
0.166666666667
0.2
0.166666666667
0.142857142857
0.166666666667
0.142857142857
0.2
0.333333333333
0.333333333333
0.2
0.333333333333
0.25
0.1
0.166666666667
0.333333333333
0.166666666667
0.333333333333
0.0714285714286
0.142857142857
0.333333333333
0.25
0.0714285714286
0.0909090909091
0.333333333333
0.166666666667
0.333333333333
0.166666666667
0.125
0.142857142857
0.2
0.111111111111
0.1
0.166666666667
0.333333333333
0.166666666667
0.333333333333
0.0833333333333
0.25
0.125
0.125
0.142857142857
0.125
0.0833333333333
0.142857142857
0.25
0.111111111111
0.5
0.0769230769231
0.125
0.1
0.0909090909091
0.166666666667
0.125
0.25
0.2
0.111111111111
0.333333333333
0.166666666667
0.333333333333
0.0714285714286
0.1
0.0833333333333
0.333333333333
0.333333333333
1.0
0.333333333333
0.333333333333
0.111111111111
0.142857142857
0.333333333333
0.2
1.0
0.333333333333
0.333333333333
0.2
0.111111111111
0.0
0.0
0.0
0.0
0.25
0.0
0.0
0.333333333333
0.0
0.0
0.0
0.0
0.0
0.0
0.333333333333
0.333333333333
0.333333333333
0.142857142857
0.333333333333
0.25
0.111111111111
0.333333333333
0.333333333333
0.166666666667
0.333333333333
0.333333333333
0.333333333333
0.25
0.0909090909091
0.333333333333
0.333333333333
0.25
0.25
0.25
0.5
0.333333333333
0.125
0.2
0.5
0.2
0.25
0.25
0.333333333333
0.166666666667
0.25
0.333333333333
0.0
0.333333333333
0.166666666667
0.0833333333333
0.142857142857
0.2
0.0833333333333
0.0833333333333
0.111111111111
0.142857142857
0.25
0.142857142857
0.0833333333333
0.1
0.142857142857
0.0833333333333
0.125
0.0
0.2
0.166666666667
0.333333333333
0.333333333333
0.2
0.333333333333
0.333333333333
0.125
0.2
0.333333333333
0.2
0.333333333333
0.333333333333
0.333333333333
0.2
0.125
0.333333333333
0.0
0.333333333333
0.5
0.142857142857

Topic 6
Mean 0.227680652681
Median 0.2
Sum 41.4378787879
0.2
0.2
0.333333333333
0.1
0.166666666667
0.142857142857
0.2
0.333333333333
0.25
0.0909090909091
0.166666666667
0.333333333333
0.25
0.0909090909091
0.333333333333
0.333333333333
0.333333333333
0.25
0.1
0.25
0.2
0.25
0.142857142857
0.111111111111
0.0909090909091
0.166666666667
0.0833333333333
0.166666666667
0.2
0.5
0.5
0.1
0.333333333333
0.333333333333
0.333333333333
0.142857142857
0.2
0.25
0.25
0.1
0.25
0.2
0.2
0.25
0.25
0.166666666667
0.25
0.25
0.0909090909091
0.2
0.333333333333
0.2
0.125
0.25
0.2
0.166666666667
0.2
0.25
0.166666666667
0.166666666667
0.2
0.166666666667
0.142857142857
0.2
0.166666666667
0.333333333333
0.2
0.333333333333
0.333333333333
0.0
0.333333333333
0.333333333333
0.25
0.0
0.333333333333
0.25
0.25
0.2
0.166666666667
0.333333333333
0.25
0.0
0.333333333333
0.333333333333
0.25
0.125
0.333333333333
0.2
0.2
0.166666666667
1.0
0.142857142857
0.166666666667
0.166666666667
0.1
0.142857142857
0.142857142857
0.2
0.125
0.166666666667
0.166666666667
0.142857142857
0.25
0.166666666667
0.166666666667
0.2
0.333333333333
0.333333333333
0.1
0.25
0.25
0.333333333333
0.142857142857
0.333333333333
0.25
0.25
0.2
0.333333333333
0.25
0.166666666667
0.2
0.25
0.25
0.0909090909091
0.2
0.2
0.333333333333
0.125
0.25
0.2
0.2
0.166666666667
0.25
0.2
0.142857142857
0.333333333333
0.142857142857
0.2
0.2
0.111111111111
0.166666666667
0.166666666667
0.25
0.111111111111
0.2
0.166666666667
0.166666666667
0.142857142857
0.2
0.166666666667
0.166666666667
0.333333333333
0.166666666667
0.2
0.333333333333
0.1
0.0833333333333
0.25
0.25
0.25
0.166666666667
0.0
0.25
0.25
0.2
0.0
0.0
0.166666666667
0.0
0.0
0.2
0.2
0.333333333333
0.333333333333
0.142857142857
0.25
0.25
0.333333333333
0.142857142857
0.333333333333
0.333333333333
0.333333333333
0.5
0.333333333333
0.333333333333
0.25
0.333333333333
0.25
0.2
0.333333333333

Topic 5
Mean 0.204485753325
Median 0.2
Sum 27.1966051922
0.111111111111
0.1
0.25
0.111111111111
0.333333333333
0.25
0.0
0.0
0.0
0.0
0.125
0.0
0.0
0.0
0.0
0.166666666667
0.333333333333
0.25
0.333333333333
0.0
0.166666666667
0.142857142857
0.2
0.2
0.2
0.0
0.25
0.2
0.125
0.333333333333
0.25
0.333333333333
0.0
0.2
0.5
0.333333333333
0.111111111111
0.333333333333
0.25
0.333333333333
0.0
0.25
0.333333333333
0.25
0.333333333333
0.5
0.0
0.0
0.0
0.0
0.2
0.25
0.25
0.2
0.25
0.0909090909091
0.0833333333333
0.0769230769231
0.0
0.0
0.0833333333333
0.125
0.0833333333333
0.0714285714286
0.0833333333333
0.111111111111
0.0909090909091
0.2
0.166666666667
0.2
0.0
0.111111111111
0.2
0.2
0.2
0.2
0.111111111111
0.0714285714286
0.0
0.0
0.0
0.0
0.0
0.0
0.0
0.0
0.0
0.0
0.0
0.0
0.0
0.0
0.333333333333
0.25
0.0
0.0
0.0
0.0
0.2
0.333333333333
0.333333333333
0.0
0.0
0.0
0.0
0.111111111111
0.333333333333
0.25
0.333333333333
0.0
0.142857142857
0.333333333333
0.2
0.333333333333
0.333333333333
0.142857142857
0.0833333333333
0.2
0.0
0.333333333333
0.0714285714286
0.0
0.0
0.0
0.0
0.0833333333333
0.0833333333333
0.111111111111
0.0833333333333
0.1
0.0909090909091
0.0588235294118
0.0
0.0
0.0
0.0
0.1
0.2
0.166666666667
0.2
0.0
0.142857142857
0.2
0.142857142857
0.2
0.2
0.142857142857
0.0833333333333
0.142857142857
0.0
0.2
0.2
0.0714285714286
0.111111111111
0.333333333333
0.25
1.0
0.0
0.142857142857
0.333333333333
0.2
0.333333333333
0.333333333333
0.2
0.0833333333333
0.2
0.0
0.333333333333
0.333333333333
0.0833333333333
0.2
0.0909090909091
0.25
0.2
0.2
0.0
0.111111111111
0.2
0.142857142857
0.2
0.2
0.111111111111
0.0714285714286
0.142857142857
0.0
0.2
0.2
0.0714285714286
0.142857142857
0.333333333333

Topic 4
Mean 0.19431162105
Median 0.166666666667
Sum 29.3410547785
0.2
0.166666666667
0.166666666667
0.25
0.333333333333
0.2
0.0
0.0
0.0
0.0
0.2
0.2
0.166666666667
0.25
0.25
0.0833333333333
0.111111111111
0.0833333333333
0.125
0.0
0.1
0.1
0.333333333333
0.1
0.111111111111
0.0
0.25
0.0909090909091
0.125
0.2
0.111111111111
0.166666666667
0.0
0.2
0.1
0.125
0.333333333333
0.25
0.2
0.5
0.333333333333
0.333333333333
0.333333333333
0.125
0.142857142857
0.333333333333
0.2
0.166666666667
0.25
0.25
0.2
0.0
0.111111111111
0.125
0.333333333333
0.2
0.2
0.166666666667
0.333333333333
0.25
0.2
0.0
0.111111111111
0.125
1.0
0.2
0.0
0.0
0.0
0.0
0.0
0.0
0.0
0.0
0.0
0.0
0.0
0.0
0.125
0.333333333333
0.2
0.125
0.0
0.142857142857
0.0909090909091
0.2
0.142857142857
0.142857142857
0.0
0.111111111111
0.0
0.1
0.166666666667
0.1
0.25
0.0
0.142857142857
0.142857142857
0.142857142857
0.2
0.166666666667
0.0
0.0
0.0
0.111111111111
0.333333333333
0.2
0.333333333333
0.25
0.25
0.2
0.25
0.125
0.142857142857
0.333333333333
0.333333333333
0.2
0.25
0.142857142857
0.142857142857
0.0769230769231
0.2
0.0769230769231
0.142857142857
0.0
0.142857142857
0.1
0.2
0.0909090909091
0.125
0.0
0.0
0.0
0.1
0.142857142857
0.0909090909091
0.0833333333333
0.111111111111
0.0714285714286
0.333333333333
0.0
0.0833333333333
0.0666666666667
0.0769230769231
0.0909090909091
0.0769230769231
0.0
0.25
0.0
0.0909090909091
0.0769230769231
0.111111111111
0.0625
0.333333333333
0.25
0.2
0.333333333333
0.333333333333
0.25
0.0
0.125
0.142857142857
0.333333333333
1.0
0.25
0.333333333333
0.125
0.0
0.333333333333
0.0
0.0
0.142857142857
0.333333333333
0.125
0.2
0.166666666667
0.2
0.166666666667
0.0909090909091
0.1
0.2
0.142857142857
0.166666666667
0.166666666667
0.0909090909091
0.2
0.142857142857
0.125
0.166666666667
0.166666666667

Topic 3
Mean 0.184597503089
Median 0.142857142857
Sum 31.196978022
0.125
0.125
0.125
0.0909090909091
0.1
0.25
0.0769230769231
0.1
0.142857142857
0.125
0.0909090909091
0.166666666667
0.2
0.166666666667
0.111111111111
0.0
0.0
0.333333333333
0.25
0.25
0.2
0.125
0.166666666667
0.333333333333
0.2
0.2
0.166666666667
0.25
0.125
0.125
0.142857142857
0.111111111111
0.0909090909091
0.142857142857
0.0
0.333333333333
0.111111111111
0.125
0.333333333333
0.25
0.142857142857
0.2
0.333333333333
0.333333333333
0.142857142857
0.0909090909091
0.2
0.333333333333
0.166666666667
0.111111111111
0.142857142857
0.2
0.2
0.111111111111
0.333333333333
0.1
0.125
0.333333333333
0.125
0.142857142857
0.166666666667
0.0
0.125
0.125
0.333333333333
0.2
0.142857142857
0.5
0.333333333333
0.25
0.166666666667
0.2
0.333333333333
1.0
0.166666666667
0.333333333333
0.333333333333
0.333333333333
0.1
0.111111111111
0.333333333333
0.333333333333
0.125
0.166666666667
0.25
0.25
0.125
0.25
0.25
0.25
0.25
0.0833333333333
0.111111111111
0.333333333333
0.0833333333333
0.166666666667
0.2
0.0
0.25
0.1
0.333333333333
0.2
0.1
0.333333333333
0.25
0.111111111111
0.1
0.0909090909091
0.0769230769231
0.0714285714286
0.0833333333333
0.0
0.0909090909091
0.0909090909091
0.0909090909091
0.0833333333333
0.1
0.0909090909091
0.0833333333333
0.0769230769231
0.125
0.2
0.25
0.2
0.2
0.166666666667
0.25
0.333333333333
0.142857142857
0.25
0.166666666667
0.125
0.25
0.2
0.25
0.142857142857
0.142857142857
0.111111111111
0.111111111111
0.111111111111
0.0769230769231
0.111111111111
0.0
0.111111111111
0.111111111111
0.111111111111
0.0909090909091
0.125
0.25
0.0
0.0833333333333
0.125
0.111111111111
0.0
0.0
0.333333333333
0.0
0.142857142857
0.2
0.0
0.25
0.0
0.333333333333
0.2
0.0
0.333333333333
0.25
0.0
0.0
0.25
0.0
0.25
0.111111111111
0.142857142857
0.1
0.0833333333333
0.1
0.0
0.142857142857
0.142857142857
0.0
0.0833333333333
0.111111111111
0.2
0.0
0.0909090909091
0.0833333333333
0.125
0.25
0.0

Topic 0
Mean 0.160776272126
Median 0.142857142857
Sum 26.2065323565
0.0909090909091
0.125
0.1
0.166666666667
0.333333333333
0.25
0.166666666667
0.125
0.166666666667
0.25
0.25
0.166666666667
0.333333333333
0.25
0.2
0.125
0.0909090909091
0.25
0.2
0.166666666667
0.25
0.111111111111
0.0909090909091
0.25
0.2
0.166666666667
0.25
0.2
0.166666666667
0.0909090909091
0.25
0.2
0.166666666667
0.25
0.2
0.2
0.0
0.0
0.0
0.0
0.0
0.0
0.0
0.0
0.0
0.111111111111
0.0909090909091
0.0
0.1
0.142857142857
0.1
0.111111111111
0.0
0.111111111111
0.0
0.166666666667
0.0833333333333
0.166666666667
0.166666666667
0.142857142857
0.166666666667
0.166666666667
0.142857142857
0.142857142857
0.166666666667
0.166666666667
0.142857142857
0.111111111111
0.0
0.2
0.5
0.125
0.142857142857
0.0
0.142857142857
0.0
0.125
0.142857142857
0.0833333333333
0.0714285714286
0.0
0.0909090909091
0.111111111111
0.0769230769231
0.1
0.0
0.0769230769231
0.0
0.333333333333
0.1
0.142857142857
0.25
0.0833333333333
0.0
0.1
0.142857142857
0.2
0.1
0.0
0.142857142857
0.0
0.0909090909091
0.142857142857
0.125
0.0769230769231
0.0833333333333
0.0714285714286
0.0
0.1
0.142857142857
0.0769230769231
0.0833333333333
0.0
0.0769230769231
0.0
0.0769230769231
0.0769230769231
0.166666666667
0.0666666666667
0.0769230769231
0.111111111111
0.0769230769231
0.0
0.0909090909091
0.125
0.1
0.0909090909091
0.0
0.1
0.0
0.0833333333333
0.0833333333333
0.111111111111
0.0714285714286
0.1
0.0714285714286
0.0769230769231
0.0666666666667
0.2
0.111111111111
0.142857142857
0.125
0.25
0.111111111111
0.111111111111
0.125
0.125
0.0909090909091
0.0909090909091
0.125
0.0714285714286
0.125
0.0666666666667
0.25
0.142857142857
0.25
0.2
0.2
0.25
0.2
0.2
0.333333333333
0.25
0.25
0.142857142857
0.25
0.25
0.333333333333
0.25
0.1
0.111111111111
0.125
0.1
0.333333333333
0.25
0.2
0.333333333333
0.25
0.25
0.25
0.333333333333
0.333333333333
0.166666666667
0.166666666667
0.333333333333
0.111111111111
0.333333333333
0.1
0.125
0.25

Topic 8
Mean 0.141638003416
Median 0.125
Sum 23.2286325603
0.125
0.142857142857
0.25
0.142857142857
0.125
0.333333333333
0.0666666666667
0.0714285714286
0.125
0.0666666666667
0.142857142857
0.5
0.333333333333
0.142857142857
0.0769230769231
0.0833333333333
0.166666666667
0.142857142857
0.0833333333333
0.0714285714286
0.111111111111
0.125
0.125
0.333333333333
0.125
0.0833333333333
0.166666666667
0.1
0.166666666667
0.25
0.2
0.166666666667
0.0833333333333
0.2
0.142857142857
0.142857142857
0.1
0.0909090909091
0.2
0.1
0.0833333333333
0.125
0.1
0.2
0.2
0.1
0.166666666667
0.2
0.1
0.0909090909091
0.125
0.1
0.2
0.166666666667
0.142857142857
0.111111111111
0.2
0.142857142857
0.111111111111
0.0769230769231
0.142857142857
0.333333333333
0.111111111111
0.142857142857
0.2
0.111111111111
0.0833333333333
0.125
0.25
0.111111111111
0.0769230769231
0.142857142857
0.0909090909091
0.25
0.125
0.166666666667
0.166666666667
0.1
0.0
0.0
0.0
0.0
0.0
0.0
0.0
0.0
0.0
0.0
0.0
0.0
0.0
0.0666666666667
0.0714285714286
0.125
0.0666666666667
0.142857142857
0.0769230769231
0.0714285714286
0.0588235294118
0.0833333333333
0.0833333333333
0.0909090909091
0.0769230769231
0.0714285714286
0.0
0.2
0.1
0.111111111111
0.111111111111
0.0588235294118
0.111111111111
0.0714285714286
0.0769230769231
0.125
0.0714285714286
0.0769230769231
0.0909090909091
0.0714285714286
0.0
0.0588235294118
0.111111111111
0.0
0.25
0.0
0.0769230769231
0.0
0.0
0.25
0.0
0.166666666667
0.25
0.0
0.2
0.0
0.0769230769231
0.0909090909091
0.125
0.2
0.333333333333
0.125
0.0833333333333
0.166666666667
0.125
0.333333333333
0.166666666667
0.2
0.2
0.333333333333
0.25
0.0
0.0833333333333
0.1
0.25
0.0714285714286
0.0769230769231
0.0833333333333
0.0714285714286
0.05
0.0833333333333
0.0588235294118
0.0625
0.0833333333333
0.0588235294118
0.0625
0.0714285714286
0.0588235294118
0.0
0.05
0.0625
0.0
0.0588235294118
0.166666666667
0.333333333333
0.25
0.166666666667
0.0833333333333
0.166666666667
0.166666666667
0.5
0.333333333333
0.142857142857
0.142857142857
0.125
0.166666666667
0.0
0.0833333333333
0.125
0.166666666667
0.2
0.2

Topic 2
Mean 0.149912598252
Median 0.125
Sum 19.1888125763
0.166666666667
0.333333333333
0.111111111111
0.0
0.0
0.333333333333
0.0833333333333
0.0909090909091
0.111111111111
0.0
0.0769230769231
0.0714285714286
0.125
0.0
0.0625
0.25
0.333333333333
0.25
0.25
0.25
0.0833333333333
0.2
0.2
0.25
0.2
0.2
0.1
0.166666666667
0.0
0.0
0.333333333333
0.0
0.0
0.0
0.0
0.0
0.25
0.25
0.25
0.25
0.25
0.0909090909091
0.2
0.166666666667
0.0
0.0909090909091
0.1
0.333333333333
0.0
0.166666666667
0.0833333333333
0.0833333333333
0.0909090909091
0.0
0.166666666667
0.0833333333333
0.0909090909091
0.125
0.0
0.0769230769231
0.2
0.0769230769231
0.1
0.0
0.125
0.125
0.142857142857
0.333333333333
0.1
0.0
0.0833333333333
0.0666666666667
0.2
0.142857142857
0.0
0.125
0.0909090909091
0.0833333333333
0.0769230769231
0.0833333333333
0.125
0.0
0.0714285714286
0.1
0.111111111111
0.0909090909091
0.0
0.142857142857
0.125
0.1
0.0769230769231
0.0833333333333
0.0909090909091
0.125
0.0
0.0769230769231
0.0833333333333
0.0769230769231
0.0833333333333
0.0
0.25
0.142857142857
0.333333333333
0.0833333333333
0.1
0.25
0.25
0.5
0.25
0.25
0.0833333333333
0.2
0.166666666667
0.0
0.2
0.25
0.111111111111
0.0909090909091
0.1
0.111111111111
0.0
0.0
0.0
0.0
0.0
0.0
0.0
0.0
0.0
0.0
0.0
0.0
0.0
0.0
0.0
0.0
0.166666666667
0.166666666667
0.166666666667
0.166666666667
0.166666666667
0.166666666667
0.142857142857
0.125
0.166666666667
0.2
0.166666666667
0.166666666667
0.0909090909091
0.111111111111
0.142857142857
0.142857142857
0.166666666667
0.0
0.0
0.0
0.0
0.0
0.0
0.0
0.0
0.0
0.0
0.0
0.0
0.0
0.0
0.0
0.0
0.0
0.0
0.0769230769231
0.0833333333333
0.111111111111
0.0
0.0714285714286
0.0769230769231
0.0714285714286
0.0769230769231
0.0
0.111111111111
0.125
0.111111111111
0.0769230769231
0.0909090909091
0.1
0.0
0.0
0.111111111111
0.0

Topic 1
Mean 0.155695858982
Median 0.125
Sum 19.9290699497
0.0714285714286
0.0555555555556
0.0909090909091
0.0714285714286
0.125
0.2
0.0769230769231
0.2
0.25
0.166666666667
0.0
0.0
0.0
0.0
0.0
0.0666666666667
1.0
0.0833333333333
0.142857142857
0.333333333333
0.0
0.0666666666667
0.125
0.0833333333333
0.125
0.333333333333
0.0
0.125
0.0
0.0
0.111111111111
0.0
0.0
0.0
0.0
0.166666666667
0.0
0.0
0.111111111111
0.0
0.0
0.0
0.0
0.166666666667
0.0
0.0714285714286
0.2
0.0909090909091
0.142857142857
0.2
0.0
0.142857142857
0.2
0.0
0.2
0.0714285714286
0.142857142857
0.111111111111
0.0909090909091
0.142857142857
0.0
0.142857142857
0.166666666667
0.0
0.0
0.2
0.0
0.0
0.0
0.0
0.0
0.0
0.0
0.0
0.0
0.0
0.0
0.0
0.0833333333333
0.2
0.111111111111
0.2
0.25
0.0
0.125
0.5
0.333333333333
0.333333333333
0.25
0.333333333333
0.0
0.0833333333333
0.166666666667
0.111111111111
0.2
0.25
0.0
0.125
0.166666666667
0.0
0.0
0.2
0.0666666666667
0.0
0.333333333333
0.0625
0.142857142857
0.0769230769231
0.111111111111
0.125
0.0
0.142857142857
0.125
0.0
0.0
0.2
0.142857142857
0.0
0.25
0.0714285714286
0.0588235294118
0.1
0.0714285714286
0.111111111111
0.25
0.0
0.2
0.0909090909091
0.0
0.0
0.1
0.0769230769231
0.0
0.1
0.0666666666667
0.0833333333333
0.0833333333333
0.111111111111
0.111111111111
0.1
0.2
0.0
0.1
0.166666666667
0.0
0.0
0.2
0.2
0.0
0.333333333333
0.0714285714286
0.0909090909091
0.0833333333333
0.0714285714286
0.166666666667
0.2
0.166666666667
0.166666666667
0.0
0.1
0.125
0.2
0.2
0.25
0.2
0.0
0.2
0.2
0.0909090909091
0.0833333333333
0.2
0.0625
0.142857142857
0.0769230769231
0.1
0.111111111111
0.0
0.1
0.0833333333333
0.0
0.0
0.142857142857
0.0833333333333
0.0
0.2
0.0833333333333
0.25
0.0833333333333
0.0909090909091
0.0

