Topic 7
Mean 0.232407407407
Median 0.25
Sum 1.39444444444
0.25
0.25
0.111111111111
0.0
0.0
0.0
0.2
0.333333333333
0.25
0.0

Topic 9
Mean 0.204861111111
Median 0.208333333334
Sum 1.22916666667
0.166666666667
0.0
0.0
0.166666666667
0.0625
0.0
0.25
0.25
0.0
0.333333333333

Topic 3
Mean 0.2
Median 0.2
Sum 0.2
0.0
0.0
0.0
0.0
0.0
0.0
0.0
0.2
0.0
0.0

Topic 2
Mean 0.157424242424
Median 0.125
Sum 1.57424242424
0.2
0.1
0.166666666667
0.1
0.333333333333
0.0833333333333
0.25
0.125
0.125
0.0909090909091

Topic 4
Mean 0.141994949495
Median 0.111111111111
Sum 1.41994949495
0.0909090909091
0.125
0.1
0.111111111111
0.0909090909091
0.25
0.111111111111
0.0909090909091
0.25
0.2

Topic 6
Mean 0.132601657602
Median 0.10101010101
Sum 0.79560994561
0.0769230769231
0.0
0.0
0.2
0.25
0.0
0.111111111111
0.0666666666667
0.0
0.0909090909091

Topic 5
Mean 0.120574795575
Median 0.10101010101
Sum 0.723448773449
0.0
0.0
0.2
0.0
0.111111111111
0.0909090909091
0.0
0.0833333333333
0.166666666667
0.0714285714286

Topic 8
Mean 0.0990512265512
Median 0.0954545454546
Sum 0.990512265512
0.0714285714286
0.0714285714286
0.0833333333333
0.0909090909091
0.0833333333333
0.1
0.111111111111
0.111111111111
0.125
0.142857142857

Topic 1
Mean 0.115240546491
Median 0.0954545454546
Sum 0.691443278943
0.0
0.0
0.1
0.0
0.111111111111
0.0625
0.0
0.25
0.0769230769231
0.0909090909091

Topic 0
Mean 0.0833333333333
Median 0.0833333333333
Sum 0.0833333333333
0.0
0.0
0.0
0.0
0.0
0.0
0.0
0.0833333333333
0.0
0.0

