Topic 9
Mean 1e+299
Median 0.10204233405
Sum 1e+300
0.0
0.0
0.113856301836
0.0
0.0
0.0
0.0
0.0
0.0
0.0
0.0
0.0
0.0
0.0
0.0
0.0
0.0949722275675
0.13069090724
0.0
0.0
0.0
0.0
0.103808387804
1e+300
0.0
0.0
0.0
0.13069090724
0.0
0.0
0.0
0.0
0.0
0.0
0.0
0.0
0.0
0.100276280295
0.0966661784547
0.0
0.0
0.0
0.0889589421982
0.0966661784547
0.0

Topic 0
Mean 4.7619047619e+298
Median 0.0966481921521
Sum 1e+300
0.0
0.0
0.0
0.0
0.0
0.0855645121989
0.0
0.0
0.361345529261
0.0966481921521
0.0
0.0
0.081662546544
0.112982827278
0.0916990987844
0.0
0.0
0.0
0.0
0.0
0.0
0.0
0.0
0.223909270395
0.0912414265903
0.331051985431
0.0868179043966
0.0
0.0
0.0
0.121444604229
0.0850804281107
0.0876244167895
0.0812214929664
0.0
0.120293558582
0.0
0.0
0.361345529261
0.0966481921521
1e+300
0.0916990987844
0.0
0.331051985431
0.127325726733

Topic 3
Mean 0.275258761692
Median 0.110450161556
Sum 9.90931542092
0.0
0.0
0.139372624868
0.0
0.135719953224
5.43652622944
0.0
0.202816078575
0.171804940925
0.0957780888801
0.0
0.0761037740211
0.0762136920156
0.112815348548
0.08485004898
0.0
0.144352484986
0.487924224621
0.156021921727
0.143120045593
0.065804545133
0.0
0.125699870901
0.106870208375
0.107761424924
0.0881663951653
0.0741954985939
0.0918564475665
0.0
0.0827190825797
0.147610148884
0.187723854181
0.0931562470663
0.119834464328
0.0706929866545
0.0804695384079
0.0
0.150590215573
0.140402678974
0.136867953575
0.099734058743
0.108084974564
0.0744175706861
0.0853309696652
0.207906829974

Topic 1
Mean 0.217525338801
Median 0.128659373498
Sum 6.09070948644
0.0
0.162308629553
0.0
0.377556215591
0.0
0.101173244135
0.0
0.0
0.0
0.0
0.135719953224
0.0
0.100253434223
0.11646737901
0.0
0.132739256821
0.0
0.164854506957
0.124579490176
0.0
0.255835232606
0.960809756923
0.0
0.138852428012
0.100678451539
0.0
0.1090580588
0.112016200266
0.0957780888801
0.0
0.116005716432
0.091629199456
0.0
0.202816078575
0.391495162535
0.087095950101
0.16652318846
0.0
0.138188206368
1.24576189342
0.0
0.119254738001
0.113402158094
0.141925333489
0.0879315347912

Topic 6
Mean 0.153124654102
Median 0.120467164987
Sum 3.21561773615
0.0
0.0
0.0
0.0
0.0
0.126251746189
0.0
0.0
0.127325726733
0.156163958703
0.0
0.0
0.361345529261
0.120467164987
0.121444604229
0.0
0.0
0.0
0.0
0.0
0.0
0.0
0.0
0.0966481921521
0.359983127318
0.0850804281107
0.0855645121989
0.0
0.0
0.0
0.12200643426
0.098022549812
0.103678019252
0.116595998808
0.0
0.0792993724628
0.0
0.0
0.137487990413
0.255835232606
0.115205488436
0.116094860793
0.0
0.321661576177
0.109455223246

Topic 8
Mean 0.149574837958
Median 0.0942361191347
Sum 6.73086770813
0.195701632335
0.125124139901
0.455308262033
0.0703271059506
0.0807393930983
0.0942361191347
0.364515545688
0.0819934842905
0.0952986131872
0.0739961028864
0.0804080538861
0.581963147688
0.11326389145
0.552612863139
0.0852404324698
0.0812319101003
0.0742516122661
0.0855151407707
0.067959118996
0.0909392360558
0.0773274077041
0.193556689359
0.0895920980838
0.0925574115224
0.0931749461389
0.123647804058
0.0830406507242
0.104845129186
0.134154404047
0.0978512292325
0.0939870105197
0.0811960444771
0.13200279633
0.0818038129899
0.0694698789041
0.130499808232
0.134662533207
0.287359531031
0.0881991779033
0.124909889433
0.138441650936
0.108781814257
0.0694092400717
0.136453083014
0.51331786144

Topic 4
Mean 0.137474172648
Median 0.0909392360558
Sum 6.18633776914
0.0760267370044
0.162401142049
0.0878389773795
0.0718959872291
0.112518588557
0.0746229173857
0.094077015193
0.0863110712083
0.104999528964
0.0810260234399
0.082649975725
0.0765953235064
0.0909630037284
0.0755758775656
0.120306590349
0.0909392360558
1.0871039028
0.136509839505
0.144243518829
0.116517969909
0.0994827361331
0.0786153378196
0.455475002602
0.102645587188
0.0753403050409
0.11176168185
0.100404226855
0.299073106363
0.0753717936174
0.0792980280259
0.0822244946238
0.0694490549591
0.10280610199
0.0893122109133
0.089123851315
0.0879109244245
0.0913483792207
0.143380002188
0.0957961891322
0.215121511085
0.0905561868997
0.083802002319
0.330122822267
0.0884582813532
0.0763347245697

Topic 7
Mean 0.108460239597
Median 0.0984468548264
Sum 3.90456862549
0.0
0.113648927337
0.0
0.12575286883
0.0
0.109416404781
0.126839505181
0.0
0.110238128954
0.200497317436
0.126376526109
0.0
0.109888245439
0.199342934704
0.304224688014
0.081765063748
0.0
0.0907285866994
0.0795511249817
0.0799846004195
0.0798002470739
0.074736065831
0.0
0.105597894517
0.0728820963197
0.0732457727956
0.0730911449382
0.0793562192555
0.101656450831
0.0
0.102961873776
0.0982566884388
0.0989188331223
0.0986370212139
0.146530503201
0.0931777235894
0.0822843901692
0.0
0.0913684624414
0.080042624196
0.0804814873309
0.0802948390331
0.0957554772449
0.127753415594
0.109484471939

Topic 5
Mean 0.106613654398
Median 0.099268157078
Sum 4.7976144479
0.138188206368
0.0840928543075
0.109416404781
0.238165692905
0.111708409228
0.0727235200231
0.104573033056
0.118955250364
0.0758498449476
0.255091378226
0.111787715027
0.0901811502732
0.0791299515176
0.0739278877315
0.0983668610657
0.11215906855
0.166113884827
0.0924317070152
0.105631108657
0.162998746355
0.0993555484926
0.0779669749795
0.099268157078
0.154010685524
0.0680965302974
0.0708302126787
0.102436493484
0.0850837554709
0.0843085627921
0.0791682747346
0.0705220090509
0.0663604102107
0.0779114552678
0.0855975175431
0.102719748666
0.0661625220485
0.102846787143
0.0952986131872
0.138685353702
0.0773321313373
0.0934833432385
0.10477137702
0.131626816734
0.138878308703
0.123400183287

Topic 2
Mean 0.104387752543
Median 0.102846787143
Sum 2.19214280341
0.103115905788
0.112982827278
0.109416404781
0.0
0.0
0.0
0.0878948881885
0.166113884827
0.0924317070152
0.0
0.0700318442852
0.105597894517
0.0728820963197
0.0
0.0896918358013
0.0
0.0
0.0
0.0
0.0
0.0
0.0803209988703
0.138188206368
0.0840928543075
0.0
0.11215906855
0.0990143803844
0.0
0.0
0.0
0.0
0.0
0.0
0.0
0.0
0.0
0.079362511374
0.0952986131872
0.138685353702
0.0
0.131626816734
0.120387923985
0.0
0.102846787143
0.0

