Topic 0
Mean 5.05050505051e+298
Median 0.113856301836
Sum 5e+300
0.0
0.0
0.0
0.0
0.0
0.0855645121989
0.0
0.0
0.361345529261
0.0966481921521
0.0
0.0
0.081662546544
0.112982827278
0.0916990987844
0.0
0.0
0.0
0.0
0.0
0.0
0.0
0.0
0.223909270395
0.0912414265903
0.331051985431
0.0868179043966
0.0
0.0
0.0
0.121444604229
0.0850804281107
0.0876244167895
0.0812214929664
0.0
0.120293558582
0.0
0.0
0.361345529261
0.0966481921521
1e+300
0.0916990987844
0.0
0.331051985431
0.127325726733
0.0
0.0
0.0977743649279
0.124385372861
0.10255381307
0.106987266199
0.0
0.102180992456
0.135447867115
0.0992021387644
0.0
0.0
0.15313581916
0.100256925606
0.113856301836
0.0949415084329
0.0
0.215408111064
0.153506376924
0.103808387804
0.13537832323
0.0
0.0
0.0
0.0
0.0
0.0
0.0
0.0
0.0
0.0
0.0
0.0
0.0
0.0
0.0
0.0
0.0840101745315
0.0
0.0
0.127841863608
0.0
0.0915573399111
0.121661760162
0.0
0.0
0.0
0.0
0.120467164987
0.359983127318
0.100150666363
0.0827691497116
0.0
0.135719953224
0.156163958703
0.126251746189
0.0966498174212
0.112772478062
0.0
0.127052632142
0.0
0.0
0.361345529261
0.0966481921521
1e+300
0.0916990987844
0.0
0.331051985431
0.0876244167895
1e+300
0.0992021387644
0.103808387804
0.0
0.093955730311
0.0915922607829
0.0
0.0
0.427742685891
0.100834660167
2.32785430981
0.309733288254
0.0
0.385937446911
0.127325726733
1e+300
0.103617840983
0.108653693053
0.0
0.198813464976
0.126251746189
1e+300
0.0
0.0
0.156916456675
0.0984286507784
0.10184955598
0.0933003705852
0.0
0.134811029011
0.130368173245
0.108840692443
0.119811232778
0.177961877336
0.0
0.0
0.129242480874
0.10184955598
0.108840692443
0.0
0.0
0.142574956943
0.106029932722
0.106116564926
0.100102839892
0.0
0.161719713301
0.192260642209
0.150749529497
0.21081269924
0.0982489812102
0.0
0.113158777135
0.127214034725
0.090775138984
0.150749529497
0.109555117796
0.0
0.0
0.0
0.0
0.0
0.0
0.0
0.0
0.0
0.0
0.0
0.0
0.0
0.0
0.0
0.0
0.0
0.0
0.0

Topic 1
Mean 3.33333333333e+298
Median 0.117873710604
Sum 4e+300
0.0
0.162308629553
0.0
0.377556215591
0.0
0.101173244135
0.0
0.0
0.0
0.0
0.135719953224
0.0
0.100253434223
0.11646737901
0.0
0.132739256821
0.0
0.164854506957
0.124579490176
0.0
0.255835232606
0.960809756923
0.0
0.138852428012
0.100678451539
0.0
0.1090580588
0.112016200266
0.0957780888801
0.0
0.116005716432
0.091629199456
0.0
0.202816078575
0.391495162535
0.087095950101
0.16652318846
0.0
0.138188206368
1.24576189342
0.0
0.119254738001
0.113402158094
0.141925333489
0.0879315347912
0.0
0.0
0.0
0.0
0.0
0.0
0.0
0.0
0.0
0.0
0.220184834693
0.0
0.0836612701038
1e+300
0.0
0.0964094534893
0.0958941229491
0.0974853918457
0.0770268989661
0.34823213167
0.0
0.317365361089
0.0
0.0870240127891
1e+300
0.0
0.0782155103039
0.100338272755
0.357664550205
0.0798683976775
0.34823213167
0.0
1e+300
0.0806587214308
0.0
0.079465275068
0.0672160468312
0.0
0.0803422675538
0.0904214846421
0.0704013906439
0.073455802023
0.0789845725532
0.0
0.070806774412
0.0606632499473
5.43652622944
0.0
0.131427973318
0.188444118025
0.0
0.139372624868
0.257081642883
0.345645758979
0.171804940925
0.13417779325
0.0
0.120381813758
0.10019061021
0.0735195262392
0.199247654333
0.0
0.121766120718
0.15483721558
0.0
0.0854114061141
0.138567753423
0.124658500632
0.0800501789602
0.168518001691
0.0
0.13014997091
0.0815537731956
0.0607680624153
0.148183439307
0.194607816094
0.0
0.0862137534699
0.278191862238
0.0
0.220203453438
0.134633069541
0.0974765731556
0.0791853855993
0.102705059234
0.0
0.0931006166747
0.163413591304
0.0769682141786
1.0143750423
0.158619332357
0.127542839613
0.0
0.166113884827
0.0864794773887
0.0
0.099705658818
0.377507228417
0.112596235003
0.0970905283485
0.11215906855
0.0
0.0943510385006
0.0783953679445
0.0827122665517
0.251036150664
0.101093161106
0.211623133763
0.236474009234
0.0
0.0732459274499
0.105184492207
0.0
0.106615354581
0.1411226513
0.123425736859
0.0681099078682
0.105884140182
0.0
0.116492683207
0.123969011446
0.0536308059924
0.0956811420444
0.266379329861
1e+300
0.354291639274
0.0
0.0
0.0
0.0
0.0
0.0
0.0
0.0
0.0
0.0
0.0
0.0
0.0
0.0
0.0
0.0
0.0
0.0
0.0

Topic 9
Mean 1.51515151515e+298
Median 0.100403884067
Sum 1e+300
0.0
0.0
0.113856301836
0.0
0.0
0.0
0.0
0.0
0.0
0.0
0.0
0.0
0.0
0.0
0.0
0.0
0.0949722275675
0.13069090724
0.0
0.0
0.0
0.0
0.103808387804
1e+300
0.0
0.0
0.0
0.13069090724
0.0
0.0
0.0
0.0
0.0
0.0
0.0
0.0
0.0
0.100276280295
0.0966661784547
0.0
0.0
0.0
0.0889589421982
0.0966661784547
0.0
0.0
0.0982489812102
0.106116564926
0.0
0.0
0.0
0.0864918535849
0.150749529497
0.0
0.106051580795
0.0
0.11797228833
0.177755885838
0.0
0.0
0.0
0.100388105771
0.103150250886
0.0
0.0883527364317
0.957648502896
0.0
0.100256925606
0.0966481921521
0.0
0.0
0.0
0.0889437094431
0.0966481921521
0.0
0.197870966177
0.106029932722
0.0883377105573
0.0
0.0
0.0
0.0
0.0
0.0
0.0
0.0
0.0
0.0
0.0
0.0
0.0
0.0
0.0
0.0
0.0
0.0
0.0
0.0
0.0
0.0
0.0
0.0
0.0
0.0
0.0
0.0
0.0
0.0
0.0
0.0
0.0
0.0
0.0
0.0
0.0
0.0
0.0
0.0
0.0
0.0
0.0
0.0859098603647
0.498262448188
0.0
0.0
0.0
0.10353450035
0.498262448188
0.0
0.100439079942
0.0901141764103
0.0906222984806
0.100419662362
0.0
0.0
0.0
0.0
0.108934995843
0.0971125457348
0.0
0.0
0.0
0.074241843944
0.0795340449683
0.0
0.077444054036
0.0855245257189
0.0883200921352
0.077432509273
0.0
0.0
0.0
0.0685861344428
0.0
0.15313581916
0.361345529261
0.0
0.0
0.0
0.111210893225
0.361345529261
0.0
0.0855786093876
0.142574956943
0.097356369034
0.0855645121989
0.0
0.0
0.0
0.20945001998
0.084365123755
0.0
0.0866951178454
4.93705469697
0.0
0.0
0.0
0.104677145527
0.502649045767
0.0
0.0816565047899
0.116619127123
0.163763354036
0.0816436700546
0.0
0.0
0.0
0.302338825014
0.0690857074488
0.207344868089

Topic 4
Mean 6.41025641026e+297
Median 0.0988015489484
Sum 1e+300
0.0760267370044
0.162401142049
0.0878389773795
0.0718959872291
0.112518588557
0.0746229173857
0.094077015193
0.0863110712083
0.104999528964
0.0810260234399
0.082649975725
0.0765953235064
0.0909630037284
0.0755758775656
0.120306590349
0.0909392360558
1.0871039028
0.136509839505
0.144243518829
0.116517969909
0.0994827361331
0.0786153378196
0.455475002602
0.102645587188
0.0753403050409
0.11176168185
0.100404226855
0.299073106363
0.0753717936174
0.0792980280259
0.0822244946238
0.0694490549591
0.10280610199
0.0893122109133
0.089123851315
0.0879109244245
0.0913483792207
0.143380002188
0.0957961891322
0.215121511085
0.0905561868997
0.083802002319
0.330122822267
0.0884582813532
0.0763347245697
0.0867686037656
0.884471319885
0.117000091471
0.0755456419568
0.109758405813
0.0945130659883
0.438832688855
0.300649787208
0.0851143997024
0.0989168025575
0.300036066646
0.240577303946
0.354024968748
0.155422275887
0.146806624586
0.12075384384
0.139305908454
0.159415992211
0.105823963565
0.194732940137
0.129752194392
0.300036066646
0.299266190656
0.354024968748
0.155422275887
0.137049075538
0.114073414356
0.342547044279
0.106527680866
0.100658000438
0.194732940137
0.122070709852
1e+300
0.0763345037463
0.104172048013
0.07941573715
0.0891877987974
0.0867079518199
0.126599455413
0.10813846324
0.20171019927
0.0924388422707
0.100873057363
0.0804616267047
0.293653892264
0.102382406079
0.0658494669034
0.0862073286531
0.0755822804431
0.0751980793638
0.0734274577938
0.0689231894
0.0784430882093
0.0986862953393
0.0637909139441
0.0833377372176
0.0785511352005
0.259052399394
0.0843652671081
0.137635027013
0.0
0.0
0.0
0.0
0.0753978863332
0.0792315432323
0.0
0.0
0.0
0.0
0.0
0.0
0.0
0.0
0.0
0.0
0.0
0.0
0.0
0.0
0.0
0.0
0.0
0.0
0.0
0.0
0.0
0.0
0.0
0.0
0.0
0.0818196716988
0.25651787767
0.0899582892477
0.0721570504493
0.47673773306
0.100964133559
0.11922917694
0.0948764691149
0.0883434383746
0.0935400417991
0.0934288654765
0.118989647876
0.112497745537
0.0986240816563
0.0713269108253
0.0
0.0
0.0900275386382
0.0828904045981
0.0999802476054
0.0780041101779
0.136600977902
0.305387533916
0.110369299986
0.106092534619
0.0979895247799
0.0867980874775
0.104285694849
0.137177878845
0.128621008104
0.08325638367
0.0709370437309
0.0793798390871
0.0
0.11219563733
0.056319871013
0.122839245627
0.143488665092
0.063020777432
0.0617724201953
0.058553235338
0.222926513389
0.111429249262
0.0743560931498
0.0963797515802
0.11414130638
0.14538856932
0.0693347133901
0.0813888061606
0.100131498822
0.0
0.0
0.0946903987114
0.0600003204264

Topic 8
Mean 5.74712643678e+297
Median 0.0939751913407
Sum 1e+300
0.195701632335
0.125124139901
0.455308262033
0.0703271059506
0.0807393930983
0.0942361191347
0.364515545688
0.0819934842905
0.0952986131872
0.0739961028864
0.0804080538861
0.581963147688
0.11326389145
0.552612863139
0.0852404324698
0.0812319101003
0.0742516122661
0.0855151407707
0.067959118996
0.0909392360558
0.0773274077041
0.193556689359
0.0895920980838
0.0925574115224
0.0931749461389
0.123647804058
0.0830406507242
0.104845129186
0.134154404047
0.0978512292325
0.0939870105197
0.0811960444771
0.13200279633
0.0818038129899
0.0694698789041
0.130499808232
0.134662533207
0.287359531031
0.0881991779033
0.124909889433
0.138441650936
0.108781814257
0.0694092400717
0.136453083014
0.51331786144
0.106915053143
0.0804811224637
0.0938844723212
0.0731406813662
0.157694373732
0.0841072717477
0.089650639355
0.0921236097842
0.0764265861948
0.089007311811
0.120337536675
0.128468675174
0.12969603632
0.282862440814
0.0776264743472
0.579474248626
0.0710090777591
0.0757979097925
0.0912603249869
0.0743457769605
0.0766855906338
0.0
0.0
0.0
0.0
0.0
0.0
0.0
0.0
0.061267338859
0.0
0.0
0.0
0.131445957357
0.0844052146014
0.099268157078
0.0763672588346
0.138878308703
0.0884023725342
0.0705377296504
0.159694984738
0.106977220679
0.089466370573
0.121527823502
0.0802401124863
0.0
0.0832569890116
0.0759399955375
0.0877623623941
0.069370741794
0.0934848173468
0.0791602936143
0.104845129186
1e+300
0.0709456427083
0.070882401356
0.0921236097842
0.0725516871593
0.0754465646658
0.0720597083066
0.0805792811551
0.0949439872925
0.114172970826
0.0665348499951
0.0888662642633
0.0754887090857
0.0933461910526
0.0939751913407
0.066410573233
0.0747344619315
0.0996235563726
0.0824510320896
0.0695955134785
0.0690045456529
0.0939751913407
2.21446693948
0.131334426551
0.132617429365
0.0787446254826
0.108686421935
0.0949392417843
0.100892634829
0.177021424733
0.140524729514
0.155244842972
0.248369740333
0.127252640734
0.0
0.117879065244
0.0955809470261
0.0859308173624
0.0930642194054
0.0988611998541
0.0882421598575
0.0696701727791
0.096791234953
0.0986983471337
0.0788551163379
0.139125803635
0.21976717866
0.078684884635
0.0879805597093
0.0728792729538
0.0
0.103943440698
0.0807620329601
0.0725441233628
0.0882521061863
0.153714851055
0.406456871595
0.138852428012
0.0742226970899
0.118435426104
0.141432879085
0.0687041529249
0.128624988732
0.18117730695
0.11340146702
0.0927413165063
0.132982494781
0.0
0.110654353777
0.0701472251592
0.086058773742
0.165180691885
0.184851049207
0.106631994927
0.0993938040731
0.0969783233836
0.0750048240919
0.111471441859
0.135877074724
0.0693737748531
0.125662293276
0.109521255278
0.107573434268
0.100010727455
0.0787373456248
0.0
0.121162235132
0.0708454151149
0.067890239945
0.178159671365
0.113049473075
0.130047506992

Topic 6
Mean 0.175906710562
Median 0.120099583075
Sum 22.516058952
0.0
0.0
0.0
0.0
0.0
0.126251746189
0.0
0.0
0.127325726733
0.156163958703
0.0
0.0
0.361345529261
0.120467164987
0.121444604229
0.0
0.0
0.0
0.0
0.0
0.0
0.0
0.0
0.0966481921521
0.359983127318
0.0850804281107
0.0855645121989
0.0
0.0
0.0
0.12200643426
0.098022549812
0.103678019252
0.116595998808
0.0
0.0792993724628
0.0
0.0
0.137487990413
0.255835232606
0.115205488436
0.116094860793
0.0
0.321661576177
0.109455223246
0.0
0.0
0.0851875263184
0.0774271188119
0.0760711544086
0.0764579129451
0.0
0.103258019361
0.126174543749
0.111029619281
0.0
0.0
0.0916990987844
0.0827691497116
0.0812214929664
0.081662546544
0.0
0.112982827278
0.080342466567
0.122353636917
0.105033684092
0.0
0.0
0.247963483262
0.0854114061141
0.071038690422
0.179024335358
0.0
0.0768562890978
0.124797793506
0.138567753423
0.069428534959
0.0736934636434
0.0
0.0
0.409150253515
0.372038232479
0.107170694885
0.191882445314
0.0
0.131273089614
0.134662533207
0.194839842017
0.0707262287257
0.0751571670616
0.558216584177
0.0
0.0
0.180246009461
0.100253434223
0.0979917907898
0.145174623412
0.0
0.109416404781
0.0881991779033
0.164854506957
0.0949541358284
0.103115905788
0.121766120718
0.125124139901
0.0
0.0
0.104741641593
0.215044318578
0.357903553038
0.140526835833
0.0
0.210118215271
0.0965927754336
0.439765602397
0.0886482044241
0.0957215428346
0.0818880560677
0.170245830927
0.119905607568
0.0
0.0
0.0923999033286
0.0843373696647
0.0
0.0
0.0
0.0
0.133085464009
0.148860635339
0.0
0.0
0.178747021599
0.199700164773
0.0
0.0
0.0
0.0
0.331051985431
0.135719953224
0.120293558582
0.223909270395
0.0
0.0912414265903
0.127270443773
0.132739256821
0.0809589644521
0.0868179043966
0.199247654333
0.182990535071
0.162308629553
0.176203143512
0.0849820745472
0.0
0.0
0.101753492249
0.202816078575
0.0890119073929
0.0895419025333
0.0
0.198428565604
0.0808571526109
0.391495162535
0.0864983388275
0.0932197506788
0.0800501789602
0.162489856983
0.116005716432
3.56669851118
0.0
0.0957780888801
0.0
0.0
0.209881647278
0.140814421905
0.113121311052
0.112919953543
0.0
0.138685353702
0.138441650936
0.211627682073
0.0744380876705
0.079362511374
0.189542260539
0.364515545688
0.0952986131872
0.349403638895
0.0849870201851
0.173894359939
0.31822904278

Topic 3
Mean 0.174635057815
Median 0.106939569064
Sum 25.1474483254
0.0
0.0
0.139372624868
0.0
0.135719953224
5.43652622944
0.0
0.202816078575
0.171804940925
0.0957780888801
0.0
0.0761037740211
0.0762136920156
0.112815348548
0.08485004898
0.0
0.144352484986
0.487924224621
0.156021921727
0.143120045593
0.065804545133
0.0
0.125699870901
0.106870208375
0.107761424924
0.0881663951653
0.0741954985939
0.0918564475665
0.0
0.0827190825797
0.147610148884
0.187723854181
0.0931562470663
0.119834464328
0.0706929866545
0.0804695384079
0.0
0.150590215573
0.140402678974
0.136867953575
0.099734058743
0.108084974564
0.0744175706861
0.0853309696652
0.207906829974
0.0
0.105977411508
0.720132778831
0.364058063792
0.0
0.0
0.0959059373814
0.0
0.0
0.0
0.0
0.372508380655
0.200457357861
0.200567595059
0.364410565683
0.108885036778
0.235683194896
0.232888069893
0.122953523449
0.134677116836
0.0
0.0
0.117121512784
0.104537853755
0.102565639989
0.0838583328551
0.0711207707559
0.0871897694899
0.128248439126
0.076865450664
0.120148543403
0.0
0.205061253803
0.0
0.149137388602
0.139339397317
0.280604645486
0.0759916193431
0.0928544986087
0.126422584565
0.0673321080411
0.102894488215
0.0941103077656
0.114619797297
0.0947162790642
0.0647901754167
0.0
0.0803422675538
0.0735195262392
0.0806587214308
0.073455802023
0.0634947034125
0.071404554457
0.0854264720192
0.0680341472479
0.0714770064234
0.0
0.134915167563
0.0813758592622
0.0584003195532
0.0
0.11646737901
0.188444118025
0.377556215591
0.091629199456
0.0949622870406
0.155617263062
0.0793275485547
0.105489101311
0.264292810187
0.100102271654
0.120307221617
0.108578609464
0.145206914861
0.0672160468312
0.0
0.0758201689814
0.245837256885
0.198900159037
0.0844976620501
0.0715800981679
0.0655924003202
0.073925912644
0.217468340059
0.0905265103107
0.0
0.160457445158
0.0708730282955
0.065171151904
0.0632971680831
0.076345096143
0.0
0.0854114061141
0.148183439307
0.199247654333
0.0800501789602
0.068362601
0.133660349158
0.0704991209752
0.604538798578
0.085440835673
0.4401282388
0.101105428186
0.0677173810535
0.152595749871
0.0607680624153
0.15483721558
0.15993541035
0.0
0.0
0.0
0.0
0.0
0.0
0.0
0.0
0.0
0.0
0.0
0.0
0.0
0.0
0.0
0.0
0.0
0.0
0.0
0.105228750325
0.131571680685
0.147098680158
0.0829252666712
0.070448494887
0.119995041587
0.114124882081
0.197125187538
0.0867977510251
0.0981019922474
0.171187240213
0.107008929752
0.299279283664
0.0754510732725
0.136790990628
0.257232884316
0.148653084219
0.0

Topic 2
Mean 0.141867639088
Median 0.0952697071704
Sum 18.1590578033
0.103115905788
0.112982827278
0.109416404781
0.0
0.0
0.0
0.0878948881885
0.166113884827
0.0924317070152
0.0
0.0700318442852
0.105597894517
0.0728820963197
0.0
0.0896918358013
0.0
0.0
0.0
0.0
0.0
0.0
0.0803209988703
0.138188206368
0.0840928543075
0.0
0.11215906855
0.0990143803844
0.0
0.0
0.0
0.0
0.0
0.0
0.0
0.0
0.0
0.079362511374
0.0952986131872
0.138685353702
0.0
0.131626816734
0.120387923985
0.0
0.102846787143
0.0
0.072458983703
0.0855151407707
0.0755145354154
0.0
0.0892870871164
0.0741976301336
0.0
0.0849587144336
0.0
0.0909392360558
0.0756968956325
0.0900616451652
0.121119087766
0.0
0.0912137928557
0.1247006703
0.0
0.090437504547
0.0
1.0871039028
0.0760267370044
0.0751571670616
0.125124139901
0.131273089614
0.0
0.362772244743
0.303164406926
0.0
0.127614001643
0.0
0.364515545688
0.0812319101003
0.548398363257
0.0782003056319
0.0936277143143
0.0817711885055
0.0
0.0809061538517
0.241335494801
0.0
0.116171024269
0.0
0.0736204573858
0.0676421360581
0.0704555068975
0.0699877032294
0.309733288254
0.098285674511
0.0985307579606
0.0
0.0945399241447
0.640959330361
0.0
0.11710449733
0.0
0.183445346898
0.0788551163379
0.161211838505
0.107522312202
0.38707960681
0.109535771973
0.123593057095
0.0952895420868
0.0
0.102349217626
0.234051698348
0.0
0.126021765831
0.0
0.072928119134
0.067057227855
0.0698211600197
0.115065628417
0.359580850886
0.368677331268
0.113485999208
0.109888245439
0.199342934704
0.0
0.092768204487
0.0730911449382
0.0
0.0843712839262
0.0
0.0833143293833
0.0757389813252
0.0792838394423
0.078691948208
0.0820344323156
0.0989132195652
0.095647209377
0.0
0.0
0.0
0.0
0.163893922878
0.154475188079
0.0
0.0838791558611
0.0
0.0849870201851
0.0
0.0941766014323
0.199700164773
0.0
0.0977265257709
0.0
0.0
0.113859207126
0.110238128954
0.200497317436
0.0
0.0930174365576
0.0732457727956
0.0
0.0845773893124
0.0
0.0835152970272
0.0759050280879
0.0794658117931
0.0788712106104
0.0822292655303
0.099196614181
0.0959121731153
0.304224688014
0.0
0.0761674951583
0.0907285866994
0.0795511249817
0.0
0.123064981611
0.0793562192555
0.0
0.0975442885101
0.0
0.438832688855
0.0867686037656
0.884471319885
0.147203044744
0.0708630169481
0.095249872254
0.0702213442226
0.0798002470739
0.203502692191
0.0799846004195

Topic 7
Mean 0.131567161638
Median 0.0913684624414
Sum 22.4979846401
0.0
0.113648927337
0.0
0.12575286883
0.0
0.109416404781
0.126839505181
0.0
0.110238128954
0.200497317436
0.126376526109
0.0
0.109888245439
0.199342934704
0.304224688014
0.081765063748
0.0
0.0907285866994
0.0795511249817
0.0799846004195
0.0798002470739
0.074736065831
0.0
0.105597894517
0.0728820963197
0.0732457727956
0.0730911449382
0.0793562192555
0.101656450831
0.0
0.102961873776
0.0982566884388
0.0989188331223
0.0986370212139
0.146530503201
0.0931777235894
0.0822843901692
0.0
0.0913684624414
0.080042624196
0.0804814873309
0.0802948390331
0.0957554772449
0.127753415594
0.109484471939
0.0973175611941
0.0
0.123748120969
0.0941973680044
0.0948057625229
0.0945468683403
0.0794354298958
0.109421705219
0.0886580663419
0.298005283441
0.0865707426728
0.0
0.138188206368
0.0840928543075
0.0845773893124
0.0843712839262
0.0975442885101
0.0990143803844
0.111829278947
0.112712940484
0.0911006260038
0.0747154821785
0.0
0.107638124948
0.0728625210995
0.0732260017566
0.0730714572763
0.0896042804405
0.081288123796
0.10151635355
0.409286970059
0.201679505635
0.0972841106652
0.0775066815701
0.0
0.0855151407707
0.0755145354154
0.0759050280879
0.0757389813252
0.0867686037656
0.0741976301336
0.097891855139
0.0835985058894
0.0754102759672
0.0849587144336
0.0788715029455
0.237682992084
0.0
0.104686041363
0.0835116836379
0.0839895254576
0.083786271785
0.0872050234853
0.141323242106
0.0984476984451
1.61069635028
0.365658024594
0.0930345501303
1.55493856985
0.0816229454281
0.110010639008
0.0
0.0973016083948
0.16145571614
0.163251367597
0.162485222362
0.0729476673709
0.0673005666666
0.0883755310062
0.0733607437089
0.0850779059668
0.0767486693177
0.0672838745535
0.0695390528255
0.0762642857333
0.0777750054629
0.0
0.0858418959414
0.075769220509
0.0761623584803
0.0759951851979
0.0835018147469
0.156910116666
0.0949894032393
0.0666521387999
0.0761978391124
0.123279844382
0.0846960051373
0.063482351261
0.0693426734252
0.0697549684498
0.0957839080691
0.0
0.108320190804
0.176952899442
0.0933496636443
0.0930986504497
0.0878374693375
0.0789892246756
0.0992544832882
0.0845902496734
0.077087601887
0.0859831913021
0.0898427543784
0.113034905289
0.0825681052371
0.0839034413416
0.0977083896951
0.162505493146
0.0
0.136222510665
0.307006784994
0.577920801198
0.568432517784
0.0928327048438
0.0838762635679
0.119346589579
0.0935027134833
0.113410301583
0.099077096029
0.0838503381658
0.0873819051058
0.0982713511549
0.227521860821
0.087723110339
0.111332904963
0.0733902388514
0.0
0.0805314275355
0.101531312792
0.0719526199076
0.0718033981957
0.0952462230588
0.0995268742609
0.454478555917
0.155067922122
0.118128227001
0.0870302236363
0.36461863589
0.0719945470927
0.119163794929
0.0662072524806
0.0785680877151
0.100946320132
0.0821848434012

Topic 5
Mean 0.113511468047
Median 0.0974973865109
Sum 21.5671789289
0.138188206368
0.0840928543075
0.109416404781
0.238165692905
0.111708409228
0.0727235200231
0.104573033056
0.118955250364
0.0758498449476
0.255091378226
0.111787715027
0.0901811502732
0.0791299515176
0.0739278877315
0.0983668610657
0.11215906855
0.166113884827
0.0924317070152
0.105631108657
0.162998746355
0.0993555484926
0.0779669749795
0.099268157078
0.154010685524
0.0680965302974
0.0708302126787
0.102436493484
0.0850837554709
0.0843085627921
0.0791682747346
0.0705220090509
0.0663604102107
0.0779114552678
0.0855975175431
0.102719748666
0.0661625220485
0.102846787143
0.0952986131872
0.138685353702
0.0773321313373
0.0934833432385
0.10477137702
0.131626816734
0.138878308703
0.123400183287
0.124589395608
0.122215062691
0.0944683210215
0.11811464538
0.0816442850909
0.0840215291334
0.101402410645
0.102871081718
0.0607051958829
0.0869025864399
0.0975442885101
0.0907285866994
0.0795511249817
0.074295376322
0.0890817397573
0.0992738723708
0.123064981611
0.0740474227121
0.102632450189
0.438832688855
0.0672783769915
0.127614001643
0.125124139901
0.131273089614
0.120829625078
0.0831486652507
0.0943277493458
0.362772244743
0.131445957357
0.114306581966
0.364515545688
0.133583416847
0.147203044744
0.119254738001
0.100253434223
0.359983127318
0.0974504845118
0.103329943509
0.114526874708
0.099705658818
0.156640756477
0.0858572529432
0.140814421905
0.0723774775561
0.0996234062976
0.372038232479
0.218035751188
0.127679583075
0.0948245020272
0.122369989257
0.101544098868
0.100287222468
0.105135813175
0.112371458431
0.0712366265703
0.10813846324
0.251988509846
0.0804616267047
0.10268790543
0.150590215573
0.0910211932383
0.0854207974943
0.0754409584164
0.0706980871569
0.331433465222
0.0925254027298
0.093173593301
0.0704735271705
0.0809692125681
0.0979203380336
0.0643149558084
0.0931017611682
0.0866405362679
0.0928289577677
0.0762593210081
0.0849587144336
0.0855151407707
0.0755145354154
0.0707626996316
0.0784663618526
0.0862677799113
0.0892870871164
0.0705377296504
0.0761362736162
0.0909392360558
0.0643684232205
0.0867686037656
0.0812319101003
0.0865316051672
0.0763345037463
0.149727931398
0.118518655004
0.119604306064
0.148988434372
0.0926028275293
0.106254321168
0.121081783263
0.127114952018
0.149211147002
0.102026124079
0.342547044279
0.0819495126211
0.122070709852
0.1277699944
0.192722824711
0.102382406079
0.29887789859
0.300036066646
0.0747301084772
0.0940798568606
0.130341211998
0.0656143005351
0.0681486123272
0.0707848823333
0.0812435536152
0.116671384633
0.0638168572222
0.107658934716
0.0691037247155
0.0711217167977
0.103138148323
0.118034785476
0.0830863725257
0.0678183605114
0.067877814289
0.118696089031
0.10026396977
0.0989768056025
0.134501209531
0.084389018264
0.0887626622154
0.0970398825468
0.0861847017408
0.079451140801
0.0756389261668
0.0902305921893
0.0865835425095
0.0861232380615
0.0805654136588
0.124091066174
0.121524415006
0.0809981114941
0.076161825084
0.102072012695
0.0760925227979

