Topic 0
Mean 0.392051915651
Median 0.377293331237
Sum 12.5283047718
0.291052378761
0.043669745965
-0.00525893709691
0.320627551526
0.348714497054
0.049343625555
0.53253609241
0.257056680335
0.379485506223
0.395203005315
0.0341021533697
-0.00411477442758
0.0452776625133
0.825853529436
0.0390590088017
0.764846908752
-0.00412024949865
0.777754317255
0.37510115625
0.5224070963
0.039196960571
0.486728525338
0.243584891093
0.320401815235
0.809370208441
0.597602756094
0.870605956287
0.579499943085
0.388921825144
-0.00386256802465
0.0497738121552
0.359283420726
0.824205441104
0.0377139334451
0.419211363119
0.51746953316
0.0
0.0
0.0
0.0
0.0
0.0
0.0
0.0
0.0

Topic 1
Mean 0.402977684401
Median 0.374595567626
Sum 13.7012412696
0.0
0.0
0.395203005315
0.0
0.918627010759
0.323400097317
0.0
0.389907714526
0.564126551669
0.319499469657
0.0
0.0402291390423
0.0385417783584
0.0372191715685
0.0543592271067
0.0
0.824205441104
0.359283420726
0.336694205336
0.414383597597
0.0388037354756
0.0
0.192551175639
0.191940727913
0.172283171352
0.135366034951
0.0
0.0
0.0
0.952715534755
0.551631272946
0.557412131324
0.459544406012
0.0390436784434
0.541223082396
0.174466548618
0.0
0.986465962253
0.478473662263
0.83160884879
0.565321215328
0.038596228371
0.633334774628
0.178551287996
0.966227960094

Topic 8
Mean 0.394500217649
Median 0.348820781471
Sum 6.69430021598
0.0
0.12450866757
0.0
0.502484281755
0.0
0.33705660393
1.0
0.0
0.348820781471
0.502484281755
0.520507234378
0.0
0.261321861733
0.969814249248
0.773185388096
0.0
0.0
-0.00420644997005
0.0337041920812
0.0297844347421
0.318936428131
0.0
0.0
0.0
0.0
0.0
0.0
0.0
0.0
0.0
0.0
0.0
0.0
0.0
0.0
0.0
-0.00358928378929
0.0
-0.0044077502931
0.464621326846
0.032937212407
0.450753829399
0.0355829264886
0.0
0.0

Topic 5
Mean 0.427823267294
Median 0.329953107417
Sum 4.27823267294
0.0
0.251842899157
0.0
0.435762678023
0.0
0.768777788897
0.0
0.0
0.0
0.0
0.0468660958056
0.0
0.329953107417
0.295295115448
0.0
0.0
0.0
0.0
0.0
0.0
0.0
0.0510040918789
0.0
1.0
0.768777788897
0.0
0.329953107417
0.0
0.0
0.0
0.0
0.0
0.0
0.0
0.0
0.0
0.0
0.0
0.0
0.0
0.0
0.0
0.0
0.0
0.0

Topic 4
Mean 0.427823267294
Median 0.329953107417
Sum 4.27823267294
0.435762678023
0.768777788897
0.251842899157
0.768777788897
0.0510040918789
1.0
0.0
0.0
0.0
0.0
0.295295115448
0.0468660958056
0.329953107417
0.329953107417
0.0
0.0
0.0
0.0
0.0
0.0
0.0
0.0
0.0
0.0
0.0
0.0
0.0
0.0
0.0
0.0
0.0
0.0
0.0
0.0
0.0
0.0
0.0
0.0
0.0
0.0
0.0
0.0
0.0
0.0
0.0

Topic 2
Mean 0.340735779746
Median 0.311331820422
Sum 7.15545137467
0.0
0.120855524797
0.0
1.0
0.0
0.311331820422
0.535692531768
0.0
0.421665384187
0.549256045761
0.0373608315247
0.0
0.152844045355
0.0384609984159
0.300741406397
0.32876105269
0.0
0.104451353496
0.337683232045
0.262487469524
0.031188347846
0.144844899753
0.0
0.58724883574
0.370041920712
0.398635428082
1.0
0.121900246159
0.0
0.0
0.0
0.0
0.0
0.0
0.0
0.0
0.0
0.0
0.0
0.0
0.0
0.0
0.0
0.0
0.0

Topic 9
Mean 0.206956047579
Median 0.192953399122
Sum 3.50507587576
0.0
0.0
0.0319406284892
0.0
0.0
0.0
0.0
0.328265890238
0.0374615808076
0.0
0.0
-0.00417820813658
-0.00361573182871
0.0
-0.00538299312186
0.0
0.450753829399
0.335114613617
0.0
0.320401815235
0.192953399122
0.0
0.0
0.0
0.0
0.0
0.0
0.0
0.0
0.0379071162103
0.345630062577
0.0
0.0459427956743
0.211053764775
0.790347137944
0.0
0.0
0.231133481936
0.0325057331769
0.0
0.0506810988121
0.0
0.0374541595773
0.0
0.0387057012558

Topic 3
Mean 0.188694872349
Median 0.189821393864
Sum 1.69825385114
0.0
0.179647517686
0.0
0.378170790704
0.0
0.189821393864
0.24245831974
0.0
0.0337600585735
0.0348738949467
0.0
0.0
0.0
0.0
0.0
0.0
0.0
0.0
0.0
0.0
0.0
0.0
0.0
0.0
0.0
0.0
0.0
0.0
0.0
0.0
0.0
0.0
0.0
0.0
0.0
0.0
0.185787656946
0.0
0.25255558094
0.20117863774
0.0
0.0
0.0
0.0
0.0

Topic 6
Mean 0.176197120616
Median 0.0506810988121
Sum 7.92887042771
0.0506810988121
0.0555703566865
0.319888984499
5.17735844114e-301
5.17735844114e-301
5.17735844114e-301
0.0445508199293
0.0377129866425
0.040355045615
0.138268673929
0.320401815235
0.0374541595773
0.0400588253562
0.193654526378
0.850108450662
0.284633264216
0.0349893522224
0.0372521235898
0.179901874313
0.417375117732
0.800663629867
0.0539926422264
0.249083918197
0.269818395236
5.17735844114e-301
0.0395164995031
0.0392324184617
0.0365364289362
0.0538305003584
0.248470333512
0.269098553211
5.17735844114e-301
0.0394295768932
0.0391467397645
0.0364621099002
0.703827530846
0.384957461427
0.0435256417336
0.0470833140483
0.204275891863
0.157256834879
0.785441597928
0.252588833723
0.0459457828409
0.0458283169604

Topic 7
Mean 0.108049087049
Median 0.0371662079903
Sum 0.856147878254
0.0
0.0310600944979
0.0
0.0
0.0
0.0
0.0
0.0
0.0
0.0
0.0363316224693
0.0
0.0380007935112
0.0
0.0
0.171986083538
0.0
-0.0037977535928
0.0
0.0
-0.00444706454161
0.258244870604
0.0
0.0261507753407
0.0
0.0
0.029789953763
0.272828502664
0.0
0.0
0.0
0.0
0.0
0.0
0.0
0.0
0.0
0.0
0.0
0.0
0.0
0.0
0.0
0.0
0.0

