Topic 1
Mean 0.352321033242
Median 0.358950138303
Sum 48.9455674231
0.0
0.0
0.395203005315
0.0
0.918627010759
0.323400097317
0.0
0.389907714526
0.564126551669
0.319499469657
0.0
0.0402291390423
0.0385417783584
0.0372191715685
0.0543592271067
0.0
0.824205441104
0.359283420726
0.336694205336
0.414383597597
0.0388037354756
0.0
0.192551175639
0.191940727913
0.172283171352
0.135366034951
0.0
0.0
0.0
0.952715534755
0.551631272946
0.557412131324
0.459544406012
0.0390436784434
0.541223082396
0.174466548618
0.0
0.986465962253
0.478473662263
0.83160884879
0.565321215328
0.038596228371
0.633334774628
0.178551287996
0.966227960094
0.0
0.362633998544
0.0379080133452
0.0366278233414
0.0531069790772
0.036423415946
0.32383071574
0.0
0.543801420775
0.0379606861502
0.0
0.29070048467
0.394184835796
0.255433192925
0.158450433844
-0.00476920657532
-0.00431637813513
0.20163791918
0.25917141638
0.345054389513
-0.00468442547248
0.0
0.569543975086
0.036043094513
0.459501916725
0.440420058023
0.0346983854409
0.520237753114
0.0
0.565373701208
0.509266908831
0.034183872838
-0.00445470276279
0.0
0.0
0.0
0.0
0.0
0.0
0.0
0.0
0.0
0.0
0.0
0.0
0.0
0.0
0.729414266081
0.417944068698
0.341318976182
0.412026395833
0.0332132818503
0.484026496995
0.0
0.295404693063
0.473733497226
0.318935383085
-0.00425373410981
0.496429255817
0.0
0.0
0.0477381714925
0.577748875257
0.370965248114
0.674520302
0.0432692823278
0.0457441716681
0.0
0.490081281503
0.498908125065
0.0424721157648
0.0
0.0401448773829
0.0
0.0381702254659
0.0
0.432722282562
0.760057155844
0.358950138303
0.834835960113
0.546017479254
0.235947494026
0.285141625447
0.667951538138
0.532511984425
0.254885288888
0.469700617052
0.239164859218
0.0
0.232311641152
0.714720697277
0.0
0.334180655714
0.606445530219
0.302053614091
0.431588766329
0.0319846469526
0.27334282044
0.752993923676
0.457409060039
0.36399513577
0.490513185666
0.316016816675
0.0302446533131
0.0
0.30966839837
0.434930666825
0.456584765527
0.0
0.451488415351
0.208006603134
0.369220654544
0.146548721213
0.0363005184378
0.54342251141
0.337651785395
0.500351475091
0.530482128874
0.57865643717
0.219443451534
0.559105290361
0.0
0.872481472002
0.386016531123
0.322099866727
0.454882541759
0.0
0.0385755764406
0.509582508183
0.0357994268725
0.0513830379529
0.618247763799
0.037263031519
0.0
0.745023457969
0.459821036135
0.0350626214772
-0.00457775044083
0.0334612454459
0.0
0.0320780432786
0.0413622782467
0.516408903131
0.0309305121518
0.0349487210778

Topic 0
Mean 0.33198681569
Median 0.343281949701
Sum 36.7981769911
0.291052378761
0.043669745965
-0.00525893709691
0.320627551526
0.348714497054
0.049343625555
0.53253609241
0.257056680335
0.379485506223
0.395203005315
0.0341021533697
-0.00411477442758
0.0452776625133
0.825853529436
0.0390590088017
0.764846908752
-0.00412024949865
0.777754317255
0.37510115625
0.5224070963
0.039196960571
0.486728525338
0.243584891093
0.320401815235
0.809370208441
0.597602756094
0.870605956287
0.579499943085
0.388921825144
-0.00386256802465
0.0497738121552
0.359283420726
0.824205441104
0.0377139334451
0.419211363119
0.51746953316
0.0
0.0
0.0
0.0
0.0
0.0
0.0
0.0
0.0
0.295962223647
0.184204907504
0.043563089337
0.489625296263
0.324684794354
0.325902293264
0.345623142984
0.320098937205
0.291253853911
0.0
0.445212305706
-0.00390785156396
0.0422841412885
0.353543040395
0.0368108943592
0.033251267775
0.344426910549
0.0326609416301
0.0356138270197
0.0
0.32723721281
0.483785997707
0.0
0.0
0.0
0.0
0.0
0.575333613699
0.584420493615
0.592586398425
0.0
0.0
0.0
0.343281949701
-0.00425242151567
0.0482842176601
0.535174638095
0.377595349713
0.0368524825342
0.376868954158
0.35085580167
0.606395113803
0.0
0.491807407429
0.355113051691
0.0
0.227390348121
0.0
0.0506810988121
0.0410916724159
0.0430152592683
0.0382325334357
0.0431826322378
0.0374541595773
0.0413895718435
0.0
0.0370027724845
0.0360759246198
0.0
0.0403543271814
0.303384441685
0.342970463114
-0.00559643533508
0.366566806761
0.270262268854
-0.00431854699926
-0.0043245781699
0.25541075781
-0.00404158313971
0.0
0.192893201285
-0.00409118833375
0.0
-0.00447041641384
0.0
0.560774966338
0.308125006405
0.331197653728
0.478473662263
0.986465962253
0.411781718853
0.470259696761
0.877243506197
0.633334774628
0.0
0.443508833073
0.320350986903
0.0
0.480557294989
0.0411535712849
0.322706612448
0.383362265852
0.140401084714
0.0786391503294
0.564126551669
0.389907714526
0.510489579379
0.454396645505
0.496392799358
0.414383597597
0.0
0.474045878908
0.0482988939652
0.4581465875
0.0562886192124
0.0595730947864
0.147494526632
0.565321215328
0.0
0.0
0.0
0.0
0.0
0.0
0.0
0.0
0.0
0.0
0.0
0.0
0.0
0.0
0.0
0.0
0.0
0.0
0.0
0.0
0.0
0.0
0.0
0.0
0.0
0.0
0.0
0.0
0.0
0.0
0.0
0.0
0.0
0.0
0.0
0.0
0.0

Topic 5
Mean 0.331451523674
Median 0.280632310564
Sum 16.24112466
0.0
0.251842899157
0.0
0.435762678023
0.0
0.768777788897
0.0
0.0
0.0
0.0
0.0468660958056
0.0
0.329953107417
0.295295115448
0.0
0.0
0.0
0.0
0.0
0.0
0.0
0.0510040918789
0.0
1.0
0.768777788897
0.0
0.329953107417
0.0
0.0
0.0
0.0
0.0
0.0
0.0
0.0
0.0
0.0
0.0
0.0
0.0
0.0
0.0
0.0
0.0
0.0
0.0
0.0
0.0
0.0
0.0
0.0
0.0
0.0
0.0
0.0
0.243609118557
0.0
0.269721978457
0.151141525736
0.0
0.0
0.0
0.0
0.0
0.0
0.0
0.373027005649
0.0
0.618917067602
0.329306295686
0.0
0.0388223760786
0.0
0.0416194554116
0.0
0.0
0.0
0.251441962926
0.0425845139137
0.0
0.839829975881
0.658377750634
0.0
0.280632310564
0.0
0.839829975881
0.0
0.0
0.0
0.0
0.305953250152
0.0493543151692
0.0
0.047662170836
0.0424272831178
0.0
0.044029362425
0.0
0.047662170836
0.0
0.0
0.0
0.0
0.204707224623
0.226371324913
0.0429570361473
0.0
0.983015287873
0.649630309932
0.0
0.28285342992
0.0
0.828405923283
0.0
0.0
0.0
0.0
0.461461246967
0.770815592153
0.0405616930418
0.0
0.0
0.0
0.0
0.0
0.0
0.0
0.0
0.0
0.0
0.0
0.0
0.0
0.0
0.0
0.0
0.0
0.0
0.0
0.0
0.0
0.0
0.0
0.0
0.0
0.0
0.0
0.0
0.0
0.0
0.0
0.0
0.0
0.436357015706
0.0
0.0433975165749
0.393507308256
0.0
0.0403650459169
0.0
0.40484859338
0.0
0.0
0.0
0.0
0.520910760149
0.0371481539771
0.0421973404684
0.0374313183136
0.0
0.0
0.0
0.0
0.0
0.0
0.0
0.0
0.0
0.0
0.0
0.0
0.0
0.0
0.0
0.0
0.0
0.0
0.0
0.0
0.0

Topic 8
Mean 0.329401818018
Median 0.263328368605
Sum 28.2901180834
0.0
0.12450866757
0.0
0.502484281755
0.0
0.33705660393
1.0
0.0
0.348820781471
0.502484281755
0.520507234378
0.0
0.261321861733
0.969814249248
0.773185388096
0.0
0.0
-0.00420644997005
0.0337041920812
0.0297844347421
0.318936428131
0.0
0.0
0.0
0.0
0.0
0.0
0.0
0.0
0.0
0.0
0.0
0.0
0.0
0.0
0.0
-0.00358928378929
0.0
-0.0044077502931
0.464621326846
0.032937212407
0.450753829399
0.0355829264886
0.0
0.0
-0.00373421177542
0.0
-0.00462834133875
0.190683043106
0.0323250040509
0.0359471771889
0.0348694807179
0.0
0.0
0.220974046749
0.0
0.0
0.0
0.70701602755
0.0335384629507
0.0374541595773
0.0362856789963
0.0
0.0
0.231133481936
0.22580033711
0.116640367472
0.0
0.348820781471
0.313699963057
1.0
0.242286131223
0.0
0.0
0.0
0.0
0.0
0.0
0.0
0.0
0.0
0.0
0.0
0.0
0.0
0.0
0.0
0.0
0.0
0.0
0.0
0.377726480364
0.0
0.287594985866
0.417383627821
0.398741818776
0.790347137944
0.48343865799
0.0
0.0
0.0379071162103
0.0370984845512
0.0387057012558
0.264706786156
0.0
0.10994264067
0.0
0.238568141074
0.216052152131
0.222601766901
0.491708227994
0.291420644295
0.0
0.0
0.764166207675
0.216080076653
0.225784606213
0.222601766901
0.0
0.59117308895
0.563662288311
0.0
-0.00398936409664
0.904420134047
0.719692264844
0.877243506197
0.0335551206316
0.0
0.0
0.922440293499
0.204192978248
0.212837778317
0.0
0.0
0.407491770742
0.701543498923
0.106603279767
0.0
0.229896443465
0.37227903295
0.355102945501
0.397654884617
0.0349030175964
0.0
0.0
0.0393127649504
0.0384437384343
0.0401723448638
0.215033538423
0.0
0.406434032776
0.569437622503
0.363158322064
0.0
0.0
0.0
0.0
0.0
0.0
0.0
0.0
0.0
0.0
0.0
0.0
0.0
0.0
0.0
0.0
0.0
0.0
0.140578881244
0.0
0.300771900768
0.459776580815
0.282033560318
0.234632042098
-0.00340609449198
0.0
0.0
-0.00353688911717
-0.00367753390624
0.0
0.282033560318
0.0
0.261949951053
0.211116120318
-0.00326234740284
0.202424191361
0.0

Topic 4
Mean 0.304821797005
Median 0.235998326716
Sum 13.7169808652
0.435762678023
0.768777788897
0.251842899157
0.768777788897
0.0510040918789
1.0
0.0
0.0
0.0
0.0
0.295295115448
0.0468660958056
0.329953107417
0.329953107417
0.0
0.0
0.0
0.0
0.0
0.0
0.0
0.0
0.0
0.0
0.0
0.0
0.0
0.0
0.0
0.0
0.0
0.0
0.0
0.0
0.0
0.0
0.0
0.0
0.0
0.0
0.0
0.0
0.0
0.0
0.0
0.0
0.0
0.0
0.0
0.0
0.0
0.0
0.0
0.0
0.0
0.0
0.0
0.0
0.0
0.0
0.0
0.0
0.0
0.0
0.0
0.0
0.0424205906343
0.049345259179
0.0476537251282
0.0476537251282
0.0
0.0440221550176
0.0
0.0
0.0
0.0
0.0
0.0
0.0
0.0
0.0
0.0
0.0
0.0
0.0
0.0
0.0
0.0
0.0
0.0
0.0
0.393507308256
0.436357015706
0.0433975165749
0.40484859338
0.0
0.0403650459169
0.0
0.0
0.0
0.0
0.0
0.0
0.042190720325
0.0
0.534720457217
0.225091186593
0.375879169203
0.548560831678
0.0
0.0401357255962
0.0
0.0
0.0
0.0
0.0
0.0
0.235998326716
0.0
0.646822955425
0.0443051095905
0.0519138732105
0.0500449886259
0.0500449886259
0.0
0.0460550676154
0.0
0.0
0.0
0.0
0.0
0.0
0.529978825798
0.0
0.0440544221632
0.0437814079833
0.0
0.0
0.0
0.0
0.0
0.0
0.0
0.0
0.0
0.0
0.0
0.0
0.0
0.0
0.0
0.0
0.0
0.0
0.0
0.0
0.0
0.0
0.0
0.0
0.0
0.0
0.0
0.0
0.0
0.0
0.0
0.0
0.0
0.0
0.0
0.797397914468
0.0532579438303
0.957440851104
1.0
0.0
0.342850427226
0.0
0.0
0.0
0.0
0.0
0.0
0.223029568182
0.0
0.40484859338
0.548560831678
0.0522130711267
0.0
0.0

Topic 2
Mean 0.285909809016
Median 0.263496859378
Sum 18.291215841
0.0
0.120855524797
0.0
1.0
0.0
0.311331820422
0.535692531768
0.0
0.421665384187
0.549256045761
0.0373608315247
0.0
0.152844045355
0.0384609984159
0.300741406397
0.32876105269
0.0
0.104451353496
0.337683232045
0.262487469524
0.031188347846
0.144844899753
0.0
0.58724883574
0.370041920712
0.398635428082
1.0
0.121900246159
0.0
0.0
0.0
0.0
0.0
0.0
0.0
0.0
0.0
0.0
0.0
0.0
0.0
0.0
0.0
0.0
0.0
0.321356166803
0.0
0.102694340348
0.329875745403
0.112155254906
0.0305521016175
0.272638690702
0.11951387851
0.0
0.0
0.0
0.0
0.0
0.0
0.0
0.0
0.0
0.0
0.0
0.0
0.0
0.140818472683
0.0
0.265849582808
0.994584489204
0.506376943581
0.0313953084644
0.11903580957
0.402597311515
0.0
0.0
0.116759227698
0.0
0.843724073966
0.0
0.112026354962
0.843724073966
0.123379903347
0.0339854699481
0.301135416114
0.132344017131
0.0
0.0
0.294910921986
0.0
0.128974518925
0.0
0.0
0.0
0.0
0.0
0.0
0.0
0.0
0.0
0.0
0.0
0.0
0.0
0.0
0.0
0.0
0.0
0.0
0.0
0.0
0.0
0.0
0.0
0.0
0.0
0.0
0.0
0.0
0.0
0.0
0.0
0.0
0.0
0.0
0.0
0.0
0.0
0.0
0.0
0.0
0.0
0.0
0.0
0.0
0.0
0.0
0.0
0.0
0.0
0.0
0.0
0.0
0.0
0.0
0.0
0.0
0.0
0.0
0.0
0.0
0.0
0.0
0.129847820697
0.0
0.264506249233
0.333453460596
0.505966281147
-0.00352399379397
0.11110104718
0.305715177738
0.0
0.0
0.109115325692
0.0
0.331704845205
0.119710997505
0.0
0.0
0.0
0.0
0.128390328125
0.0
0.262251066465
0.329877306591
0.45939795256
-0.0034879421826
0.110032293327
0.30270655749
0.0
0.0
0.108084257068
0.0
0.154262502448
0.118471099829
0.0
0.0
0.0
0.0
0.277773759286

Topic 6
Mean 0.256124594303
Median 0.216190975057
Sum 42.456643214
0.0506810988121
0.0555703566865
0.319888984499
5.17735844114e-301
5.17735844114e-301
5.17735844114e-301
0.0445508199293
0.0377129866425
0.040355045615
0.138268673929
0.320401815235
0.0374541595773
0.0400588253562
0.193654526378
0.850108450662
0.284633264216
0.0349893522224
0.0372521235898
0.179901874313
0.417375117732
0.800663629867
0.0539926422264
0.249083918197
0.269818395236
5.17735844114e-301
0.0395164995031
0.0392324184617
0.0365364289362
0.0538305003584
0.248470333512
0.269098553211
5.17735844114e-301
0.0394295768932
0.0391467397645
0.0364621099002
0.703827530846
0.384957461427
0.0435256417336
0.0470833140483
0.204275891863
0.157256834879
0.785441597928
0.252588833723
0.0459457828409
0.0458283169604
-0.0057403010801
0.0
-0.00517025640928
0.20415908348
0.89612496425
0.468406525215
0.187571246807
-0.00505710288833
-0.00504538816305
0.411225412679
0.777754317255
0.0431826322378
0.0466821978804
5.17735844114e-301
0.445962091759
0.579499943085
0.517113839266
0.0455637358097
0.0454482128493
0.325894677208
0.0
0.342400353053
0.0399247855419
0.0428980525081
0.200755489235
0.142242601668
0.465326769877
0.345973391194
0.0419517322968
0.0418537795192
0.297064869161
0.270596627537
0.690216103395
0.0536117534739
0.24764148817
0.268126641347
5.68246674119e-300
0.379932981702
0.427247540961
0.0363616162958
0.552186009308
0.55075774939
0.045669676016
-0.0050108424554
0.0452921880761
0.0417214224212
-0.00553186129999
0.0
-0.0050005476329
0.579545834654
0.143031526576
0.377770434614
0.39332823646
-0.0048946244208
-0.00488364954538
0.894310831864
0.399046478688
0.0
0.262873456154
-0.00485127607614
0.0459427956743
0.0387057012558
0.0414938257127
0.211892888983
0.921567890427
0.790347137944
0.398584828817
0.0406078054805
0.0405160211628
0.427601524042
0.810616254252
0.0396944563889
0.281170330206
0.440739314409
0.429059919854
0.0447261042736
0.0378385177608
0.0404988150328
0.188593105915
0.816264620293
0.431745563549
0.322525515195
0.0396543459616
0.0395668165367
0.378449610834
0.745707314907
0.350318088269
0.766433215715
0.0394485082563
0.368110293299
0.744708955593
0.0465197454417
0.27617481337
0.425819744709
5.17735844114e-301
0.0353593142884
0.0351316884486
0.0329541954917
0.23103324064
0.230505270198
0.0404203892415
-0.00449109822792
0.0401244101715
0.353742212079
0.229791775267
-0.00436249204341
0.0362305533711
0.344763074772
0.0
0.0
0.0
0.217613060405
0.15409053304
0.277301346681
0.19886729802
0.0
0.0
0.294690048265
0.294501089245
0.0
0.39335077352
0.0
0.285376126464
0.307068849595
0.36649492674
0.0
0.31799876176
0.206797246147
0.220890027112
0.137301460892
0.136322381631
0.243086140954
0.375926358649
0.216422660584
0.215959289529
0.787675644578
0.143577923919
0.276590533584
0.255542405448
0.215332880811
0.402917763722
0.408435594895
0.132781006614
0.666060016332
0.152890262986

Topic 9
Mean 0.231194263901
Median 0.199084412843
Sum 24.8720450629
0.0
0.0
0.0319406284892
0.0
0.0
0.0
0.0
0.328265890238
0.0374615808076
0.0
0.0
-0.00417820813658
-0.00361573182871
0.0
-0.00538299312186
0.0
0.450753829399
0.335114613617
0.0
0.320401815235
0.192953399122
0.0
0.0
0.0
0.0
0.0
0.0
0.0
0.0
0.0379071162103
0.345630062577
0.0
0.0459427956743
0.211053764775
0.790347137944
0.0
0.0
0.231133481936
0.0325057331769
0.0
0.0506810988121
0.0
0.0374541595773
0.0
0.0387057012558
0.0
0.0356124512253
0.367259895704
0.0
0.0426148583201
-0.00399996254379
0.58933376121
0.0
0.37135396517
0.0363163819623
0.0
-0.00421610711741
-0.00364407900606
0.0
-0.00544606451605
0.561009781441
0.194672924739
0.0
0.213112749853
0.0
-0.00403468346324
0.0
0.0377464244071
0.0303848993049
0.0
0.0457069667992
-0.00383807038524
0.0346661482743
0.0
0.0357356401166
0.0385381825426
0.0336892448763
-0.00387002640548
0.0
-0.00384069337088
-0.0033601948558
0.0
-0.00483552308312
0.178238115653
0.228271289791
0.0
0.248067191397
0.0
-0.00368956112004
0.179704371942
-0.0035513860946
0.0
-0.00384307542361
-0.00336201802648
0.0
-0.00483929957709
0.17834727344
0.340847128913
0.0
0.596910874516
0.0
-0.00369175933884
0.179815333624
-0.00355342270327
0.212466302917
0.0
0.226879575713
0.290104032688
0.0
0.284633264216
0.179296638526
0.800663629867
0.0
0.398584828817
0.0349893522224
0.524930027869
0.180780434664
0.731432104982
0.165978546434
0.166073200479
0.0
0.764166207675
0.486748716817
0.0
0.0479564559248
0.176761649845
0.491708227994
0.0
0.59117308895
0.225784606213
0.492136332589
0.178203616517
0.0369421917785
0.210715812113
0.506983656474
0.446048066615
0.0
0.286367087172
0.0334026370786
0.0
0.384957461427
0.203495900946
0.785441597928
0.0
0.427601524042
0.0435256417336
0.0374395330737
0.205409392842
0.0398053616254
0.239925346561
0.358259732512
0.252588833723
0.577825465379
0.0
0.21103694539
0.0302277839802
0.0
0.0453523683687
-0.00419559823098
0.0344617873658
0.0
0.0355185146337
0.215434604355
0.0334962075244
-0.00423381478935
0.36506202819
-0.00385538246723
-0.00385778278127
0.333967223181
0.206568787519
0.0395361521086
0.0
0.248623667789
0.0295894606878
0.0
0.319712368845
0.137373252103
0.24408620963
0.0
0.149603661953
0.0372675106196
0.0327141677399
0.138594185921
0.0345061932929
0.126480492802
0.126557493267
0.22276055997
0.125438931277
0.366311485323
0.0343037084315

Topic 3
Mean 0.213983208074
Median 0.188442758648
Sum 13.2519183202
0.0
0.179647517686
0.0
0.378170790704
0.0
0.189821393864
0.24245831974
0.0
0.0337600585735
0.0348738949467
0.0
0.0
0.0
0.0
0.0
0.0
0.0
0.0
0.0
0.0
0.0
0.0
0.0
0.0
0.0
0.0
0.0
0.0
0.0
0.0
0.0
0.0
0.0
0.0
0.0
0.0
0.185787656946
0.0
0.25255558094
0.20117863774
0.0
0.0
0.0
0.0
0.0
0.24612459926
0.0
0.192992068939
0.0354476103462
0.0263168511205
0.0
0.0
0.0
0.0
0.0
0.233054099293
0.0
0.0982385188494
0.134568661594
0.242948302149
0.0
0.0
0.0
0.0
0.102430821838
0.0252403003985
0.0287615746841
0.0
0.0412794458063
0.0429570361473
0.0302417274481
0.0
0.0
0.0
0.0
0.57255163936
0.0306722152274
0.0288287399812
0.0
0.0
0.0
0.0
0.0
0.0
0.0
0.0
0.0
0.620375828452
0.0
0.0
0.58948202795
0.0
0.0
0.0
0.0
0.0
0.0
0.0
0.0
0.0
0.0
0.0
0.0
0.0
0.0
0.492822275066
0.0
0.261480848729
0.373027005649
0.865568943542
0.0
0.0
0.0
0.0
0.310533292395
0.158788774929
0.280506073809
0.461461246967
0.321838377397
0.0
0.0
0.0
0.0
0.0
0.0
0.0
0.0
0.0
0.0
0.0
0.0
0.0
0.0
0.0
0.0
0.0
0.177222102171
0.0
0.265328622413
0.0493543151692
0.0332784532644
0.0
0.0
0.0
0.0
0.0
0.401507669856
0.0315754378911
0.0405616930418
0.0
0.0
0.204707224623
0.0
0.231753997695
0.0
0.239593337533
0.187064123433
0.241535801383
0.0
0.0
0.0
0.0
0.24975804897
0.0250918444829
0.513312942967
0.0286352329355
0.0
0.0
0.278624785623
0.0
0.0313434493295
0.295477590406
0.0
0.15154335749
0.449787468045
-0.00334999768793
0.0
0.0
0.0
0.0
0.158695694672
-0.00339341815957
0.107582186765
-0.00393544420773
0.0
0.0
0.177049935752
0.0
-0.00436172031165
0.149780826228

Topic 7
Mean 0.161909465683
Median 0.180933427958
Sum 10.0211167642
0.0
0.0310600944979
0.0
0.0
0.0
0.0
0.0
0.0
0.0
0.0
0.0363316224693
0.0
0.0380007935112
0.0
0.0
0.171986083538
0.0
-0.0037977535928
0.0
0.0
-0.00444706454161
0.258244870604
0.0
0.0261507753407
0.0
0.0
0.029789953763
0.272828502664
0.0
0.0
0.0
0.0
0.0
0.0
0.0
0.0
0.0
0.0
0.0
0.0
0.0
0.0
0.0
0.0
0.0
0.21179678927
0.0
0.0290654611808
0.0
0.0
0.033631899122
0.165606651948
0.192552342943
0.0
0.0
0.0
0.0
0.0
0.0
0.0
0.0
0.0
0.0
0.0
0.0
0.0
0.0365061461389
0.0
0.0381917638582
0.0
0.0
0.552186009308
-0.0044685849529
0.0299071865106
0.0
0.0
0.0337813961441
0.0
0.275122666032
0.0
0.0291809161656
0.0
0.0
0.189530919555
0.165965319164
0.301568708717
0.0
0.0
0.204688250565
0.0
0.190374671715
0.0372206432933
0.0
0.038974473372
0.0
0.0
0.268126641347
-0.00455670508536
0.0303850302191
0.0
0.0
0.0343923237577
0.0
0.269818395236
0.349524201315
0.257219328966
0.0
0.0279061992989
0.0
0.0
0.0320894280962
0.155106159093
0.246960747833
0.0
0.0
0.191813217371
0.0
0.032225498973
0.249113525713
0.0327809838958
0.0
0.0
0.0
0.0
0.0
0.0
0.0
0.0
0.0
0.0
0.0
0.0
0.0
0.0
0.0
0.0
0.285619459451
0.0
0.0314964561998
0.0
0.0
0.194367373206
0.172335936361
0.271659968008
0.0
0.0
0.400525654462
0.0
0.195254837376
0.277979780412
0.198883727331
0.270579184411
0.0
0.0
0.0
0.0
0.0
0.0
0.0
0.0
0.0
0.0
0.0
0.0
0.0
0.0
0.0
0.0
0.0
0.0
0.0
0.213537294114
0.0
0.0344640912295
0.0
0.0
0.0410773986956
0.166975596452
0.19398984986
0.0
0.0
0.40517499156
0.0
0.0413006341697
0.206313434618
0.0422174872357
0.193239668651
0.0
0.403687456019
0.0

