Topic 0
Mean 0.327016233008
Median 0.342631163881
Sum 92.7623255988
0.291052378761
0.043669745965
-0.00525893709691
0.320627551526
0.348714497054
0.049343625555
0.53253609241
0.257056680335
0.379485506223
0.395203005315
0.0341021533697
-0.00411477442758
0.0452776625133
0.825853529436
0.0390590088017
0.764846908752
-0.00412024949865
0.777754317255
0.37510115625
0.5224070963
0.039196960571
0.486728525338
0.243584891093
0.320401815235
0.809370208441
0.597602756094
0.870605956287
0.579499943085
0.388921825144
-0.00386256802465
0.0497738121552
0.359283420726
0.824205441104
0.0377139334451
0.419211363119
0.51746953316
0.0
0.0
0.0
0.0
0.0
0.0
0.0
0.0
0.0
0.295962223647
0.184204907504
0.043563089337
0.489625296263
0.324684794354
0.325902293264
0.345623142984
0.320098937205
0.291253853911
0.0
0.445212305706
-0.00390785156396
0.0422841412885
0.353543040395
0.0368108943592
0.033251267775
0.344426910549
0.0326609416301
0.0356138270197
0.0
0.32723721281
0.483785997707
0.0
0.0
0.0
0.0
0.0
0.575333613699
0.584420493615
0.592586398425
0.0
0.0
0.0
0.343281949701
-0.00425242151567
0.0482842176601
0.535174638095
0.377595349713
0.0368524825342
0.376868954158
0.35085580167
0.606395113803
0.0
0.491807407429
0.355113051691
0.0
0.227390348121
0.0
0.0506810988121
0.0410916724159
0.0430152592683
0.0382325334357
0.0431826322378
0.0374541595773
0.0413895718435
0.0
0.0370027724845
0.0360759246198
0.0
0.0403543271814
0.303384441685
0.342970463114
-0.00559643533508
0.366566806761
0.270262268854
-0.00431854699926
-0.0043245781699
0.25541075781
-0.00404158313971
0.0
0.192893201285
-0.00409118833375
0.0
-0.00447041641384
0.0
0.560774966338
0.308125006405
0.331197653728
0.478473662263
0.986465962253
0.411781718853
0.470259696761
0.877243506197
0.633334774628
0.0
0.443508833073
0.320350986903
0.0
0.480557294989
0.0411535712849
0.322706612448
0.383362265852
0.140401084714
0.0786391503294
0.564126551669
0.389907714526
0.510489579379
0.454396645505
0.496392799358
0.414383597597
0.0
0.474045878908
0.0482988939652
0.4581465875
0.0562886192124
0.0595730947864
0.147494526632
0.565321215328
0.0
0.0
0.0
0.0
0.0
0.0
0.0
0.0
0.0
0.0
0.0
0.0
0.0
0.0
0.0
0.0
0.0
0.0
0.0
0.0
0.0
0.0
0.0
0.0
0.0
0.0
0.0
0.0
0.0
0.0
0.0
0.0
0.0
0.0
0.0
0.0
0.0
0.378929879275
0.592753619272
0.0415161879361
0.332911100491
0.678998575959
0.0327745246208
0.036346155419
0.693301342174
1.0
0.0
0.176457804441
0.0311768460575
0.0
0.524406866936
0.187385994297
0.327671986292
0.457425690017
0.134114182506
0.0
0.0
0.0401805807262
-0.00484219402709
0.0566574529073
0.572071902454
0.0472449775718
0.528826218626
0.0474469619219
0.517149652996
0.0452911227043
0.0
0.382494753956
0.0390045658457
0.0
0.0440544221632
0.0460411144982
-0.00512687397217
0.493997766793
0.664489585596
0.0
0.0
0.038350196572
0.528961212427
-0.00419096922215
0.0465197454417
0.0383129172477
0.360386844541
0.0358156424213
0.0401244101715
0.0351316884486
0.374854188373
0.0
0.0347342482952
0.0339163050785
0.0
0.360435560096
0.27617481337
-0.00440255235566
0.365188367989
0.0539050785
0.0
0.0
0.607106619364
0.0425808345101
0.327569513561
-0.00385242219882
0.0584508362927
0.586339671249
0.549937827807
0.540995438796
0.0486982199071
0.528781499317
0.48491573486
0.0
0.390778640205
0.0398462086588
0.0
0.769915481583
0.0472184018494
-0.00403047643339
0.506339131161
0.689896379877
0.0
0.0
0.0391635417971
0.971642842108
0.0435858791344
0.755003251213
-0.00405992173573
0.364888189622
0.0410678368251
0.561449297827
0.0382118985547
0.664763363455
0.487904316429
0.347262345754
0.0
0.336726653383
0.0360575514547
0.0
0.392867265594
0.0419901041191
-0.00425816679598
0.501662165822
0.0595230100579
0.0
0.0
0.0354976194176
0.0460111932573
0.0390927944726
0.433129289832
0.428877879696
-0.00333590246897
0.260368448839
0.030716204417
0.550081523135
0.0290900549431
0.387553733177
0.446784765274
0.46391024807
0.0
0.0283725961313
0.0278244672928
0.0
0.612332385603
0.170256332253
-0.00346858944193
0.555813107961
0.0399898011627
0.0
0.0
0.414350471401
0.0334001423497
0.27928573648
0.0340153888096
0.408634256308
0.336574432517
-0.00381232727055
0.0409356106221
0.417944068698
0.729414266081
0.032411631601
0.461980064966
0.850108450662
0.484026496995
0.0
0.287014785078
0.030848293657
0.0
0.873874658146
0.0350896926562
-0.00398661067923
0.473733497226
0.412026395833
0.0
0.0
0.62923365525
0.0378542627741
0.0330431879415
0.664573137976
0.341639104256
0.417113287575
0.367581190896
0.313823075578
0.298072756263
0.333464324926
0.367055718376
0.0336134070861
0.407232133986
0.486849227881
0.60969288489
0.0
0.287130628077
0.0319349890595
0.410241441342
0.516037179935
0.342291864648
0.328207921232
0.751047466594
0.565154781343
0.0
0.0
0.556954400111
0.0395038057751
0.805725350095
0.559827929042
0.341792524646
0.417172553081
0.458219043518
0.406372070516
0.0
0.0
0.0
0.707392934437
0.0
0.0
0.0
0.0
0.0
0.0
0.0
0.0
0.0
0.0
0.0
0.900450208668
0.0
0.0
0.0
0.0
0.0
0.0
0.0
0.0
0.589207206267
0.0
0.409914788763
0.039633405819
-0.0041740894696
0.404461480918
0.0442514406169
0.728757438676
0.0409533314797
0.679965705984
0.811520297039
0.0445971085026
0.0
0.0395455344573
0.038488746314
0.0
0.0433975165749
0.0453241070713
-0.00438392900194
0.836240640195
0.0664522276819
0.0
0.0
0.0378514287344
0.0500449886259
0.0419668337029
0.0514390401224
0.665584106009
0.520733944741
0.0373682296311
0.272084433186
0.817547413261

Topic 1
Mean 0.325317905715
Median 0.322749982022
Sum 89.6387939952
0.0
0.0
0.395203005315
0.0
0.918627010759
0.323400097317
0.0
0.389907714526
0.564126551669
0.319499469657
0.0
0.0402291390423
0.0385417783584
0.0372191715685
0.0543592271067
0.0
0.824205441104
0.359283420726
0.336694205336
0.414383597597
0.0388037354756
0.0
0.192551175639
0.191940727913
0.172283171352
0.135366034951
0.0
0.0
0.0
0.952715534755
0.551631272946
0.557412131324
0.459544406012
0.0390436784434
0.541223082396
0.174466548618
0.0
0.986465962253
0.478473662263
0.83160884879
0.565321215328
0.038596228371
0.633334774628
0.178551287996
0.966227960094
0.0
0.362633998544
0.0379080133452
0.0366278233414
0.0531069790772
0.036423415946
0.32383071574
0.0
0.543801420775
0.0379606861502
0.0
0.29070048467
0.394184835796
0.255433192925
0.158450433844
-0.00476920657532
-0.00431637813513
0.20163791918
0.25917141638
0.345054389513
-0.00468442547248
0.0
0.569543975086
0.036043094513
0.459501916725
0.440420058023
0.0346983854409
0.520237753114
0.0
0.565373701208
0.509266908831
0.034183872838
-0.00445470276279
0.0
0.0
0.0
0.0
0.0
0.0
0.0
0.0
0.0
0.0
0.0
0.0
0.0
0.0
0.729414266081
0.417944068698
0.341318976182
0.412026395833
0.0332132818503
0.484026496995
0.0
0.295404693063
0.473733497226
0.318935383085
-0.00425373410981
0.496429255817
0.0
0.0
0.0477381714925
0.577748875257
0.370965248114
0.674520302
0.0432692823278
0.0457441716681
0.0
0.490081281503
0.498908125065
0.0424721157648
0.0
0.0401448773829
0.0
0.0381702254659
0.0
0.432722282562
0.760057155844
0.358950138303
0.834835960113
0.546017479254
0.235947494026
0.285141625447
0.667951538138
0.532511984425
0.254885288888
0.469700617052
0.239164859218
0.0
0.232311641152
0.714720697277
0.0
0.334180655714
0.606445530219
0.302053614091
0.431588766329
0.0319846469526
0.27334282044
0.752993923676
0.457409060039
0.36399513577
0.490513185666
0.316016816675
0.0302446533131
0.0
0.30966839837
0.434930666825
0.456584765527
0.0
0.451488415351
0.208006603134
0.369220654544
0.146548721213
0.0363005184378
0.54342251141
0.337651785395
0.500351475091
0.530482128874
0.57865643717
0.219443451534
0.559105290361
0.0
0.872481472002
0.386016531123
0.322099866727
0.454882541759
0.0
0.0385755764406
0.509582508183
0.0357994268725
0.0513830379529
0.618247763799
0.037263031519
0.0
0.745023457969
0.459821036135
0.0350626214772
-0.00457775044083
0.0334612454459
0.0
0.0320780432786
0.0413622782467
0.516408903131
0.0309305121518
0.0349487210778
0.0
0.0472449775718
0.572071902454
0.0431470772398
0.664489585596
0.042863712385
0.0452911227043
0.0
0.485990344019
0.493997766793
0.0420812846131
-0.00557728983131
0.0397955274308
0.0
0.0378542627741
0.988739630678
0.706053058878
0.431705628877
0.0419173267899
0.0409915166648
0.0
0.379485506223
0.049343625555
0.343480850253
0.0786391503294
0.0468575863797
0.0497738121552
0.0
0.322089056156
0.331197653728
0.0459241461995
-0.00613748857868
0.3145074126
0.0
0.0409356106221
0.0573682156852
0.317095888993
0.0390851390046
0.0457289452832
0.0446293172868
0.0566574529073
0.0
0.614827063961
0.357315914557
0.920520733549
0.567421820582
0.0361542910698
0.422612909856
0.179211214993
0.542155663321
0.646049721176
0.599613909464
0.267345039831
0.447157816516
0.0
0.564729310695
0.0421066323084
0.654672991169
0.468675477028
0.613887146101
0.34297794804
0.0417224681997
0.331113948582
0.0
0.380846440406
0.254381451227
0.339673070796
0.486516100235
0.0391350169421
0.840281295917
0.179383064864
0.344095875662
0.348072438638
0.267854905489
0.267642382114
0.476763005848
0.0
0.24303736947
0.0462052612144
0.698226440705
0.313382027714
0.466288305797
0.0375684246372
0.0457430791243
0.050320200397
0.253837330835
0.0
0.300487819791
0.407405285505
0.262959073518
0.163687249871
-0.00492842533649
-0.0044463850579
0.20767348544
0.266922531143
0.355662664463
-0.00483794264907
0.964384835112
-0.0045933095083
0.0
-0.00437993964135
0.0
0.495792975142
0.324457700765
0.226610961444
-0.00472424602863
-0.00579627364723
-0.00640372233166
0.27560055244
0.275916552738
0.0
0.0
0.0
0.0
0.0
0.0
0.0
0.0
0.0
0.0
0.0
0.0
0.0
0.0
0.0
0.0
0.0
0.0
0.0
0.0
0.0
0.0
0.0
0.0
0.0
0.0
0.191489643121
0.190885897073
0.171432858463
0.13463102879
-0.00404630671765
-0.00371559103934
0.538044859187
0.173594601347
0.177638140267
-0.00398511449928
0.200474135149
-0.00381763410638
0.0
-0.00366907800369
0.0
0.282819891718
0.488723366727
0.335836152609
-0.00390764858727
-0.00461341811694
-0.00499018027389
0.178291322176
0.178461411523
0.20643920155
0.0
0.0
0.399531566048
0.266819181734
0.389106803637
0.148705193134
-0.00439528809519
0.0
0.356849411182
0.359276998892
0.721307610118
-0.00432317947163
0.281445856037
0.0
0.0
0.0
0.401624454718
0.412530099157
0.325924589155
0.39958036787
0.0
-0.00507262882647
-0.00553186129999
0.247798655617
0.680067247063
0.290610116358
0.0
0.394757254946
0.0
0.360386844541
0.0383129172477
0.409023094633
0.0539050785
0.638962451794
0.374854188373
0.0
0.37715344326
0.365188367989
0.0362189544132
-0.00473061757362
0.0345127827473
0.0
0.0330431879415
0.0429810440311
0.5415015095
0.0318268747146
0.319621034228
0.614854886814
0.0425808345101
0.0465197454417
0.0359528314644
0.0388990778725
-0.004887227886
0.0
-0.00401849538226
-0.00436249204341
0.0
0.0
0.0
0.0
0.0
0.0
0.0
0.0
0.0
0.0
0.0
0.0
0.0
0.0
0.0
0.0
0.0
0.0
0.0
0.0
0.0
0.0
0.0
0.0
0.0
0.0
0.0
0.0
0.0

Topic 5
Mean 0.291846797599
Median 0.236016732023
Sum 45.4858809485
0.0
0.251842899157
0.0
0.435762678023
0.0
0.768777788897
0.0
0.0
0.0
0.0
0.0468660958056
0.0
0.329953107417
0.295295115448
0.0
0.0
0.0
0.0
0.0
0.0
0.0
0.0510040918789
0.0
1.0
0.768777788897
0.0
0.329953107417
0.0
0.0
0.0
0.0
0.0
0.0
0.0
0.0
0.0
0.0
0.0
0.0
0.0
0.0
0.0
0.0
0.0
0.0
0.0
0.0
0.0
0.0
0.0
0.0
0.0
0.0
0.0
0.0
0.243609118557
0.0
0.269721978457
0.151141525736
0.0
0.0
0.0
0.0
0.0
0.0
0.0
0.373027005649
0.0
0.618917067602
0.329306295686
0.0
0.0388223760786
0.0
0.0416194554116
0.0
0.0
0.0
0.251441962926
0.0425845139137
0.0
0.839829975881
0.658377750634
0.0
0.280632310564
0.0
0.839829975881
0.0
0.0
0.0
0.0
0.305953250152
0.0493543151692
0.0
0.047662170836
0.0424272831178
0.0
0.044029362425
0.0
0.047662170836
0.0
0.0
0.0
0.0
0.204707224623
0.226371324913
0.0429570361473
0.0
0.983015287873
0.649630309932
0.0
0.28285342992
0.0
0.828405923283
0.0
0.0
0.0
0.0
0.461461246967
0.770815592153
0.0405616930418
0.0
0.0
0.0
0.0
0.0
0.0
0.0
0.0
0.0
0.0
0.0
0.0
0.0
0.0
0.0
0.0
0.0
0.0
0.0
0.0
0.0
0.0
0.0
0.0
0.0
0.0
0.0
0.0
0.0
0.0
0.0
0.0
0.0
0.436357015706
0.0
0.0433975165749
0.393507308256
0.0
0.0403650459169
0.0
0.40484859338
0.0
0.0
0.0
0.0
0.520910760149
0.0371481539771
0.0421973404684
0.0374313183136
0.0
0.0
0.0
0.0
0.0
0.0
0.0
0.0
0.0
0.0
0.0
0.0
0.0
0.0
0.0
0.0
0.0
0.0
0.0
0.0
0.0
0.59900388952
0.0
0.728757438676
0.645036737072
0.0
0.313140262072
0.0
0.728757438676
0.0
0.0
0.0
0.269043144611
0.618829406634
0.617477470583
0.0451156649433
0.55669599095
0.0
0.0
0.377595349713
0.0
0.225091186593
0.0
0.375879169203
0.534720457217
0.0
0.0401357255962
0.0
0.548560831678
0.0
0.0
0.0
0.24543653676
0.932195130169
0.207939729911
0.23603513733
0.378958665952
0.0
0.0
0.646822955425
0.0
0.591429716764
0.0
0.0
0.0
0.0
0.0
0.0
0.0
0.0
0.0
0.0
0.0
0.0
0.0
0.0
0.0
0.0
0.0
0.0
0.0
0.0
0.0
0.0
0.421288818633
0.0
0.54066170963
0.4931730055
0.0
0.236871146831
0.0
0.54066170963
0.0
0.0
0.0
0.174810396399
0.715167979632
0.476899241395
0.189790716083
0.403244032398
0.0
0.0
0.323424558204
0.0
0.752024085105
0.297205758948
0.0
0.049345259179
0.0
0.0476537251282
0.0424205906343
0.0
0.0440221550176
0.0
0.0476537251282
0.0
0.0
0.0
0.0
0.2046795364
0.226337466598
0.548923287475
0.0405555761327
0.0
0.0
0.042190720325
0.0
0.0451080975335
0.235998326716
0.0
0.189766915755
0.21584271648
0.0
0.362372120025
0.135942303489
0.0
-0.00420287130196
0.0
-0.00415188137835
0.0
0.0
0.0
0.236834806508
0.340110649798
-0.00391253479382
-0.00436530223112
-0.00393835997499
0.0
0.0
-0.00400802050165
0.0
0.361550812674
0.611300971064
0.0
0.160037125253
-0.00435061740451
0.0519138732105
0.0
0.0500449886259
0.0443051095905
0.0
0.0460550676154
0.0
0.0500449886259
0.0
0.0
0.0
0.0
0.0422232604447
0.0419138438293
0.0484557081133
0.0422746749293
0.0
0.0
0.0440544221632
0.0
0.0472449775718
0.0437814079833
0.0
0.0351060431365
0.529978825798
-0.00452780548405
0.0495305149412
0.0
0.0478264753761
0.0425574282614
0.0
0.0441695380894
0.0
0.0478264753761
0.0
0.0
0.0
0.0
0.205245415224
0.227029639452
0.699654181468
0.0406806284305
0.0
0.0
0.0423260766023
0.0
0.045262854389
0.236750947491
0.0
0.190253242461
0.55075774939
-0.00437663577297
0.0486255390254
0.0
0.0
0.0
0.0
0.0
0.0
0.0
0.0
0.0
0.0
0.0
0.0
0.40764895013
0.0
0.0
0.711057442266
0.0
0.0
0.0
0.0
0.359099158222
0.331528869998
0.0
0.396761915544
0.0
0.0
0.0
0.0
0.049667754573
0.0
0.0479544221125
0.0426587062881
0.0
0.0442786442686
0.0
0.0479544221125
0.0
0.0
0.0
0.0
0.205663905936
0.227541790434
0.701468882734
0.040773160912
0.0
0.0
0.0424262551861
0.0
0.045377435773
0.237307951468
0.0
0.190612775123
0.552186009308
-0.00438544809006
0.0487578027442
0.703827530846
0.0

Topic 2
Mean 0.278508637876
Median 0.196953358372
Sum 41.4874194233
0.0
0.120855524797
0.0
1.0
0.0
0.311331820422
0.535692531768
0.0
0.421665384187
0.549256045761
0.0373608315247
0.0
0.152844045355
0.0384609984159
0.300741406397
0.32876105269
0.0
0.104451353496
0.337683232045
0.262487469524
0.031188347846
0.144844899753
0.0
0.58724883574
0.370041920712
0.398635428082
1.0
0.121900246159
0.0
0.0
0.0
0.0
0.0
0.0
0.0
0.0
0.0
0.0
0.0
0.0
0.0
0.0
0.0
0.0
0.0
0.321356166803
0.0
0.102694340348
0.329875745403
0.112155254906
0.0305521016175
0.272638690702
0.11951387851
0.0
0.0
0.0
0.0
0.0
0.0
0.0
0.0
0.0
0.0
0.0
0.0
0.0
0.140818472683
0.0
0.265849582808
0.994584489204
0.506376943581
0.0313953084644
0.11903580957
0.402597311515
0.0
0.0
0.116759227698
0.0
0.843724073966
0.0
0.112026354962
0.843724073966
0.123379903347
0.0339854699481
0.301135416114
0.132344017131
0.0
0.0
0.294910921986
0.0
0.128974518925
0.0
0.0
0.0
0.0
0.0
0.0
0.0
0.0
0.0
0.0
0.0
0.0
0.0
0.0
0.0
0.0
0.0
0.0
0.0
0.0
0.0
0.0
0.0
0.0
0.0
0.0
0.0
0.0
0.0
0.0
0.0
0.0
0.0
0.0
0.0
0.0
0.0
0.0
0.0
0.0
0.0
0.0
0.0
0.0
0.0
0.0
0.0
0.0
0.0
0.0
0.0
0.0
0.0
0.0
0.0
0.0
0.0
0.0
0.0
0.0
0.0
0.0
0.129847820697
0.0
0.264506249233
0.333453460596
0.505966281147
-0.00352399379397
0.11110104718
0.305715177738
0.0
0.0
0.109115325692
0.0
0.331704845205
0.119710997505
0.0
0.0
0.0
0.0
0.128390328125
0.0
0.262251066465
0.329877306591
0.45939795256
-0.0034879421826
0.110032293327
0.30270655749
0.0
0.0
0.108084257068
0.0
0.154262502448
0.118471099829
0.0
0.0
0.0
0.0
0.277773759286
0.747452781001
0.0
0.140784104833
0.779000522071
0.159193807667
0.045472243747
0.393616564588
0.174438825868
0.0
0.0
0.38304890154
0.0
0.168631982643
0.655309069178
0.0
0.0
0.0
0.0
0.153138064937
0.151114906759
0.843724073966
0.0
0.375254794314
0.843724073966
0.395016325435
0.0339854699481
0.326194947512
0.438897435395
0.0
0.0
0.31835654576
0.0
0.350851743871
1.0
0.0
0.0
0.0
0.0
0.302908337625
0.299954442512
0.655309069178
0.191556092469
0.0
0.298380222959
0.250890480744
0.349217942025
0.0410351205941
0.153376695738
0.221821386203
0.0
0.0
0.149617827086
0.0
0.463641525742
0.170284315357
0.0
0.0
0.0
0.0
0.196953358372
0.19456188112
0.246966318213
0.218994922134
0.0
0.0
0.0
0.0
0.0
0.0
0.0
0.0
0.0
0.0
0.0
0.0
0.0
0.0
0.0
0.0
0.0
0.0
0.0
0.0
0.0
0.0
0.0
0.0
0.0
0.0
0.0
0.0
0.0
0.0
0.0
0.0
0.0
0.0
0.0
0.0
0.0
0.0
0.0
0.0
0.0
0.0
0.0
0.0
0.0
0.0
0.0
0.0
0.0
0.0
0.0
0.0
0.0
0.0
0.0
0.0
0.0
0.0
0.0
0.0
0.0
0.0
0.0
0.0
0.0
0.0
0.0
0.0
0.0
0.0
0.0
0.0
0.501428381682
0.0
0.160809512592
0.513293063318
0.410628935083
-0.00335568426433
0.132528861826
0.190829638594
0.0
0.0
0.129713018647
0.0
0.185832401019
0.144966144361
0.0
0.0
0.0
0.0
0.1721321856
0.170302701134
0.197053419182
0.188734068753
0.635011374636
0.0
0.0
0.0
0.118046716969
0.0
0.208049438042
0.158569229615
0.240724221458
0.0265830542963
0.102346657662
0.146440275342
0.0
0.0
0.100659166817
0.0
0.231169543747
0.109608849687
0.0
0.0
0.0
0.0
0.135172853414
0.134042079593
0.136987153164
0.145203068423
0.370657746519
0.0
0.0
0.0
0.327982541413
0.116511569366
0.0
0.518182785992
0.201436982592
0.537601187311
0.0
0.101190701289
0.186206780323
0.0
0.0
0.0995408067252
0.0
0.14185772977
0.108284088973
0.0
0.0
0.0
0.0
0.172032301581
0.170608391508
0.134924164922
0.184651596841
0.315088054974
0.0
0.0
0.0
0.279259711431
0.223998987229
0.0
0.0
0.0
0.0
0.0
0.0
0.0
0.0
0.0
0.0
0.0
0.0
0.0
0.0
0.0
0.0
0.0
0.0
0.0
0.0
0.0
0.0
0.0
0.0
0.0
0.0
0.0
0.0
0.0

Topic 4
Mean 0.266675875039
Median 0.223365597479
Sum 33.0678085048
0.435762678023
0.768777788897
0.251842899157
0.768777788897
0.0510040918789
1.0
0.0
0.0
0.0
0.0
0.295295115448
0.0468660958056
0.329953107417
0.329953107417
0.0
0.0
0.0
0.0
0.0
0.0
0.0
0.0
0.0
0.0
0.0
0.0
0.0
0.0
0.0
0.0
0.0
0.0
0.0
0.0
0.0
0.0
0.0
0.0
0.0
0.0
0.0
0.0
0.0
0.0
0.0
0.0
0.0
0.0
0.0
0.0
0.0
0.0
0.0
0.0
0.0
0.0
0.0
0.0
0.0
0.0
0.0
0.0
0.0
0.0
0.0
0.0
0.0424205906343
0.049345259179
0.0476537251282
0.0476537251282
0.0
0.0440221550176
0.0
0.0
0.0
0.0
0.0
0.0
0.0
0.0
0.0
0.0
0.0
0.0
0.0
0.0
0.0
0.0
0.0
0.0
0.0
0.393507308256
0.436357015706
0.0433975165749
0.40484859338
0.0
0.0403650459169
0.0
0.0
0.0
0.0
0.0
0.0
0.042190720325
0.0
0.534720457217
0.225091186593
0.375879169203
0.548560831678
0.0
0.0401357255962
0.0
0.0
0.0
0.0
0.0
0.0
0.235998326716
0.0
0.646822955425
0.0443051095905
0.0519138732105
0.0500449886259
0.0500449886259
0.0
0.0460550676154
0.0
0.0
0.0
0.0
0.0
0.0
0.529978825798
0.0
0.0440544221632
0.0437814079833
0.0
0.0
0.0
0.0
0.0
0.0
0.0
0.0
0.0
0.0
0.0
0.0
0.0
0.0
0.0
0.0
0.0
0.0
0.0
0.0
0.0
0.0
0.0
0.0
0.0
0.0
0.0
0.0
0.0
0.0
0.0
0.0
0.0
0.0
0.0
0.797397914468
0.0532579438303
0.957440851104
1.0
0.0
0.342850427226
0.0
0.0
0.0
0.0
0.0
0.0
0.223029568182
0.0
0.40484859338
0.548560831678
0.0522130711267
0.0
0.0
0.0425574282614
0.0495305149412
0.0478264753761
0.0478264753761
0.0
0.0441695380894
0.0
0.0
0.0
0.0
0.0
0.0
0.55075774939
0.0
0.0423260766023
0.236750947491
0.0486255390254
0.0
0.0
0.223701626776
0.0426587062881
0.049667754573
0.0479544221125
0.0479544221125
0.0
0.0442786442686
0.0
0.0
0.0
0.0
0.0
0.0
0.552186009308
0.0
0.0424262551861
0.237307951468
0.0487578027442
0.0
0.0
0.224198856193
0.703827530846
0.0
0.0
0.0
0.0
0.0
0.0
0.0
0.0
0.0
0.0
0.0
0.0
0.0
0.0
0.0
0.331528869998
0.0
0.0
0.0
0.64103877165
0.0
0.0
0.29332293191
0.423336424087
0.258351518679
0.299578599085
0.0
0.344294730021
0.0
0.0
0.0
0.0
0.0
0.0
0.0346875192497
0.0
0.291202521145
0.269774657923
0.0359374635102
0.0
0.0
0.557449424124
0.0347789607387
0.0348465704088
0.512186296411
0.0
0.0
0.0
0.0
0.0
0.0
0.0
0.0
0.0
0.0
0.0
0.0
0.0
0.0
0.0
0.0
0.0
0.0
0.0
0.0
0.0
0.0
0.0
0.0
0.645036737072
0.59900388952
0.728757438676
0.728757438676
0.0
0.313140262072
0.0
0.0
0.0
0.0
0.0
0.0
0.0451080975335
0.0
0.377595349713
0.591429716764
0.0472449775718
0.0
0.0
0.757996640859
0.045262854389
0.045377435773
0.359099158222
0.594009536341
0.0
0.514285002167
0.0448333215594
0.572108973005
0.572108973005
0.0
0.293985012108
0.0
0.0
0.0
0.0
0.0
0.0
0.0422238689401
0.0
0.0388479837006
0.0386355314461
0.0440905652799
0.0
0.0
0.593496974323
0.0423594383375
0.0424597750938
0.0
0.57275049897
0.0
0.779680767936
0.0390005103821
0.0447775823328
0.0433802766877
0.0433802766877
0.0
0.040350130767
0.0
0.0
0.0
0.0
0.0
0.0
0.237316028978
0.0
0.0388061266945
0.217169663687
0.0440366565144
0.0
0.0
0.206139368452
0.23807709132
0.238640360234
0.0
0.0323666020597
0.0
0.0412605919356
0.0388341684198
0.0
0.0
0.0
0.0
0.0
0.0
0.0
0.0
0.0
0.0
0.0
0.0
0.0
0.0
0.0
0.0
0.0
0.0
0.0
0.0
0.0
0.0
0.0
0.0
0.0
0.0
0.0
0.0
0.0
0.0
0.0
0.0
0.0
0.0
0.0
0.0
0.0
0.0
0.0
0.0
0.0
0.0
0.0
0.0
0.0
0.0
0.0
0.0
0.0
0.0
0.0
0.0
0.0
0.0
0.0
0.0
0.0

Topic 8
Mean 0.255681837867
Median 0.20457694908
Sum 50.50959857
0.0
0.12450866757
0.0
0.502484281755
0.0
0.33705660393
1.0
0.0
0.348820781471
0.502484281755
0.520507234378
0.0
0.261321861733
0.969814249248
0.773185388096
0.0
0.0
-0.00420644997005
0.0337041920812
0.0297844347421
0.318936428131
0.0
0.0
0.0
0.0
0.0
0.0
0.0
0.0
0.0
0.0
0.0
0.0
0.0
0.0
0.0
-0.00358928378929
0.0
-0.0044077502931
0.464621326846
0.032937212407
0.450753829399
0.0355829264886
0.0
0.0
-0.00373421177542
0.0
-0.00462834133875
0.190683043106
0.0323250040509
0.0359471771889
0.0348694807179
0.0
0.0
0.220974046749
0.0
0.0
0.0
0.70701602755
0.0335384629507
0.0374541595773
0.0362856789963
0.0
0.0
0.231133481936
0.22580033711
0.116640367472
0.0
0.348820781471
0.313699963057
1.0
0.242286131223
0.0
0.0
0.0
0.0
0.0
0.0
0.0
0.0
0.0
0.0
0.0
0.0
0.0
0.0
0.0
0.0
0.0
0.0
0.0
0.377726480364
0.0
0.287594985866
0.417383627821
0.398741818776
0.790347137944
0.48343865799
0.0
0.0
0.0379071162103
0.0370984845512
0.0387057012558
0.264706786156
0.0
0.10994264067
0.0
0.238568141074
0.216052152131
0.222601766901
0.491708227994
0.291420644295
0.0
0.0
0.764166207675
0.216080076653
0.225784606213
0.222601766901
0.0
0.59117308895
0.563662288311
0.0
-0.00398936409664
0.904420134047
0.719692264844
0.877243506197
0.0335551206316
0.0
0.0
0.922440293499
0.204192978248
0.212837778317
0.0
0.0
0.407491770742
0.701543498923
0.106603279767
0.0
0.229896443465
0.37227903295
0.355102945501
0.397654884617
0.0349030175964
0.0
0.0
0.0393127649504
0.0384437384343
0.0401723448638
0.215033538423
0.0
0.406434032776
0.569437622503
0.363158322064
0.0
0.0
0.0
0.0
0.0
0.0
0.0
0.0
0.0
0.0
0.0
0.0
0.0
0.0
0.0
0.0
0.0
0.0
0.140578881244
0.0
0.300771900768
0.459776580815
0.282033560318
0.234632042098
-0.00340609449198
0.0
0.0
-0.00353688911717
-0.00367753390624
0.0
0.282033560318
0.0
0.261949951053
0.211116120318
-0.00326234740284
0.202424191361
0.0
0.119377362008
0.0
0.204960919911
0.383528322862
0.189906980236
0.193654526378
5.17735844114e-301
0.0
0.0
5.17735844114e-301
5.17735844114e-301
5.17735844114e-301
0.189906980236
0.0
0.211892888983
0.17734986427
6.59139644353e-300
0.171175327427
0.0
0.493815369562
0.0
0.0
0.0
0.0
0.0
0.0
0.0
0.0
0.0
0.0
0.0
0.0
0.0
0.0
0.0
0.0
0.0
0.0
0.0
0.0
0.0
-0.00402292897928
0.0
-0.00508023989583
0.207025421172
0.0349572944368
0.0392324184617
0.0379522452272
0.0
0.0
0.243223892575
0.50099932222
0.249083918197
0.0
0.0
0.0406078054805
0.237307951468
0.22304760171
0.0422251525214
0.0
-0.00395722510095
5.17735844114e-301
0.0
-0.00444364812288
0.0
-0.00577013027055
0.333196345436
0.03883989334
0.320401815235
0.0425725881879
0.0
0.0
0.328265890238
0.0479604493246
0.0506810988121
0.0
0.0
0.0459427956743
0.0479564559248
0.331197653728
0.048023917353
0.0
-0.00436361966715
5.17735844114e-301
0.0
0.0539926422264
0.0
0.0
0.0
0.0
0.0
0.0
0.0
0.0
0.0
0.0
0.0
0.0
0.0
0.0
0.0
0.0
0.0
0.0
0.0
0.0
0.0
0.0
0.0
0.0
0.889812268424
0.0
0.137595296652
0.610539427773
0.889812268424
0.624225463051
0.322255738625
0.0
0.0
0.195168792182
0.191352510105
0.709596502179
0.12804946424
0.0
0.469901554407
0.414218529179
0.727848754316
0.116053772385
0.0
0.15749110569
0.131355668322
0.0
0.207814795644
0.0446435315609
0.0
0.108358661355
0.0
0.319085168368
0.289442535128
0.563889278158
0.222669293923
0.0
0.0
0.0
0.0
0.0
0.0
0.563889278158
0.0
0.241465494691
0.205933313065
0.0
0.199439537266
0.0
0.262272024779
0.174413988891
0.0
0.0
0.0
0.0
0.118137223734
0.109943501207
0.0
0.185457160886
0.350461226763
0.17304517473
0.176151334859
-0.00365728621019
0.0
0.0
-0.00380851206394
-0.00397208811736
0.0
0.17304517473
0.0
0.191114422221
0.162557377218
-0.00349206949372
0.157354794171
0.0
0.440322695005
0.369896131425
0.0
-0.0043003774766
-0.00478462167805
0.0
0.120023499719
0.16008742056
0.114705577223
0.0
0.195216208509
0.367088205841
0.181511840397
0.184932393678
-0.00383496838224
0.0
0.0
-0.00400157990837
-0.00418255494122
0.0
0.181511840397
0.0
0.201494600969
0.170006769687
-0.00365370605442
0.16432476492
0.0
0.466892664977
0.534699239493
0.0
-0.00454815683801
-0.00509334831265
0.0
0.125721439525
0.167307128149
0.354580609432
2.11050101547e-300
0.0
3.80323155199e-300
3.80323155199e-300
3.80323155199e-300
7.48472555703e-300
-6.29078254237e-302
0.0
0.0
-6.29078254237e-302
-6.29078254237e-302
0.0
3.80323155199e-300
0.0
5.67539897277e-300
7.48472555703e-300
-6.29078254237e-302
9.13669170202e-300
0.0
3.80323155199e-300
2.95651328332e-300
0.0
-6.29078254237e-302
-6.29078254237e-302
0.0
2.11050101547e-300
3.80323155199e-300
2.95651328332e-300
2.95651328332e-300

Topic 6
Mean 0.247272678466
Median 0.217613060405
Sum 82.2369277907
0.0506810988121
0.0555703566865
0.319888984499
5.17735844114e-301
5.17735844114e-301
5.17735844114e-301
0.0445508199293
0.0377129866425
0.040355045615
0.138268673929
0.320401815235
0.0374541595773
0.0400588253562
0.193654526378
0.850108450662
0.284633264216
0.0349893522224
0.0372521235898
0.179901874313
0.417375117732
0.800663629867
0.0539926422264
0.249083918197
0.269818395236
5.17735844114e-301
0.0395164995031
0.0392324184617
0.0365364289362
0.0538305003584
0.248470333512
0.269098553211
5.17735844114e-301
0.0394295768932
0.0391467397645
0.0364621099002
0.703827530846
0.384957461427
0.0435256417336
0.0470833140483
0.204275891863
0.157256834879
0.785441597928
0.252588833723
0.0459457828409
0.0458283169604
-0.0057403010801
0.0
-0.00517025640928
0.20415908348
0.89612496425
0.468406525215
0.187571246807
-0.00505710288833
-0.00504538816305
0.411225412679
0.777754317255
0.0431826322378
0.0466821978804
5.17735844114e-301
0.445962091759
0.579499943085
0.517113839266
0.0455637358097
0.0454482128493
0.325894677208
0.0
0.342400353053
0.0399247855419
0.0428980525081
0.200755489235
0.142242601668
0.465326769877
0.345973391194
0.0419517322968
0.0418537795192
0.297064869161
0.270596627537
0.690216103395
0.0536117534739
0.24764148817
0.268126641347
5.68246674119e-300
0.379932981702
0.427247540961
0.0363616162958
0.552186009308
0.55075774939
0.045669676016
-0.0050108424554
0.0452921880761
0.0417214224212
-0.00553186129999
0.0
-0.0050005476329
0.579545834654
0.143031526576
0.377770434614
0.39332823646
-0.0048946244208
-0.00488364954538
0.894310831864
0.399046478688
0.0
0.262873456154
-0.00485127607614
0.0459427956743
0.0387057012558
0.0414938257127
0.211892888983
0.921567890427
0.790347137944
0.398584828817
0.0406078054805
0.0405160211628
0.427601524042
0.810616254252
0.0396944563889
0.281170330206
0.440739314409
0.429059919854
0.0447261042736
0.0378385177608
0.0404988150328
0.188593105915
0.816264620293
0.431745563549
0.322525515195
0.0396543459616
0.0395668165367
0.378449610834
0.745707314907
0.350318088269
0.766433215715
0.0394485082563
0.368110293299
0.744708955593
0.0465197454417
0.27617481337
0.425819744709
5.17735844114e-301
0.0353593142884
0.0351316884486
0.0329541954917
0.23103324064
0.230505270198
0.0404203892415
-0.00449109822792
0.0401244101715
0.353742212079
0.229791775267
-0.00436249204341
0.0362305533711
0.344763074772
0.0
0.0
0.0
0.217613060405
0.15409053304
0.277301346681
0.19886729802
0.0
0.0
0.294690048265
0.294501089245
0.0
0.39335077352
0.0
0.285376126464
0.307068849595
0.36649492674
0.0
0.31799876176
0.206797246147
0.220890027112
0.137301460892
0.136322381631
0.243086140954
0.375926358649
0.216422660584
0.215959289529
0.787675644578
0.143577923919
0.276590533584
0.255542405448
0.215332880811
0.402917763722
0.408435594895
0.132781006614
0.666060016332
0.152890262986
0.055392516283
0.254353904576
0.276013188015
5.17735844114e-301
0.040261176988
0.0399663281497
0.514357809704
0.269072977193
0.268357101764
0.0469555847772
-0.00441678750981
0.882785413744
0.569873316293
0.26739052875
-0.00429234304577
0.041394591088
0.527968630516
0.854000369284
0.0
0.757239789896
0.0462332915397
0.0389116801139
0.0417306390931
5.17735844114e-301
0.0351935733482
0.0349680696196
0.737409326082
0.0408345858182
0.0407417746431
0.0402039520763
0.0
0.56798673002
0.382963661306
0.0406163467152
0.0
0.0360565643243
0.354440501113
0.0364109693216
0.0
0.0346573571704
0.567332151966
0.050150553714
0.0416497496347
0.0448959336907
6.59139644353e-300
0.362740670358
0.473137213131
0.0347356571839
0.0438604791887
0.0437534215728
0.043133752818
-0.00477510532385
0.042796868276
0.0395948102591
0.477209643949
-0.00462998209946
0.487380911521
0.0375419990783
0.0387976232811
0.0
0.036812852075
0.0447797821058
0.0385981730838
0.0
0.0
0.0
0.0
0.0
0.0
0.0
0.0
0.0
0.0
0.0
0.0
0.0
0.0
0.0
0.0
0.0
0.0
0.0
0.0
0.0
0.0
0.0
0.0658808776681
0.292332086747
0.321310694028
5.17735844114e-301
0.0455295565987
0.0451528551054
0.0416184363839
0.814722566843
0.812210680667
0.0542810003802
-0.0048002894868
0.0537485654142
0.0487928951149
0.653752725197
-0.00465365495391
0.0469843633739
0.0457126430083
0.267777951101
0.0
0.248345758016
0.320254172772
0.0472882237498
0.0513942284755
0.0
0.0
0.0
0.0
0.0
0.0
0.0
0.0
0.0
0.0
0.0
0.0
0.0
0.0
0.0
0.0
0.0
0.0
0.0
0.0
0.0
0.0
0.0
0.0
0.0
0.0
0.0482291094457
0.761385034911
0.22848814624
0.224456647958
0.656213961612
0.426692125167
0.319690668503
0.223711482218
0.223216409865
0.454335927886
0.454034947644
0.0413896967094
0.332073864563
0.222547259188
0.866606958145
0.474081220049
0.414408657149
0.333121747811
0.327734837898
0.189000676029
0.227953375098
0.0374498614067
0.0399793830238
0.0
0.257991334311
0.0
0.0488823882454
0.040771304232
0.0438768950094
1.30744341759e-299
0.545410676808
0.464212736952
0.315967858911
0.042887394126
0.0427850286146
0.0421923007192
-0.00447893202775
0.0418699066462
0.038800081949
0.466712344043
-0.004351011754
0.477916382469
0.387503106398
0.0380342658555
0.0
0.0361249066698
0.043765949839
0.0378425675685
0.514687213965
0.0
0.0500632197485
0.0
0.581093746815
0.0446293172868
0.266696196023
0.410147950434
5.17735844114e-301
0.0342563842631
0.034042694287
0.330150212121
0.222707294059
0.222216651384
0.0389855387989
0.0
0.359331831458
0.372225131646
0.221553472464
0.0
0.0350734915257
0.345222763762
0.614854886814
0.0
0.188283430517
0.358928915572
0.363670427913
0.0374737839661
0.0
0.256656737241
0.0
0.193776037036
0.0367611533893
0.317726895259
0.347611190701
0.280337999742
5.17735844114e-301
0.0348877623853
0.439689244879
0.731432104982
0.21839676749
0.217924913786
0.278313725788
-0.00427668568976
0.562968235235
0.46220440004
0.217287067085
-0.00415990647462
0.0357356401166
0.351433989396
0.246188204445
0.0
0.241543314532
0.562325166691
0.807103428216
0.0382306413003
0.0
0.250948693569
0.0
0.190504476697
0.0374892188216
0.480263506656

Topic 9
Mean 0.239121113347
Median 0.192953399122
Sum 64.6087596963
0.0
0.0
0.0319406284892
0.0
0.0
0.0
0.0
0.328265890238
0.0374615808076
0.0
0.0
-0.00417820813658
-0.00361573182871
0.0
-0.00538299312186
0.0
0.450753829399
0.335114613617
0.0
0.320401815235
0.192953399122
0.0
0.0
0.0
0.0
0.0
0.0
0.0
0.0
0.0379071162103
0.345630062577
0.0
0.0459427956743
0.211053764775
0.790347137944
0.0
0.0
0.231133481936
0.0325057331769
0.0
0.0506810988121
0.0
0.0374541595773
0.0
0.0387057012558
0.0
0.0356124512253
0.367259895704
0.0
0.0426148583201
-0.00399996254379
0.58933376121
0.0
0.37135396517
0.0363163819623
0.0
-0.00421610711741
-0.00364407900606
0.0
-0.00544606451605
0.561009781441
0.194672924739
0.0
0.213112749853
0.0
-0.00403468346324
0.0
0.0377464244071
0.0303848993049
0.0
0.0457069667992
-0.00383807038524
0.0346661482743
0.0
0.0357356401166
0.0385381825426
0.0336892448763
-0.00387002640548
0.0
-0.00384069337088
-0.0033601948558
0.0
-0.00483552308312
0.178238115653
0.228271289791
0.0
0.248067191397
0.0
-0.00368956112004
0.179704371942
-0.0035513860946
0.0
-0.00384307542361
-0.00336201802648
0.0
-0.00483929957709
0.17834727344
0.340847128913
0.0
0.596910874516
0.0
-0.00369175933884
0.179815333624
-0.00355342270327
0.212466302917
0.0
0.226879575713
0.290104032688
0.0
0.284633264216
0.179296638526
0.800663629867
0.0
0.398584828817
0.0349893522224
0.524930027869
0.180780434664
0.731432104982
0.165978546434
0.166073200479
0.0
0.764166207675
0.486748716817
0.0
0.0479564559248
0.176761649845
0.491708227994
0.0
0.59117308895
0.225784606213
0.492136332589
0.178203616517
0.0369421917785
0.210715812113
0.506983656474
0.446048066615
0.0
0.286367087172
0.0334026370786
0.0
0.384957461427
0.203495900946
0.785441597928
0.0
0.427601524042
0.0435256417336
0.0374395330737
0.205409392842
0.0398053616254
0.239925346561
0.358259732512
0.252588833723
0.577825465379
0.0
0.21103694539
0.0302277839802
0.0
0.0453523683687
-0.00419559823098
0.0344617873658
0.0
0.0355185146337
0.215434604355
0.0334962075244
-0.00423381478935
0.36506202819
-0.00385538246723
-0.00385778278127
0.333967223181
0.206568787519
0.0395361521086
0.0
0.248623667789
0.0295894606878
0.0
0.319712368845
0.137373252103
0.24408620963
0.0
0.149603661953
0.0372675106196
0.0327141677399
0.138594185921
0.0345061932929
0.126480492802
0.126557493267
0.22276055997
0.125438931277
0.366311485323
0.0343037084315
0.0
0.216436309526
0.286906904952
0.0
0.268386843258
0.182127890973
0.458995499827
0.0
0.378936089621
0.0370657258061
0.469820467605
0.183659118105
0.0343331335403
0.216630747016
0.323455799028
0.196568749438
0.657787608065
0.796521969976
0.0341326687405
0.278408874754
0.0
0.87089775459
0.0351343209017
0.0
0.0573736106799
0.169306091319
0.422212804786
0.0
0.350191571024
0.261728766016
0.0396287941876
0.17062852801
0.30891321868
0.202454095137
0.3022769044
0.286352409886
0.848692821398
0.33929920415
0.307339350611
0.120177901215
0.490622580543
0.0
0.0
0.0
0.0
0.0
0.0
0.0
0.0
0.0
0.0
0.0
0.0
0.0
0.0
0.0
0.0
0.0
0.0
0.0
0.0
0.0
0.0
0.0
0.205374394775
0.0250249543998
0.0
0.251583443124
0.167795912402
0.401792900864
0.0
0.346828175518
0.0303054918981
0.0272241508132
0.169094772037
0.0284538729798
0.200774377189
0.299767633299
0.187401452116
0.371979325244
0.675207049199
0.0283160478336
0.264413834051
0.383368336534
0.35736483824
0.0
0.0
0.0334001966741
0.0275039206312
0.0
0.0394853157075
0.127587441643
0.127140869139
0.0
0.138070955314
0.0340186277454
0.0301837299605
0.128639957748
0.503110052655
0.118137927986
0.11820510296
0.464365070088
0.117228742507
0.144129503302
0.325379143383
0.126828842983
0.120528045243
0.422476428365
0.0
0.111684552849
0.0
-0.00421610711741
-0.00364407900606
0.0
-0.00544606451605
0.561009781441
0.194672924739
0.0
0.213112749853
0.0
-0.00403468346324
1.0
-0.00387002640548
0.179704371942
0.179815333624
0.180780434664
0.178203616517
0.205409392842
-0.00423381478935
0.138594185921
0.183659118105
0.17062852801
0.0
0.169094772037
0.128639957748
0.0
-0.00411498385993
-0.00356828777951
0.0
-0.00527850653304
0.190796346176
0.364526645559
0.0
0.642251744359
0.0
-0.0039419801659
0.192477473573
-0.0037846551784
0.226130253219
0.544093305736
0.176816108567
0.539321951655
0.384513621247
-0.0041318505832
0.13533546611
0.344705199945
0.320755230493
0.0
0.317931229685
0.125827779736
0.192477473573
0.0
0.193742983413
0.0281990342967
0.0
0.0409339067501
-0.00387697436495
0.0318494589366
0.0
0.0327499577037
0.247802244071
0.0310229641783
-0.00390958425472
0.0326299458193
-0.0035846700741
-0.00358674504746
0.0300494071899
0.189970584092
0.036135827899
0.182589946925
0.0317143905979
0.031568142246
0.28221757583
0.0
0.0265282085341
0.0293306198209
-0.00390958425472
-0.00382247848844
0.0
0.0384294142678
0.030825909236
0.0
0.0467122486651
-0.00396123675917
0.3422637985
0.0
0.486844533363
0.0392503956149
0.0342322467818
-0.00399528576793
0.344198270287
-0.0036565876843
-0.00365874677641
0.316420897257
0.427327947159
0.040565643463
0.342245460055
0.0350760723281
0.0348972639269
0.441187467506
0.0
0.0288402534204
0.465756327699
-0.00399528576793
-0.0039043636819
0.0331390790695
0.0
0.299275332128
0.403616946354
0.0
0.408651495529
0.181202109546
0.45667283621
0.0
0.376849265559
0.0457063012171
0.407251063918
0.182717744588
0.0416213992602
0.253383451366
0.321934081334
0.325002344643
1.0
0.610003748554
0.0413271559272
0.382430142273
0.765653913576
0.488447252178
0.0
0.413265227391
0.149940645852
0.182717744588
0.342977510533
0.0376262008958
0.0424533611436

Topic 3
Mean 0.224860491053
Median 0.198695228066
Sum 43.8041112629
0.0
0.179647517686
0.0
0.378170790704
0.0
0.189821393864
0.24245831974
0.0
0.0337600585735
0.0348738949467
0.0
0.0
0.0
0.0
0.0
0.0
0.0
0.0
0.0
0.0
0.0
0.0
0.0
0.0
0.0
0.0
0.0
0.0
0.0
0.0
0.0
0.0
0.0
0.0
0.0
0.0
0.185787656946
0.0
0.25255558094
0.20117863774
0.0
0.0
0.0
0.0
0.0
0.24612459926
0.0
0.192992068939
0.0354476103462
0.0263168511205
0.0
0.0
0.0
0.0
0.0
0.233054099293
0.0
0.0982385188494
0.134568661594
0.242948302149
0.0
0.0
0.0
0.0
0.102430821838
0.0252403003985
0.0287615746841
0.0
0.0412794458063
0.0429570361473
0.0302417274481
0.0
0.0
0.0
0.0
0.57255163936
0.0306722152274
0.0288287399812
0.0
0.0
0.0
0.0
0.0
0.0
0.0
0.0
0.0
0.620375828452
0.0
0.0
0.58948202795
0.0
0.0
0.0
0.0
0.0
0.0
0.0
0.0
0.0
0.0
0.0
0.0
0.0
0.0
0.492822275066
0.0
0.261480848729
0.373027005649
0.865568943542
0.0
0.0
0.0
0.0
0.310533292395
0.158788774929
0.280506073809
0.461461246967
0.321838377397
0.0
0.0
0.0
0.0
0.0
0.0
0.0
0.0
0.0
0.0
0.0
0.0
0.0
0.0
0.0
0.0
0.0
0.177222102171
0.0
0.265328622413
0.0493543151692
0.0332784532644
0.0
0.0
0.0
0.0
0.0
0.401507669856
0.0315754378911
0.0405616930418
0.0
0.0
0.204707224623
0.0
0.231753997695
0.0
0.239593337533
0.187064123433
0.241535801383
0.0
0.0
0.0
0.0
0.24975804897
0.0250918444829
0.513312942967
0.0286352329355
0.0
0.0
0.278624785623
0.0
0.0313434493295
0.295477590406
0.0
0.15154335749
0.449787468045
-0.00334999768793
0.0
0.0
0.0
0.0
0.158695694672
-0.00339341815957
0.107582186765
-0.00393544420773
0.0
0.0
0.177049935752
0.0
-0.00436172031165
0.149780826228
0.176720223804
0.0
0.240243871291
0.18775911482
0.0247288006109
0.0
0.0
0.0
0.0
0.250465032634
0.396991546096
0.0974624244896
0.0285363634716
0.0
0.0
0.202993897067
0.0
0.0312250327473
0.237711074612
0.150226061326
0.208038382894
0.0
0.269290248066
0.236398091853
0.0265849056845
0.0
0.0
0.0
0.0
0.282877089329
0.319740547022
0.114609568432
0.0310369509932
0.0
0.0
0.245434919455
0.0
0.406775501076
0.265955011247
0.179829785057
0.266797048409
0.21233828369
0.0
0.28859741185
0.243609118557
0.0
0.0
0.0
0.0
0.0
0.303474410806
0.0
0.116960908674
0.0
0.0
0.0
0.251441962926
0.0
0.0
0.284950208266
0.183972393447
0.28587083081
0.331578410082
0.115409423861
0.0
0.10656401765
0.360258783153
0.0271542143677
0.0
0.0
0.0
0.0
0.111514912866
0.575795900695
0.438014099216
0.231436366467
0.0
0.0
0.481211804402
0.0
0.0351944074918
0.105342910233
0.117647845874
0.408824908624
0.126103420836
0.128955896439
0.573951687435
0.0
0.198695228066
0.468954222019
0.0310332295407
0.0
0.0
0.0
0.0
0.208262116569
0.376693766524
0.10964071803
0.504310092636
0.683436003366
0.0
0.458329998714
0.0
0.18796345174
0.196340353521
0.171142417593
0.256416698708
0.287231138576
0.242211751173
0.281587157556
0.175973755535
0.0
0.239230255324
0.227520143683
0.0247641112038
0.0
0.0
0.0
0.0
0.249363531207
0.0250520331789
0.0970532658155
0.0285833952775
0.0
0.0
0.202009586479
0.0
0.031281353396
0.236718674152
0.149532426658
0.23735367054
0.265485374378
0.284436792878
0.179650063725
0.254923176414
0.27898598841
0.0
0.143709278667
0.375267732594
-0.00317043944221
0.0
0.0
0.0
0.0
0.150125590594
-0.00320930302518
0.102049794157
-0.00368994238064
0.0
0.0
0.166449023318
0.0
-0.00406217801889
0.142123312809
0.296348240375
0.142524125623
0.168903642487
0.172553040476
0.111063454334
0.16121730285
0.141899643775
0.0
0.0
0.0
0.0
0.0
0.0
0.0
0.0
0.0
0.0
0.0
0.0
0.0
0.0
0.0
0.0
0.0
0.0
0.0
0.0
0.0
0.0
0.0
0.0
0.0
0.0
0.0
0.624978227466
0.0
0.216838083017
0.251842899157
0.0340204433816
0.0
0.0
0.0
0.0
0.228282153326
0.0345662021526
0.119590620516
0.983015287873
0.0
0.0
0.618917067602
0.0
0.047662170836
0.214036559388
0.188629743404
0.214743565353
0.262821737096
0.269721978457
0.262042430494
0.718639864144
0.213642318608
0.176643733512
0.0
0.285908205422
0.0
0.147005876914
0.430862121992
-0.00324591000976
0.0
0.0
0.0
0.0
0.153726820861
-0.00328665775739
0.104378222163
-0.00379257257791
0.0
0.0
0.170887543247
0.0
-0.00418690894486
0.145346734453
0.623435977682
0.145765961497
0.173475835116
0.177327737356
0.113826938745
0.165377703198
0.145112812881
0.287106336938
0.0
0.18165078469

Topic 7
Mean 0.159312843795
Median 0.163180165922
Sum 20.5205183736
0.0
0.0310600944979
0.0
0.0
0.0
0.0
0.0
0.0
0.0
0.0
0.0363316224693
0.0
0.0380007935112
0.0
0.0
0.171986083538
0.0
-0.0037977535928
0.0
0.0
-0.00444706454161
0.258244870604
0.0
0.0261507753407
0.0
0.0
0.029789953763
0.272828502664
0.0
0.0
0.0
0.0
0.0
0.0
0.0
0.0
0.0
0.0
0.0
0.0
0.0
0.0
0.0
0.0
0.0
0.21179678927
0.0
0.0290654611808
0.0
0.0
0.033631899122
0.165606651948
0.192552342943
0.0
0.0
0.0
0.0
0.0
0.0
0.0
0.0
0.0
0.0
0.0
0.0
0.0
0.0365061461389
0.0
0.0381917638582
0.0
0.0
0.552186009308
-0.0044685849529
0.0299071865106
0.0
0.0
0.0337813961441
0.0
0.275122666032
0.0
0.0291809161656
0.0
0.0
0.189530919555
0.165965319164
0.301568708717
0.0
0.0
0.204688250565
0.0
0.190374671715
0.0372206432933
0.0
0.038974473372
0.0
0.0
0.268126641347
-0.00455670508536
0.0303850302191
0.0
0.0
0.0343923237577
0.0
0.269818395236
0.349524201315
0.257219328966
0.0
0.0279061992989
0.0
0.0
0.0320894280962
0.155106159093
0.246960747833
0.0
0.0
0.191813217371
0.0
0.032225498973
0.249113525713
0.0327809838958
0.0
0.0
0.0
0.0
0.0
0.0
0.0
0.0
0.0
0.0
0.0
0.0
0.0
0.0
0.0
0.0
0.285619459451
0.0
0.0314964561998
0.0
0.0
0.194367373206
0.172335936361
0.271659968008
0.0
0.0
0.400525654462
0.0
0.195254837376
0.277979780412
0.198883727331
0.270579184411
0.0
0.0
0.0
0.0
0.0
0.0
0.0
0.0
0.0
0.0
0.0
0.0
0.0
0.0
0.0
0.0
0.0
0.0
0.0
0.213537294114
0.0
0.0344640912295
0.0
0.0
0.0410773986956
0.166975596452
0.19398984986
0.0
0.0
0.40517499156
0.0
0.0413006341697
0.206313434618
0.0422174872357
0.193239668651
0.0
0.403687456019
0.0
0.0349615787077
0.0
0.0365045632509
0.0
0.0
0.24764148817
0.0
0.0288625618233
0.0
0.0
0.0324546014544
0.0
0.249083918197
0.229564980079
0.319888984499
0.0310159201616
0.0
0.187385994297
0.0
0.0393346420508
0.0336449764606
0.0
0.0350715650939
0.0
0.0
0.498234269931
-0.00411516682809
0.0279593184484
0.0
0.0
0.0313169756791
0.0
0.50099932222
0.176467067042
0.242708039327
0.0299753016199
0.0
0.180652409716
0.0
0.0376758878861
0.22580033711
0.0
0.0
0.0
0.0
0.0
0.0
0.0
0.0
0.0
0.0
0.0
0.0
0.0
0.0
0.0
0.0
0.0
0.0
0.0
0.0
0.0
0.0
0.0
0.0
0.0
0.0
0.0
0.0
0.0
0.0
0.0
0.0
0.0
0.0
0.0
0.0
0.0
0.0
0.0
0.386547745699
0.0
0.0
0.0
0.0
0.0
0.0
0.0
0.0
0.0
0.0
0.0
0.0
0.0
0.0
0.0
0.0
0.0
0.0
0.0
0.0
0.0
0.0
0.0
0.0
0.0
0.0
0.0
0.0
0.0
0.0407613594333
0.0
0.042874206888
0.0
0.0
0.0536117534739
-0.00499376520131
0.0327041381285
0.0
0.0
0.272139568942
0.0
0.0539926422264
0.0375850008491
0.0555703566865
0.0354965928342
0.0
0.0415161879361
0.0
0.0468316206066
0.0506810988121
0.0479604493246
0.0
0.0
0.0
0.1498417999
0.0
0.0270584965471
0.0
0.0
0.17428890164
0.432450446027
0.242508752208
0.0
0.0
0.144976154473
0.0
0.175002146696
0.251601077727
0.320831308762
0.136864838347
0.0
0.15010729163
0.0
0.146024191066
0.211728959775
0.163180165922
0.0
0.0
0.0
0.0341362700453
0.0
0.0
0.0
0.0
0.0
0.0
0.0
0.0
0.0
0.0
0.0
0.0
0.0
0.0
0.0
0.0
0.0
0.0
0.0
0.0
0.0
0.0
0.0
0.0
0.0
0.0
0.0
0.0
0.0
0.0
0.0
0.0
0.0
0.0
0.0
0.0
0.0
0.0
0.0
0.0
0.0
0.0
0.0
0.0
0.0
0.0
0.0
0.0
0.0
0.0
0.0
0.0
0.0
0.0
0.0
0.0364319501237
0.0
0.0381105654933
0.0
0.0
0.55075774939
-0.00445943569942
0.0298573716055
0.0
0.0
0.0337178528565
0.0
0.703827530846
0.190016035865
0.269098553211
0.0321676692091
0.0
0.194877597148
0.0
0.0412056948453
0.248470333512
0.499823301779
0.0
0.0
0.0
0.0538305003584
0.174699045125
0.0
0.0

