Topic 4
Mean 0.546027541142
Median 0.60227023346
Sum 3.27616524685
0.435762678023
0.768777788897
0.251842899157
0.768777788897
0.0510040918789
1.0
0.0
0.0
0.0
0.0

Topic 2
Mean 0.489800217822
Median 0.478678957978
Sum 2.93880130693
0.0
0.120855524797
0.0
1.0
0.0
0.311331820422
0.535692531768
0.0
0.421665384187
0.549256045761

Topic 5
Mean 0.485461122026
Median 0.435762678023
Sum 1.45638336608
0.0
0.251842899157
0.0
0.435762678023
0.0
0.768777788897
0.0
0.0
0.0
0.0

Topic 8
Mean 0.469225769414
Median 0.425652531613
Sum 2.81535461648
0.0
0.12450866757
0.0
0.502484281755
0.0
0.33705660393
1.0
0.0
0.348820781471
0.502484281755

Topic 1
Mean 0.485127308207
Median 0.392555359921
Sum 2.91076384924
0.0
0.0
0.395203005315
0.0
0.918627010759
0.323400097317
0.0
0.389907714526
0.564126551669
0.319499469657

Topic 0
Mean 0.290854342572
Median 0.320627551526
Sum 2.61243014605
0.291052378761
0.043669745965
-0.00525893709691
0.320627551526
0.348714497054
0.049343625555
0.53253609241
0.257056680335
0.379485506223
0.395203005315

Topic 3
Mean 0.176455329252
Median 0.184734455775
Sum 1.05873197551
0.0
0.179647517686
0.0
0.378170790704
0.0
0.189821393864
0.24245831974
0.0
0.0337600585735
0.0348738949467

Topic 6
Mean 0.0687027966113
Median 0.0424529327722
Sum 0.687027966113
0.0506810988121
0.0555703566865
0.319888984499
5.17735844114e-301
5.17735844114e-301
5.17735844114e-301
0.0445508199293
0.0377129866425
0.040355045615
0.138268673929

Topic 9
Mean 0.132556033178
Median 0.0374615808076
Sum 0.397668099535
0.0
0.0
0.0319406284892
0.0
0.0
0.0
0.0
0.328265890238
0.0374615808076
0.0

Topic 7
Mean 0.0310600944979
Median 0.0310600944979
Sum 0.0310600944979
0.0
0.0310600944979
0.0
0.0
0.0
0.0
0.0
0.0
0.0
0.0

