Topic 1
Mean 0.43192268033
Median 0.428571428571
Sum 9.07037628694
0.0
0.0
0.526315789474
0.0
0.428571428571
0.210526315789
0.0
0.6
0.190476190476
0.222222222222
0.0
0.0
0.0
0.0
0.0
0.0
0.363636363636
0.3
0.125
0.4
0.0
0.0
0.0
0.0
0.0
0.0
0.0
0.0
0.0
0.833333333333
0.235294117647
0.428571428571
0.8
0.0
0.142857142857
0.0
0.0
0.625
0.631578947368
0.461538461538
0.5
0.0
0.5
0.0
0.545454545455

Topic 9
Mean 0.425003593942
Median 0.4
Sum 11.9001006304
0.285714285714
0.0
0.0
0.666666666667
0.210526315789
0.0
0.8
0.4
0.0
0.888888888889
0.285714285714
0.5
0.0
0.166666666667
0.4
0.4
0.4
0.0
0.3
0.333333333333
0.4
0.4
0.5
0.0
0.333333333333
0.4
0.5
0.4
0.571428571429
0.5
0.0
0.266666666667
0.727272727273
0.222222222222
0.375
0.266666666667
0.0
0.0
0.0
0.0
0.0
0.0
0.0
0.0
0.0

Topic 5
Mean 0.42485847854
Median 0.4
Sum 11.8960373991
0.0
0.0
0.5
0.0
0.428571428571
0.285714285714
0.0
0.266666666667
0.666666666667
0.235294117647
0.0
0.947368421053
0.615384615385
0.4
0.5
0.0
0.0
0.0
0.0
0.0
0.0
0.0
0.5
0.666666666667
0.363636363636
0.5
0.666666666667
0.0
0.0
0.285714285714
0.352941176471
0.125
0.117647058824
0.4
0.0
0.307692307692
0.0
0.571428571429
0.285714285714
0.375
0.235294117647
0.533333333333
0.0
0.363636363636
0.4

Topic 2
Mean 0.440533105239
Median 0.4
Sum 15.8591917886
0.5
0.307692307692
0.666666666667
0.4
0.875
0.266666666667
0.4
0.363636363636
0.461538461538
0.285714285714
0.555555555556
0.363636363636
0.307692307692
0.285714285714
0.4
0.588235294118
0.285714285714
0.25
0.235294117647
0.266666666667
0.444444444444
0.333333333333
0.363636363636
0.823529411765
0.285714285714
0.533333333333
0.461538461538
0.266666666667
0.833333333333
0.571428571429
0.470588235294
0.4
0.5
0.823529411765
0.375
0.307692307692
0.0
0.0
0.0
0.0
0.0
0.0
0.0
0.0
0.0

Topic 0
Mean 0.421646518257
Median 0.376470588236
Sum 4.21646518256
0.0
0.0
0.0
0.0
0.0
0.0
0.0
0.352941176471
0.0
0.0
0.0
0.0
0.0
0.0
0.0
0.0
0.25
0.0
0.0
0.235294117647
0.0
0.0
0.0
0.0
0.0
0.0
0.0
0.0
0.0
0.705882352941
0.0
0.0
0.526315789474
0.0
0.333333333333
0.0
0.0
0.555555555556
0.0
0.0
0.285714285714
0.0
0.4
0.0
0.571428571429

Topic 7
Mean 0.400396237129
Median 0.369318181818
Sum 14.4142645366
0.666666666667
0.4
0.333333333333
0.0
0.0
0.0
0.333333333333
0.8
0.4
0.0
0.307692307692
0.571428571429
0.461538461538
0.0
0.533333333333
0.3
0.375
0.125
0.0
0.111111111111
0.117647058824
0.555555555556
0.588235294118
0.266666666667
0.0
0.235294117647
0.25
0.8
0.285714285714
0.4
0.285714285714
0.0
0.375
0.4
0.111111111111
0.235294117647
0.631578947368
0.631578947368
0.4
0.0
0.363636363636
0.823529411765
0.315789473684
0.315789473684
0.307692307692

Topic 4
Mean 0.401539286021
Median 0.369318181818
Sum 14.4554142967
0.285714285714
0.307692307692
0.4
0.333333333333
0.375
0.428571428571
0.2
0.166666666667
0.461538461538
0.4
0.533333333333
0.235294117647
0.375
0.272727272727
0.352941176471
0.545454545455
0.307692307692
0.947368421053
0.461538461538
0.363636363636
0.285714285714
0.0
0.0
0.0
0.0
0.0
0.0
0.0
0.833333333333
0.307692307692
0.333333333333
0.363636363636
0.166666666667
0.285714285714
0.6
0.0
0.5
0.285714285714
0.588235294118
0.4
0.4
0.4
0.588235294118
0.0
0.363636363636

Topic 8
Mean 0.406027890047
Median 0.363636363636
Sum 18.2712550521
0.133333333333
0.235294117647
0.352941176471
0.285714285714
0.153846153846
0.454545454545
0.428571428571
0.2
0.533333333333
0.5
0.285714285714
0.333333333333
0.266666666667
0.555555555556
0.333333333333
0.142857142857
0.5
0.333333333333
0.166666666667
0.166666666667
0.4
0.333333333333
0.4
0.888888888889
0.923076923077
0.571428571429
0.4
0.375
0.875
0.444444444444
0.285714285714
0.333333333333
0.428571428571
0.333333333333
0.545454545455
0.6
0.111111111111
0.4
0.8
0.125
0.125
0.125
0.363636363636
0.888888888889
0.833333333333

Topic 6
Mean 0.368620781646
Median 0.333333333333
Sum 10.3213818861
0.142857142857
0.0
0.0
0.714285714286
0.4
0.0
0.428571428571
0.125
0.0
0.285714285714
0.0
0.0
0.0
0.0
0.0
0.266666666667
0.3
0.0
0.555555555556
0.235294117647
0.0
0.333333333333
0.142857142857
0.0
0.4
0.285714285714
0.0
0.266666666667
0.571428571429
0.571428571429
0.0
0.666666666667
0.285714285714
0.0
0.666666666667
0.333333333333
0.444444444444
0.4
0.0
0.375
0.235294117647
0.0
0.222222222222
0.4
0.266666666667

Topic 3
Mean 0.380808920305
Median 0.333333333333
Sum 7.9969873264
0.0
0.0
0.0
0.0
0.0
0.0
0.0
0.5
0.0
0.0
0.0
0.285714285714
0.0
0.0
0.428571428571
0.0
0.666666666667
0.0
0.0
0.266666666667
0.235294117647
0.0
0.285714285714
0.0
0.0
0.4
0.181818181818
0.166666666667
0.0
0.769230769231
0.0
0.0
0.333333333333
0.285714285714
0.533333333333
0.222222222222
0.0
0.444444444444
0.0
0.0
0.705882352941
0.285714285714
0.266666666667
0.4
0.333333333333

