Topic 9
Mean 0.563020118466
Median 0.571428571429
Sum 25.335905331
0.705882352941
0.615384615385
0.857142857143
0.823529411765
0.625
0.8
0.736842105263
0.857142857143
0.705882352941
0.75
0.461538461538
0.8
0.588235294118
0.625
0.625
0.5
0.421052631579
0.444444444444
0.5
0.470588235294
0.153846153846
0.352941176471
0.3
0.375
0.533333333333
0.333333333333
0.117647058824
0.333333333333
0.705882352941
0.7
0.705882352941
1.0
0.75
0.75
0.363636363636
0.260869565217
0.666666666667
0.571428571429
0.615384615385
0.571428571429
0.444444444444
0.428571428571
0.545454545455
0.272727272727
0.571428571429

Topic 5
Mean 0.539076154584
Median 0.555555555556
Sum 17.7895131013
0.2
0.181818181818
0.4
0.2
0.5
0.4
0.0
0.0
0.0
0.0
0.588235294118
0.0
0.0
0.0
0.0
0.615384615385
0.5
0.4
0.5
0.0
0.666666666667
0.555555555556
0.333333333333
0.6
0.333333333333
0.0
0.727272727273
0.75
0.588235294118
0.5
0.7
0.5
0.0
0.714285714286
0.8
0.666666666667
0.555555555556
0.5
0.4
0.5
0.0
0.727272727273
0.75
0.769230769231
0.666666666667

Topic 7
Mean 0.539250497238
Median 0.533333333333
Sum 24.2662723757
0.666666666667
0.615384615385
0.5
0.769230769231
0.714285714286
0.75
0.571428571429
0.5
0.428571428571
0.428571428571
0.181818181818
0.285714285714
0.631578947368
0.222222222222
0.181818181818
0.545454545455
0.461538461538
0.545454545455
0.545454545455
0.461538461538
0.5
0.75
0.533333333333
0.6
0.75
0.533333333333
0.285714285714
0.5
0.727272727273
0.4
0.714285714286
0.461538461538
0.4
0.631578947368
0.5
0.428571428571
0.8
0.666666666667
0.526315789474
0.769230769231
0.4
0.470588235294
0.666666666667
0.8
0.444444444444

Topic 6
Mean 0.488898046477
Median 0.5
Sum 22.0004120915
0.545454545455
0.571428571429
0.5
0.470588235294
0.571428571429
0.666666666667
0.615384615385
0.4
0.4
0.266666666667
0.470588235294
0.444444444444
0.555555555556
0.47619047619
0.333333333333
0.857142857143
0.666666666667
0.571428571429
0.470588235294
0.6
0.5
0.666666666667
0.25
0.333333333333
0.266666666667
0.545454545455
0.266666666667
0.444444444444
0.333333333333
0.5
0.857142857143
0.181818181818
0.4
0.4
0.5
0.25
0.6
0.5
0.4
0.521739130435
0.823529411765
0.333333333333
0.545454545455
0.727272727273
0.4

Topic 8
Mean 0.460614360986
Median 0.470588235294
Sum 20.7276462444
0.363636363636
0.4
0.8
0.5
0.4
0.857142857143
0.125
0.133333333333
0.533333333333
0.125
0.4
0.909090909091
0.75
0.5
0.25
0.25
0.705882352941
0.666666666667
0.25
0.315789473684
0.555555555556
0.285714285714
0.533333333333
0.5
0.285714285714
0.153846153846
0.533333333333
0.444444444444
0.545454545455
0.8
0.75
0.545454545455
0.352941176471
0.714285714286
0.666666666667
0.571428571429
0.181818181818
0.166666666667
0.545454545455
0.181818181818
0.352941176471
0.307692307692
0.470588235294
0.333333333333
0.714285714286

Topic 4
Mean 0.476607075777
Median 0.470588235294
Sum 18.1110688795
0.545454545455
0.285714285714
0.363636363636
0.428571428571
0.545454545455
0.333333333333
0.0
0.0
0.0
0.0
0.333333333333
0.444444444444
0.5
0.727272727273
0.4
0.153846153846
0.375
0.153846153846
0.470588235294
0.0
0.470588235294
0.307692307692
0.923076923077
0.307692307692
0.5
0.0
0.88
0.166666666667
0.461538461538
0.6
0.375
0.545454545455
0.0
0.6
0.307692307692
0.363636363636
0.571428571429
0.666666666667
0.571428571429
0.888888888889
0.5
0.588235294118
0.5
0.526315789474
0.428571428571

Topic 3
Mean 0.430848684298
Median 0.428571428571
Sum 18.0956447405
0.461538461538
0.588235294118
0.461538461538
0.285714285714
0.4
0.428571428571
0.142857142857
0.470588235294
0.4
0.222222222222
0.285714285714
0.736842105263
0.4
0.428571428571
0.380952380952
0.0
0.0
0.5
0.4
0.666666666667
0.333333333333
0.461538461538
0.666666666667
0.5
0.333333333333
0.666666666667
0.444444444444
0.4
0.588235294118
0.363636363636
0.555555555556
0.428571428571
0.166666666667
0.571428571429
0.0
0.8
0.2
0.222222222222
0.5
0.4
0.25
0.333333333333
0.5
0.5
0.25

Topic 2
Mean 0.456268683105
Median 0.428571428571
Sum 15.0568665425
0.631578947368
0.5
0.444444444444
0.0
0.0
0.5
0.352941176471
0.375
0.428571428571
0.0
0.333333333333
0.133333333333
0.631578947368
0.0
0.117647058824
0.571428571429
0.909090909091
0.631578947368
0.4
0.4
0.315789473684
0.6
0.631578947368
0.444444444444
0.333333333333
0.352941176471
0.526315789474
0.571428571429
0.0
0.0
0.5
0.0
0.0
0.0
0.0
0.0
0.4
0.4
0.555555555556
0.4
0.4
0.375
0.526315789474
0.363636363636
0.0

Topic 0
Mean 0.453779486481
Median 0.4
Sum 16.3360615133
0.375
0.222222222222
0.181818181818
0.736842105263
0.875
0.4
0.444444444444
0.363636363636
0.4
0.666666666667
0.769230769231
0.588235294118
0.5
0.705882352941
0.4
0.588235294118
0.285714285714
0.727272727273
0.625
0.444444444444
0.555555555556
0.2
0.166666666667
0.4
0.333333333333
0.285714285714
0.4
0.333333333333
0.615384615385
0.375
0.4
0.333333333333
0.4
0.571428571429
0.333333333333
0.333333333333
0.0
0.0
0.0
0.0
0.0
0.0
0.0
0.0
0.0

Topic 1
Mean 0.399646961913
Median 0.315789473684
Sum 9.99117404783
0.133333333333
0.105263157895
0.285714285714
0.315789473684
0.461538461538
0.333333333333
0.315789473684
0.714285714286
0.4
0.545454545455
0.0
0.0
0.0
0.0
0.0
0.125
1.0
0.266666666667
0.5
0.857142857143
0.0
0.125
0.588235294118
0.235294117647
0.428571428571
0.75
0.0
0.533333333333
0.0
0.0
0.2
0.0
0.0
0.0
0.0
0.285714285714
0.0
0.0
0.2
0.0
0.0
0.0
0.0
0.285714285714
0.0

