Topic 0
Mean 0.473459124228
Median 0.461538461538
Sum 36.4563525656
0.0
0.0
0.0
0.0
0.0
0.0
0.0
0.352941176471
0.0
0.0
0.0
0.0
0.0
0.0
0.0
0.0
0.25
0.0
0.0
0.235294117647
0.0
0.0
0.0
0.0
0.0
0.0
0.0
0.0
0.0
0.705882352941
0.0
0.0
0.526315789474
0.0
0.333333333333
0.0
0.0
0.555555555556
0.0
0.0
0.285714285714
0.0
0.4
0.0
0.571428571429
0.0
0.375
0.0
0.0
0.235294117647
0.0
0.333333333333
0.0
0.5
0.333333333333
0.0
1.0
0.0
0.0
0.222222222222
0.0
0.307692307692
0.0
0.705882352941
0.615384615385
0.375
0.0
0.25
0.0
0.0
0.47619047619
0.0
0.333333333333
0.0
0.555555555556
0.714285714286
0.333333333333
0.461538461538
0.0
0.5
0.0
0.0
0.153846153846
0.0
0.222222222222
0.0
0.222222222222
0.5
0.333333333333
0.4
0.222222222222
0.0
0.210526315789
0.0
0.0
0.2
0.0
0.533333333333
0.0
0.266666666667
0.266666666667
0.266666666667
0.25
0.266666666667
0.0
0.0
0.0
0.0
0.0
0.0
0.0
0.0
0.0
0.0
0.0
0.0
0.0
0.0
0.0
0.0
0.0
0.0
0.0
0.0
0.0
0.0
0.0
0.0
0.0
0.0
0.0
0.0
0.0
0.0
0.0
0.0
0.0
0.636363636364
0.0
0.0
0.631578947368
0.0
0.333333333333
0.0
0.769230769231
0.6
0.5
0.625
0.555555555556
0.4
0.266666666667
0.0
0.0
0.0
0.823529411765
0.0
0.0
0.25
0.0
0.545454545455
0.0
0.857142857143
0.615384615385
0.461538461538
1.0
0.461538461538
0.666666666667
0.285714285714
0.0
0.0
0.769230769231
0.0
0.8
0.0
0.0
0.6
0.0
0.545454545455
0.0
0.714285714286
0.666666666667
0.363636363636
0.5
0.727272727273
0.5
0.285714285714
0.0
0.0
0.941176470588
0.6

Topic 2
Mean 0.461648141628
Median 0.4
Sum 72.9404063772
0.5
0.307692307692
0.666666666667
0.4
0.875
0.266666666667
0.4
0.363636363636
0.461538461538
0.285714285714
0.555555555556
0.363636363636
0.307692307692
0.285714285714
0.4
0.588235294118
0.285714285714
0.25
0.235294117647
0.266666666667
0.444444444444
0.333333333333
0.363636363636
0.823529411765
0.285714285714
0.533333333333
0.461538461538
0.266666666667
0.833333333333
0.571428571429
0.470588235294
0.4
0.5
0.823529411765
0.375
0.307692307692
0.0
0.0
0.0
0.0
0.0
0.0
0.0
0.0
0.0
0.666666666667
0.363636363636
0.307692307692
0.285714285714
0.4
0.714285714286
0.555555555556
0.333333333333
0.625
0.4
0.714285714286
0.842105263158
0.615384615385
0.4
0.5
0.666666666667
0.571428571429
0.363636363636
0.588235294118
0.5
0.8
0.545454545455
0.545454545455
0.307692307692
0.428571428571
0.333333333333
0.615384615385
0.625
0.333333333333
0.615384615385
0.0
0.4
0.5
0.444444444444
0.333333333333
0.266666666667
0.25
0.4
0.428571428571
0.315789473684
0.285714285714
0.4
0.4
0.4
0.4
0.6
0.714285714286
0.5
0.4
0.4
0.307692307692
0.777777777778
0.315789473684
0.461538461538
0.8
0.5
0.705882352941
0.857142857143
0.5
0.5
0.333333333333
0.363636363636
0.461538461538
0.285714285714
0.5
0.333333333333
0.266666666667
0.461538461538
0.307692307692
0.0
0.333333333333
0.363636363636
0.333333333333
0.285714285714
0.307692307692
0.363636363636
0.4
0.5
0.307692307692
0.545454545455
0.363636363636
0.285714285714
0.5
0.333333333333
0.0
0.363636363636
0.4
0.363636363636
0.307692307692
0.333333333333
0.833333333333
0.0
0.0
0.0
0.0
0.0
0.0
0.0
0.0
0.0
0.0
0.0
0.0
0.0
0.0
0.0
0.0
0.0
0.705882352941
0.727272727273
0.571428571429
0.333333333333
0.363636363636
0.5
0.352941176471
0.363636363636
0.615384615385
0.333333333333
0.705882352941
0.571428571429
0.5
0.571428571429
0.8
0.363636363636
0.4
0.0
0.571428571429
0.363636363636
0.461538461538
0.285714285714
0.5
0.333333333333
0.533333333333
0.461538461538
0.307692307692
0.0
0.533333333333
0.727272727273
0.333333333333
0.285714285714
0.307692307692
0.833333333333
0.833333333333
0.0
0.363636363636

Topic 5
Mean 0.456165263011
Median 0.421052631579
Sum 56.1083273504
0.0
0.0
0.5
0.0
0.428571428571
0.285714285714
0.0
0.266666666667
0.666666666667
0.235294117647
0.0
0.947368421053
0.615384615385
0.4
0.5
0.0
0.0
0.0
0.0
0.0
0.0
0.0
0.5
0.666666666667
0.363636363636
0.5
0.666666666667
0.0
0.0
0.285714285714
0.352941176471
0.125
0.117647058824
0.4
0.0
0.307692307692
0.0
0.571428571429
0.285714285714
0.375
0.235294117647
0.533333333333
0.0
0.363636363636
0.4
0.0
0.875
0.444444444444
0.307692307692
0.285714285714
0.75
0.0
0.5
0.5
0.571428571429
0.0
0.4
0.285714285714
0.181818181818
0.166666666667
0.8
0.0
0.333333333333
0.0
0.4
0.5
0.0
0.923076923077
0.4
0.4
0.266666666667
0.761904761905
0.0
0.444444444444
0.4
0.533333333333
0.545454545455
0.4
0.0
0.0
0.0
0.0
0.0
0.0
0.0
0.0
0.0
0.4
0.5
0.0
0.4
0.0
0.0
0.0
0.0
0.0
0.0
0.0
0.0
0.0
0.0
0.0
0.0
0.0
0.0
0.0
0.666666666667
0.333333333333
0.428571428571
0.266666666667
0.615384615385
0.0
0.444444444444
0.142857142857
0.857142857143
0.714285714286
0.222222222222
0.615384615385
0.0
0.0
0.0
0.888888888889
0.705882352941
0.428571428571
0.526315789474
0.941176470588
0.0
0.461538461538
0.352941176471
0.714285714286
0.615384615385
0.222222222222
0.769230769231
0.0
0.0
0.833333333333
0.0
0.526315789474
0.5
0.222222222222
0.210526315789
0.4
0.0
0.5
0.111111111111
0.333333333333
0.555555555556
0.4
0.333333333333
0.0
0.0
0.555555555556
0.416666666667
0.0
0.347826086957
0.6
0.133333333333
0.125
0.545454545455
0.0
0.333333333333
0.352941176471
0.166666666667
0.181818181818
0.181818181818
0.4
0.0
0.0
0.153846153846
0.421052631579
0.166666666667
0.0
0.666666666667
0.833333333333
0.315789473684
0.666666666667
0.8
0.0
0.666666666667
0.25
0.526315789474
0.8
0.25
0.444444444444
0.25
0.0
0.666666666667
0.777777777778
0.526315789474
0.153846153846

Topic 4
Mean 0.443108464719
Median 0.4
Sum 75.771547467
0.285714285714
0.307692307692
0.4
0.333333333333
0.375
0.428571428571
0.2
0.166666666667
0.461538461538
0.4
0.533333333333
0.235294117647
0.375
0.272727272727
0.352941176471
0.545454545455
0.307692307692
0.947368421053
0.461538461538
0.363636363636
0.285714285714
0.0
0.0
0.0
0.0
0.0
0.0
0.0
0.833333333333
0.307692307692
0.333333333333
0.363636363636
0.166666666667
0.285714285714
0.6
0.0
0.5
0.285714285714
0.588235294118
0.4
0.4
0.4
0.588235294118
0.0
0.363636363636
0.363636363636
0.307692307692
0.461538461538
0.75
0.857142857143
0.352941176471
0.4
0.0
0.4
0.4
0.428571428571
0.25
0.266666666667
0.285714285714
0.133333333333
0.235294117647
0.461538461538
0.0
0.461538461538
0.285714285714
0.307692307692
0.714285714286
0.25
0.266666666667
0.285714285714
0.133333333333
0.235294117647
0.461538461538
0.0
0.857142857143
0.285714285714
0.307692307692
0.375
0.461538461538
0.4
0.842105263158
0.615384615385
0.714285714286
0.352941176471
0.857142857143
0.0
0.5
0.555555555556
0.714285714286
0.533333333333
0.4
0.769230769231
0.307692307692
0.875
0.428571428571
0.461538461538
0.375
0.8
0.0
0.769230769231
0.666666666667
0.461538461538
0.4
0.666666666667
0.8
0.615384615385
0.266666666667
0.588235294118
0.307692307692
0.142857142857
0.875
0.588235294118
0.0
0.333333333333
0.625
0.555555555556
0.266666666667
0.266666666667
0.555555555556
0.666666666667
0.545454545455
0.307692307692
0.666666666667
0.461538461538
0.714285714286
0.352941176471
0.8
0.0
0.6
0.8
0.714285714286
0.461538461538
0.461538461538
0.75
0.727272727273
0.714285714286
0.285714285714
0.25
0.4
0.571428571429
0.333333333333
0.235294117647
0.4
0.0
0.307692307692
0.4
0.470588235294
0.25
0.25
0.533333333333
0.4
0.266666666667
0.307692307692
0.5
0.285714285714
0.5
0.4
0.153846153846
0.266666666667
0.727272727273
0.0
0.545454545455
0.333333333333
0.363636363636
0.5
0.428571428571
0.8
0.5
0.307692307692
0.727272727273
0.4
0.166666666667
0.142857142857
0.428571428571
0.545454545455
0.5
0.333333333333
0.4
0.0
0.181818181818
0.235294117647
0.631578947368
0.142857142857
0.142857142857
0.631578947368
0.428571428571
0.153846153846
0.5
0.142857142857
0.166666666667

Topic 8
Mean 0.434343821727
Median 0.380952380952
Sum 74.2727935153
0.133333333333
0.235294117647
0.352941176471
0.285714285714
0.153846153846
0.454545454545
0.428571428571
0.2
0.533333333333
0.5
0.285714285714
0.333333333333
0.266666666667
0.555555555556
0.333333333333
0.142857142857
0.5
0.333333333333
0.166666666667
0.166666666667
0.4
0.333333333333
0.4
0.888888888889
0.923076923077
0.571428571429
0.4
0.375
0.875
0.444444444444
0.285714285714
0.333333333333
0.428571428571
0.333333333333
0.545454545455
0.6
0.111111111111
0.4
0.8
0.125
0.125
0.125
0.363636363636
0.888888888889
0.833333333333
0.307692307692
0.588235294118
0.952380952381
0.571428571429
0.666666666667
0.714285714286
0.421052631579
0.888888888889
0.545454545455
0.761904761905
0.266666666667
0.4
0.260869565217
0.315789473684
0.307692307692
0.444444444444
0.545454545455
0.545454545455
0.933333333333
0.769230769231
0.5
0.0
0.0
0.0
0.0
0.0
0.0
0.0
0.0
0.0
0.0
0.0
0.0
0.285714285714
0.153846153846
0.266666666667
0.588235294118
0.333333333333
0.8
0.166666666667
0.727272727273
0.461538461538
0.125
0.666666666667
0.428571428571
0.0
0.25
0.166666666667
0.235294117647
0.285714285714
0.285714285714
0.285714285714
0.142857142857
0.333333333333
0.375
0.111111111111
0.307692307692
0.3
0.0
0.428571428571
0.307692307692
0.461538461538
0.888888888889
0.727272727273
0.571428571429
0.363636363636
0.428571428571
1.0
0.363636363636
0.888888888889
0.875
0.333333333333
0.0
0.363636363636
0.307692307692
0.235294117647
0.4
0.777777777778
0.818181818182
0.533333333333
0.4
0.375
0.875
0.315789473684
0.777777777778
0.736842105263
0.363636363636
0.0
0.380952380952
0.235294117647
0.875
0.285714285714
0.5
0.588235294118
0.333333333333
0.333333333333
0.333333333333
0.461538461538
0.666666666667
0.428571428571
0.588235294118
0.555555555556
0.333333333333
0.0
0.5
0.428571428571
0.857142857143
0.666666666667
0.461538461538
0.166666666667
0.285714285714
0.363636363636
0.833333333333
0.363636363636
0.181818181818
0.444444444444
0.461538461538
0.133333333333
0.4
0.333333333333
0.0
0.363636363636
0.307692307692
0.4
0.285714285714
0.363636363636
0.133333333333
0.470588235294
0.315789473684
0.153846153846
0.153846153846
0.153846153846
0.631578947368
0.352941176471
0.521739130435
0.347826086957
0.4
0.521739130435
0.0
0.153846153846
0.133333333333
0.4
0.352941176471
0.428571428571
0.166666666667

Topic 1
Mean 0.430017825906
Median 0.4
Sum 51.6021391088
0.0
0.0
0.526315789474
0.0
0.428571428571
0.210526315789
0.0
0.6
0.190476190476
0.222222222222
0.0
0.0
0.0
0.0
0.0
0.0
0.363636363636
0.3
0.125
0.4
0.0
0.0
0.0
0.0
0.0
0.0
0.0
0.0
0.0
0.833333333333
0.235294117647
0.428571428571
0.8
0.0
0.142857142857
0.0
0.0
0.625
0.631578947368
0.461538461538
0.5
0.0
0.5
0.0
0.545454545455
0.0
0.666666666667
0.705882352941
0.875
0.333333333333
0.0
0.4
0.0
0.428571428571
0.727272727273
0.0
0.434782608696
0.272727272727
0.1
0.0909090909091
0.0
0.347826086957
0.0
0.111111111111
0.6
0.315789473684
0.0
0.333333333333
0.222222222222
0.266666666667
0.235294117647
0.0
0.133333333333
0.0
0.307692307692
0.533333333333
0.307692307692
0.105263157895
0.0
0.285714285714
0.2
0.235294117647
0.210526315789
0.0
0.117647058824
0.0
0.266666666667
0.571428571429
0.4
0.0952380952381
0.25
0.0
0.0
0.0
0.0
0.0
0.0
0.0
0.0
0.0
0.0
0.0
0.0
0.0
0.0
0.0
0.7
0.352941176471
0.285714285714
0.571428571429
0.0
0.521739130435
0.0
0.869565217391
0.8
0.5
0.5
0.5
0.5
0.0
0.0
0.4
0.315789473684
0.285714285714
0.5
0.0
0.571428571429
0.0
0.333333333333
0.909090909091
0.5
0.363636363636
0.571428571429
0.666666666667
0.0
0.615384615385
0.0
0.625
0.631578947368
0.285714285714
0.75
0.0
0.333333333333
0.0
0.588235294118
0.75
0.625
0.4
0.4
0.266666666667
0.0
0.947368421053
0.5
0.0
0.666666666667
0.555555555556
0.266666666667
0.666666666667
0.0
0.5
0.0
0.307692307692
0.666666666667
0.666666666667
0.5
0.5
0.25
0.0
0.5
0.444444444444
0.666666666667
0.0
0.333333333333
0.133333333333
0.153846153846
0.666666666667
0.0
0.333333333333
0.0
0.181818181818
0.5
0.363636363636
0.333333333333
0.333333333333
0.142857142857
0.0
0.333333333333
0.222222222222
0.285714285714
0.333333333333

Topic 6
Mean 0.429797838956
Median 0.4
Sum 65.7590693603
0.142857142857
0.0
0.0
0.714285714286
0.4
0.0
0.428571428571
0.125
0.0
0.285714285714
0.0
0.0
0.0
0.0
0.0
0.266666666667
0.3
0.0
0.555555555556
0.235294117647
0.0
0.333333333333
0.142857142857
0.0
0.4
0.285714285714
0.0
0.266666666667
0.571428571429
0.571428571429
0.0
0.666666666667
0.285714285714
0.0
0.666666666667
0.333333333333
0.444444444444
0.4
0.0
0.375
0.235294117647
0.0
0.222222222222
0.4
0.266666666667
0.571428571429
0.4
0.0
0.526315789474
0.428571428571
0.0
0.526315789474
0.333333333333
0.705882352941
0.272727272727
0.555555555556
0.421052631579
0.0
0.666666666667
0.4
0.0
0.588235294118
0.4
0.8
0.333333333333
0.769230769231
0.2
0.4
0.0
0.333333333333
0.166666666667
0.0
0.25
0.4
0.307692307692
0.333333333333
0.266666666667
0.571428571429
0.153846153846
0.571428571429
0.0
0.4
0.133333333333
0.0
0.315789473684
0.153846153846
0.6
0.125
0.421052631579
0.444444444444
0.307692307692
0.5
0.111111111111
0.0
0.6
0.222222222222
0.0
0.210526315789
0.5
0.285714285714
0.8
0.384615384615
0.416666666667
0.4
0.181818181818
0.666666666667
0.133333333333
0.0
0.666666666667
0.266666666667
0.0
0.875
0.307692307692
0.769230769231
0.444444444444
0.588235294118
0.666666666667
0.153846153846
0.142857142857
0.5
0.461538461538
0.571428571429
0.0
0.588235294118
0.307692307692
0.0
0.777777777778
0.727272727273
0.714285714286
0.285714285714
0.555555555556
0.96
0.444444444444
0.6
0.266666666667
0.666666666667
0.625
0.333333333333
0.0
0.625
0.235294117647
0.0
0.222222222222
0.333333333333
0.266666666667
0.333333333333
0.454545454545
0.5
0.285714285714
0.153846153846
0.454545454545
0.588235294118
0.285714285714
0.153846153846
0.571428571429
0.0
0.4
0.133333333333
0.0
0.315789473684
0.25
0.6
0.222222222222
0.421052631579
0.444444444444
0.307692307692
0.6
0.666666666667
0.142857142857
0.6
0.2
0.266666666667
1.0
0.0
0.555555555556
0.235294117647
0.0
0.555555555556
0.4
0.75
0.333333333333
0.526315789474
0.823529411765
1.0
0.545454545455
0.4
0.625
0.588235294118
0.285714285714
0.545454545455

Topic 9
Mean 0.428467798571
Median 0.4
Sum 54.843878217
0.285714285714
0.0
0.0
0.666666666667
0.210526315789
0.0
0.8
0.4
0.0
0.888888888889
0.285714285714
0.5
0.0
0.166666666667
0.4
0.4
0.4
0.0
0.3
0.333333333333
0.4
0.4
0.5
0.0
0.333333333333
0.4
0.5
0.4
0.571428571429
0.5
0.0
0.266666666667
0.727272727273
0.222222222222
0.375
0.266666666667
0.0
0.0
0.0
0.0
0.0
0.0
0.0
0.0
0.0
0.285714285714
0.5
0.0
0.166666666667
0.4
0.5
0.4
0.5
0.222222222222
0.0
0.421052631579
0.705882352941
0.0
0.315789473684
0.363636363636
0.4
0.526315789474
0.4
0.5
0.0
0.4
0.666666666667
0.210526315789
0.0
0.555555555556
0.588235294118
0.0
0.222222222222
0.333333333333
0.266666666667
0.0
0.166666666667
0.25
0.0
0.0
0.0
0.0
0.0
0.0
0.0
0.0
0.0
0.0
0.0
0.0
0.0
0.266666666667
0.8
0.0
0.222222222222
0.8
0.4
0.333333333333
0.4
0.444444444444
0.0
0.4
0.5
0.222222222222
0.0
0.6
0.521739130435
0.0
0.315789473684
0.352941176471
0.181818181818
0.4
0.210526315789
0.588235294118
0.0
0.0
0.421052631579
0.210526315789
0.0
0.315789473684
0.666666666667
0.666666666667
0.0
0.315789473684
0.888888888889
0.285714285714
0.526315789474
0.285714285714
0.769230769231
0.0
0.285714285714
0.555555555556
0.285714285714
0.0
0.4
0.666666666667
0.521739130435
0.1
0.0
0.272727272727
0.3
0.0
0.347826086957
0.105263157895
0.125
0.0
0.0
0.363636363636
0.105263157895
0.0
0.105263157895
0.96
0.363636363636
0.6
0.631578947368
0.0
0.461538461538
0.545454545455
0.285714285714
0.588235294118
0.615384615385
0.571428571429
0.0
0.0
0.923076923077
0.461538461538
0.0
0.533333333333
0.470588235294
0.75
0.4
0.25
0.4
0.0
0.153846153846
0.888888888889
0.4
0.333333333333
0.4
0.0
0.0
0.4
0.8
0.153846153846
0.0
0.571428571429
0.0
0.777777777778
0.133333333333
0.0

Topic 3
Mean 0.410785451236
Median 0.4
Sum 55.0452504656
0.0
0.0
0.0
0.0
0.0
0.0
0.0
0.5
0.0
0.0
0.0
0.285714285714
0.0
0.0
0.428571428571
0.0
0.666666666667
0.0
0.0
0.266666666667
0.235294117647
0.0
0.285714285714
0.0
0.0
0.4
0.181818181818
0.166666666667
0.0
0.769230769231
0.0
0.0
0.333333333333
0.285714285714
0.533333333333
0.222222222222
0.0
0.444444444444
0.0
0.0
0.705882352941
0.285714285714
0.266666666667
0.4
0.333333333333
0.0
0.923076923077
0.0
0.0
0.545454545455
0.461538461538
0.666666666667
0.0
0.666666666667
0.470588235294
0.0
0.428571428571
0.0
0.0
0.533333333333
0.285714285714
0.352941176471
0.4
0.428571428571
0.666666666667
0.444444444444
0.0
0.545454545455
0.0
0.0
0.533333333333
0.352941176471
0.235294117647
0.333333333333
0.428571428571
0.285714285714
0.5
0.285714285714
0.0
0.615384615385
0.0
0.0
0.555555555556
0.285714285714
0.266666666667
0.222222222222
0.333333333333
0.615384615385
0.363636363636
0.769230769231
0.285714285714
0.0
0.25
0.0
0.0
0.625
0.333333333333
0.210526315789
0.4
0.25
0.333333333333
0.4
0.333333333333
0.842105263158
0.25
0.0
0.285714285714
0.0
0.0
0.4
0.181818181818
0.166666666667
0.5
0.222222222222
0.4
0.285714285714
0.4
0.333333333333
0.222222222222
0.4
0.0
0.533333333333
0.0
0.0
0.444444444444
0.235294117647
0.222222222222
0.4
0.266666666667
0.470588235294
0.888888888889
0.4
0.470588235294
0.333333333333
0.333333333333
0.5
0.0
0.6
0.0
0.0
0.347826086957
0.133333333333
0.125
0.181818181818
0.153846153846
0.153846153846
0.571428571429
0.333333333333
0.545454545455
0.153846153846
0.117647058824
0.181818181818
0.533333333333
0.0
0.333333333333
0.0
0.0
0.666666666667
0.428571428571
0.266666666667
0.0
0.333333333333
0.666666666667
0.545454545455
0.571428571429
0.666666666667
0.588235294118
0.625
0.222222222222
0.533333333333
0.153846153846
0.0
0.285714285714
0.0
0.0
0.571428571429
0.222222222222
0.210526315789
0.8
0.25
0.47619047619
0.736842105263
0.4
0.333333333333
0.434782608696
1.0
0.5
0.8
0.181818181818
0.5

Topic 7
Mean 0.375593367899
Median 0.343137254902
Sum 51.0806980343
0.666666666667
0.4
0.333333333333
0.0
0.0
0.0
0.333333333333
0.8
0.4
0.0
0.307692307692
0.571428571429
0.461538461538
0.0
0.533333333333
0.3
0.375
0.125
0.0
0.111111111111
0.117647058824
0.555555555556
0.588235294118
0.266666666667
0.0
0.235294117647
0.25
0.8
0.285714285714
0.4
0.285714285714
0.0
0.375
0.4
0.111111111111
0.235294117647
0.631578947368
0.631578947368
0.4
0.0
0.363636363636
0.823529411765
0.315789473684
0.315789473684
0.307692307692
0.0
0.0
0.0
0.0
0.0
0.0
0.0
0.0
0.0
0.0
0.3
0.375
0.125
0.0
0.111111111111
0.117647058824
0.8
0.8
0.111111111111
0.315789473684
0.0
0.888888888889
0.75
0.5
0.0
0.4
0.307692307692
0.190476190476
0.4
0.285714285714
0.571428571429
0.0
0.190476190476
0.666666666667
0.588235294118
0.266666666667
0.0
0.235294117647
0.25
0.315789473684
0.555555555556
0.235294117647
0.421052631579
0.0
0.315789473684
0.4
0.363636363636
0.5
0.5
0.0
0.588235294118
0.5
0.133333333333
0.285714285714
0.875
0.6
0.0
0.142857142857
0.4
0.285714285714
0.533333333333
0.421052631579
0.5
0.0
0.285714285714
0.461538461538
0.125
0.266666666667
0.285714285714
0.571428571429
0.0
0.125
0.533333333333
0.266666666667
0.363636363636
0.6
0.416666666667
0.5
0.0
0.4
0.235294117647
0.1
0.210526315789
0.222222222222
0.461538461538
0.0
0.153846153846
0.571428571429
0.210526315789
0.5
0.4
0.333333333333
0.428571428571
0.142857142857
0.0
0.4
0.133333333333
0.444444444444
0.444444444444
0.125
0.352941176471
0.0
0.444444444444
0.210526315789
0.352941176471
0.153846153846
0.142857142857
0.111111111111
0.0
0.0
0.0
0.0
0.0
0.0
0.0
0.0
0.0
0.0
0.0
0.0
0.0
0.0
0.0
0.0
0.0
0.0
0.333333333333
0.333333333333
0.461538461538
0.0
0.285714285714
0.777777777778
0.125
0.266666666667
0.285714285714
0.947368421053
0.0
0.125
0.333333333333
0.266666666667
0.363636363636
0.461538461538
0.25
0.142857142857
0.0

