Topic 9
Mean 0.512383839022
Median 0.5
Sum 217.250747745
0.705882352941
0.615384615385
0.857142857143
0.823529411765
0.625
0.8
0.736842105263
0.857142857143
0.705882352941
0.75
0.461538461538
0.8
0.588235294118
0.625
0.625
0.5
0.421052631579
0.444444444444
0.5
0.470588235294
0.153846153846
0.352941176471
0.3
0.375
0.533333333333
0.333333333333
0.117647058824
0.333333333333
0.705882352941
0.7
0.705882352941
1.0
0.75
0.75
0.363636363636
0.260869565217
0.666666666667
0.571428571429
0.615384615385
0.571428571429
0.444444444444
0.428571428571
0.545454545455
0.272727272727
0.571428571429
0.769230769231
0.666666666667
0.842105263158
0.588235294118
0.666666666667
0.588235294118
0.6
0.526315789474
0.588235294118
0.5
0.615384615385
0.571428571429
0.5
0.533333333333
0.571428571429
0.4
0.631578947368
0.315789473684
0.4
0.521739130435
0.571428571429
0.666666666667
0.444444444444
0.5
0.666666666667
0.857142857143
0.5
0.363636363636
0.266666666667
0.5
0.444444444444
0.6
0.4
0.6
0.571428571429
0.5
0.4
0.8
0.25
0.4
0.285714285714
0.5
0.333333333333
0.526315789474
0.4
0.285714285714
0.6
0.333333333333
0.5
0.5
0.545454545455
0.307692307692
0.166666666667
0.125
0.4
0.5
0.5
0.307692307692
0.444444444444
0.117647058824
0.769230769231
0.736842105263
0.923076923077
0.769230769231
0.8
0.375
0.571428571429
0.352941176471
0.947368421053
0.533333333333
0.625
0.545454545455
0.666666666667
0.6
0.4
0.5
0.666666666667
0.625
0.666666666667
0.666666666667
0.666666666667
0.166666666667
0.125
0.666666666667
0.333333333333
0.625
0.461538461538
0.444444444444
0.117647058824
0.333333333333
0.333333333333
0.444444444444
0.727272727273
0.5
0.5
0.5
0.888888888889
0.6
0.3
0.666666666667
0.5
0.545454545455
0.571428571429
0.444444444444
0.4
0.5
0.521739130435
0.222222222222
0.615384615385
0.533333333333
0.533333333333
0.952380952381
0.777777777778
0.375
0.153846153846
0.153846153846
0.4
0.461538461538
0.666666666667
0.666666666667
0.6
0.4
0.5
0.571428571429
0.428571428571
0.5
0.333333333333
0.6
0.8
0.4
0.4
0.888888888889
0.0
0.142857142857
0.666666666667
0.333333333333
0.4
0.4
0.444444444444
0.333333333333
0.0
0.333333333333
0.0
0.6
0.4
0.833333333333
0.333333333333
0.5
0.4
0.727272727273
0.307692307692
0.166666666667
0.125
0.333333333333
0.333333333333
0.769230769231
0.307692307692
0.666666666667
0.117647058824
0.5
0.615384615385
0.333333333333
0.222222222222
0.615384615385
0.2
0.4
0.5
0.5
0.5
0.5
0.285714285714
0.5
0.153846153846
0.4
0.4
0.5
0.5
0.333333333333
0.4
0.5
0.8
0.0
0.5
0.5
0.4
0.222222222222
0.461538461538
0.947368421053
0.588235294118
0.625
0.625
0.75
0.2
0.117647058824
0.625
0.307692307692
0.588235294118
0.428571428571
0.4
0.181818181818
0.307692307692
0.307692307692
0.666666666667
0.5
0.4
0.666666666667
0.307692307692
0.2
0.727272727273
0.625
0.769230769231
0.923076923077
0.823529411765
0.625
0.5
0.153846153846
0.923076923077
0.777777777778
0.666666666667
0.4
0.75
0.4
0.5
0.714285714286
0.666666666667
0.5
0.947368421053
0.4
0.727272727273
0.5
0.625
0.4
0.571428571429
0.666666666667
0.5
0.5
0.285714285714
0.5
0.153846153846
0.4
0.4
0.5
0.5
0.333333333333
0.4
0.0
0.5
0.222222222222
0.5
0.5
0.4
0.222222222222
0.5
0.2
0.5
0.5
0.421052631579
0.444444444444
0.5
0.470588235294
0.153846153846
0.666666666667
0.333333333333
0.363636363636
0.545454545455
0.6
0.631578947368
0.363636363636
0.4
0.166666666667
0.571428571429
0.166666666667
0.6
0.153846153846
0.0
0.166666666667
0.0
0.153846153846
0.181818181818
0.0
0.615384615385
0.307692307692
0.307692307692
0.363636363636
0.666666666667
0.285714285714
0.153846153846
0.117647058824
0.307692307692
0.307692307692
0.666666666667
0.285714285714
0.6
0.111111111111
0.307692307692
0.571428571429
0.307692307692
0.133333333333
0.714285714286
0.0
0.615384615385
0.0
0.285714285714
0.666666666667
0.0
0.153846153846
0.705882352941
0.666666666667
0.75
0.933333333333
0.8
0.666666666667
0.470588235294
0.333333333333
0.8
0.533333333333
0.75
0.533333333333
0.4
0.631578947368
0.5
0.941176470588
0.714285714286
0.5
0.5
0.4
0.307692307692
0.5
0.666666666667
0.8
0.909090909091
0.470588235294
0.5
0.727272727273
0.666666666667
0.666666666667
0.923076923077
0.625
0.833333333333
0.5
0.5
0.625
0.727272727273
0.631578947368
0.5
0.5
0.4
0.545454545455
0.5
0.666666666667
0.545454545455
0.5
0.545454545455
0.363636363636
0.5
0.625
0.727272727273
0.5
0.428571428571
0.5
0.857142857143
0.555555555556
0.666666666667
0.666666666667
0.666666666667
0.8
0.666666666667
0.444444444444
0.315789473684
1.0
0.571428571429
0.625
0.428571428571
0.75
0.5
0.5
0.823529411765
0.933333333333
0.615384615385
0.5
0.461538461538
0.545454545455
0.4
0.666666666667
0.666666666667
0.4
0.444444444444
0.5
0.714285714286
0.666666666667

Topic 7
Mean 0.500207032259
Median 0.5
Sum 190.578879291
0.666666666667
0.615384615385
0.5
0.769230769231
0.714285714286
0.75
0.571428571429
0.5
0.428571428571
0.428571428571
0.181818181818
0.285714285714
0.631578947368
0.222222222222
0.181818181818
0.545454545455
0.461538461538
0.545454545455
0.545454545455
0.461538461538
0.5
0.75
0.533333333333
0.6
0.75
0.533333333333
0.285714285714
0.5
0.727272727273
0.4
0.714285714286
0.461538461538
0.4
0.631578947368
0.5
0.428571428571
0.8
0.666666666667
0.526315789474
0.769230769231
0.4
0.470588235294
0.666666666667
0.8
0.444444444444
0.5
0.235294117647
0.352941176471
0.5
0.4
0.133333333333
0.352941176471
0.5
0.4
0.5
0.705882352941
0.533333333333
0.555555555556
0.666666666667
0.428571428571
0.421052631579
0.588235294118
0.5
0.705882352941
0.777777777778
0.315789473684
0.8
0.533333333333
0.461538461538
0.461538461538
0.533333333333
0.153846153846
0.5
0.8
0.428571428571
0.933333333333
0.25
0.461538461538
0.181818181818
0.285714285714
0.631578947368
0.222222222222
0.4
0.666666666667
0.5
0.5
0.631578947368
0.5
0.133333333333
0.421052631579
0.153846153846
0.769230769231
0.533333333333
1.0
0.666666666667
0.533333333333
0.444444444444
0.625
0.705882352941
0.666666666667
0.75
0.5
0.526315789474
0.75
0.444444444444
0.0
0.0
0.0
0.0
0.4
0.0
0.0
0.5
0.0
0.0
0.0
0.0
0.0
0.0
0.5
0.75
0.5
0.5
0.823529411765
0.4
0.4
0.555555555556
0.75
0.571428571429
0.8
0.5
0.666666666667
0.8
0.4
0.833333333333
0.5
0.666666666667
0.571428571429
0.666666666667
0.857142857143
0.571428571429
0.470588235294
0.666666666667
0.888888888889
0.666666666667
0.666666666667
0.4
0.833333333333
0.615384615385
0.470588235294
0.8
0.0
0.777777777778
0.615384615385
0.266666666667
0.5
0.6
0.266666666667
0.153846153846
0.375
0.588235294118
0.8
0.625
0.352941176471
0.444444444444
0.625
0.153846153846
0.555555555556
0.0
0.714285714286
0.545454545455
0.705882352941
0.5
0.818181818182
0.777777777778
0.461538461538
0.571428571429
0.666666666667
0.8
0.666666666667
0.75
0.5
0.857142857143
0.75
0.571428571429
0.666666666667
0.0
0.823529411765
0.933333333333
0.555555555556
0.4
0.266666666667
0.6
0.588235294118
0.333333333333
0.631578947368
0.470588235294
0.4
0.6
0.5
0.4
0.4
0.4
0.631578947368
0.5
0.4
0.625
0.625
0.375
0.714285714286
0.5
0.5
0.25
0.5
0.4
0.2
0.5
0.5
0.285714285714
0.5
0.5
0.5
0.2
0.5
0.5
0.5
0.5
0.4
0.2
0.5
0.5
0.352941176471
0.235294117647
0.285714285714
0.666666666667
0.235294117647
0.133333333333
0.285714285714
0.428571428571
0.266666666667
0.470588235294
0.222222222222
0.266666666667
0.375
0.133333333333
0.631578947368
0.0
0.705882352941
0.631578947368
0.352941176471
0.666666666667
0.588235294118
0.0
0.461538461538
0.5
0.8
0.769230769231
0.4
0.4
0.5
0.727272727273
0.428571428571
0.4
0.333333333333
0.615384615385
0.428571428571
0.4
0.909090909091
0.333333333333
0.923076923077
0.8
0.5
0.909090909091
0.375
0.333333333333
0.285714285714
0.666666666667
0.266666666667
0.666666666667
0.526315789474
0.266666666667
0.153846153846
0.4
0.625
0.769230769231
0.666666666667
0.375
0.588235294118
0.666666666667
0.153846153846
0.588235294118
0.0
0.625
0.555555555556
0.588235294118
0.625
0.777777777778
0.0
0.526315789474
0.333333333333
0.307692307692
0.25
0.307692307692
0.363636363636
0.25
0.142857142857
0.307692307692
0.461538461538
0.4
0.375
0.25
0.285714285714
0.266666666667
0.25
0.444444444444
0.25
0.428571428571
0.545454545455
0.375
0.666666666667
0.25
0.25
0.555555555556
0.307692307692
0.266666666667
0.666666666667
0.571428571429
0.666666666667
0.545454545455
0.307692307692
0.631578947368
0.470588235294
0.4
0.857142857143
0.5
0.375
0.588235294118
0.333333333333
0.631578947368
0.421052631579
0.0
0.380952380952
0.8
0.533333333333
0.545454545455
0.6
0.0
0.285714285714
0.4
0.714285714286
0.307692307692
0.4
0.307692307692
0.6
0.75
0.307692307692
0.181818181818
0.4
0.6
0.363636363636
0.333333333333
0.285714285714
0.363636363636
0.333333333333
0.181818181818
0.545454545455
0.0
0.769230769231
0.666666666667
0.769230769231
0.6
0.307692307692
0.0
0.285714285714
0.6
0.333333333333
0.307692307692
0.4
0.333333333333
0.266666666667
0.5
0.6
0.266666666667
0.153846153846
0.333333333333
0.5
0.307692307692
0.4
0.25
0.307692307692
0.285714285714
0.153846153846
0.461538461538
0.0
0.714285714286
0.615384615385
0.714285714286
0.5
0.266666666667
0.0
0.5
0.5
0.285714285714
0.4
0.333333333333
0.769230769231
0.0
0.0
0.0
0.0
0.0
0.0
0.0
0.0
0.0
0.0
0.0
0.0
0.0
0.0
0.0
0.0
0.0
0.0
0.0
0.0
0.0
0.0
0.0
0.0
0.0
0.0
0.0
0.0
0.0

Topic 6
Mean 0.475517007891
Median 0.470588235294
Sum 195.913007251
0.545454545455
0.571428571429
0.5
0.470588235294
0.571428571429
0.666666666667
0.615384615385
0.4
0.4
0.266666666667
0.470588235294
0.444444444444
0.555555555556
0.47619047619
0.333333333333
0.857142857143
0.666666666667
0.571428571429
0.470588235294
0.6
0.5
0.666666666667
0.25
0.333333333333
0.266666666667
0.545454545455
0.266666666667
0.444444444444
0.333333333333
0.5
0.857142857143
0.181818181818
0.4
0.4
0.5
0.25
0.6
0.5
0.4
0.521739130435
0.823529411765
0.333333333333
0.545454545455
0.727272727273
0.4
0.5
0.444444444444
0.588235294118
0.5
0.5
0.75
0.5
0.285714285714
0.4
0.333333333333
0.571428571429
0.333333333333
0.8
0.705882352941
0.4
0.555555555556
0.571428571429
0.4
0.333333333333
0.363636363636
0.666666666667
0.333333333333
0.5
0.5
0.0
0.4
0.4
0.4
0.0
0.5
0.4
0.4
0.333333333333
0.545454545455
0.6
0.4
0.0
0.333333333333
0.444444444444
0.666666666667
0.222222222222
0.4
0.333333333333
0.444444444444
0.285714285714
1.0
0.5
0.545454545455
0.625
0.526315789474
0.363636363636
0.5
0.6
0.363636363636
0.285714285714
0.615384615385
0.526315789474
0.625
0.285714285714
0.545454545455
0.333333333333
0.5
0.5
0.181818181818
0.4
0.4
0.5
0.25
0.5
0.4
0.4
0.333333333333
0.5
0.4
0.285714285714
0.5
0.4
0.4
0.166666666667
0.333333333333
0.333333333333
0.666666666667
0.222222222222
0.4
0.333333333333
0.333333333333
0.285714285714
0.4
0.333333333333
0.25
0.4
0.363636363636
0.521739130435
0.333333333333
0.545454545455
0.333333333333
0.285714285714
0.727272727273
0.333333333333
0.333333333333
0.5
0.285714285714
0.333333333333
0.333333333333
0.285714285714
0.666666666667
0.333333333333
0.285714285714
0.615384615385
0.5
0.307692307692
0.25
0.666666666667
0.4
0.4
0.545454545455
0.0
0.5
0.4
0.363636363636
0.0
0.0
0.333333333333
0.0
0.0
0.333333333333
0.571428571429
0.6
0.75
0.666666666667
0.4
0.555555555556
0.666666666667
0.4
0.5
0.833333333333
0.666666666667
0.857142857143
0.5
0.6
0.75
0.5
0.4
0.571428571429
0.5
0.285714285714
0.153846153846
0.235294117647
0.2
0.266666666667
0.2
0.285714285714
0.266666666667
0.0
0.25
0.210526315789
0.266666666667
0.153846153846
0.142857142857
0.25
0.153846153846
0.0
0.235294117647
0.25
0.266666666667
0.571428571429
0.444444444444
0.4
0.333333333333
0.5
0.5
0.571428571429
0.5
0.285714285714
0.444444444444
0.5
0.5
0.333333333333
0.444444444444
0.444444444444
0.333333333333
0.25
0.4
0.444444444444
0.5
0.461538461538
0.6
0.888888888889
0.666666666667
0.636363636364
0.333333333333
0.526315789474
0.75
0.333333333333
0.285714285714
0.428571428571
0.555555555556
0.666666666667
0.285714285714
0.888888888889
0.947368421053
0.285714285714
0.25
0.428571428571
0.307692307692
0.8
0.235294117647
0.5
0.6
0.222222222222
0.588235294118
0.5
0.5
0.952380952381
0.545454545455
0.545454545455
0.0
0.571428571429
0.761904761905
0.588235294118
0.222222222222
0.0
0.769230769231
0.222222222222
0.0
0.625
0.5
0.666666666667
0.25
0.444444444444
0.555555555556
0.666666666667
0.4
0.428571428571
0.421052631579
0.333333333333
0.352941176471
0.625
0.333333333333
0.4
0.363636363636
0.375
0.428571428571
0.4
0.333333333333
0.375
0.4
0.333333333333
0.777777777778
0.4
0.666666666667
0.235294117647
0.4
0.4
0.375
0.6
0.5
0.75
0.666666666667
0.842105263158
0.526315789474
0.533333333333
0.727272727273
0.5
0.777777777778
0.555555555556
0.8
0.5
0.4
0.588235294118
0.5
0.4
0.333333333333
0.5
0.75
0.533333333333
0.75
0.625
0.555555555556
0.4
0.333333333333
0.5
0.5
0.0
0.4
0.4
0.545454545455
0.0
0.5
0.4
0.4
0.333333333333
0.5
0.4
0.285714285714
0.5
0.4
0.333333333333
0.0
0.5
0.0
0.333333333333
0.285714285714
0.222222222222
0.4
0.5
0.727272727273
0.521739130435
0.705882352941
0.631578947368
0.545454545455
0.5
0.769230769231
0.6
0.5
0.545454545455
0.526315789474
0.75
0.5
0.4
0.555555555556
0.5
0.4
0.666666666667
0.545454545455
0.823529411765
0.266666666667
0.5
0.588235294118
0.727272727273
0.769230769231
0.705882352941
0.5
0.571428571429
0.571428571429
0.8
0.736842105263
0.461538461538
0.555555555556
0.625
0.666666666667
0.4
0.615384615385
0.588235294118
0.857142857143
0.4
0.333333333333
0.625
0.4
0.333333333333
0.555555555556
0.461538461538
0.8
0.470588235294
0.6
0.666666666667
0.588235294118
0.555555555556
0.8
0.4
0.75
0.363636363636
0.571428571429
0.285714285714
0.916666666667
0.4
0.235294117647
0.470588235294
0.333333333333
0.0
0.521739130435
0.25
0.333333333333
0.0
0.0
0.307692307692
0.0
0.0
0.545454545455
0.307692307692
0.333333333333
0.470588235294
0.6
0.285714285714
0.307692307692
0.421052631579
0.666666666667
0.0
0.545454545455
0.6

Topic 5
Mean 0.447270716782
Median 0.4
Sum 144.021170804
0.2
0.181818181818
0.4
0.2
0.5
0.4
0.0
0.0
0.0
0.0
0.588235294118
0.0
0.0
0.0
0.0
0.615384615385
0.5
0.4
0.5
0.0
0.666666666667
0.555555555556
0.333333333333
0.6
0.333333333333
0.0
0.727272727273
0.75
0.588235294118
0.5
0.7
0.5
0.0
0.714285714286
0.8
0.666666666667
0.555555555556
0.5
0.4
0.5
0.0
0.727272727273
0.75
0.769230769231
0.666666666667
0.947368421053
0.0
0.0
0.0
0.0
0.714285714286
0.8
0.8
0.714285714286
0.8
0.444444444444
0.153846153846
0.142857142857
0.0
0.0
0.266666666667
0.533333333333
0.266666666667
0.235294117647
0.25
0.5
0.166666666667
0.333333333333
0.285714285714
0.333333333333
0.0
0.2
0.333333333333
0.666666666667
0.588235294118
0.461538461538
0.2
0.133333333333
0.0
0.0
0.0
0.0
0.0
0.0
0.0
0.0
0.0
0.0
0.0
0.0
0.0
0.0
0.5
0.4
0.0
0.0
0.0
0.0
0.333333333333
0.5
0.5
0.0
0.0
0.0
0.0
0.2
0.5
0.4
0.5
0.0
0.25
0.5
0.333333333333
0.666666666667
0.5
0.25
0.153846153846
0.333333333333
0.0
0.5
0.315789473684
0.0
0.0
0.0
0.0
0.352941176471
0.333333333333
0.5
0.352941176471
0.521739130435
0.444444444444
0.2
0.0
0.0
0.0
0.0
0.4
0.333333333333
0.285714285714
0.333333333333
0.0
0.5
0.5
0.461538461538
0.714285714286
0.631578947368
0.5
0.352941176471
0.25
0.0
0.333333333333
0.333333333333
0.363636363636
0.526315789474
0.8
0.714285714286
0.5
0.0
0.625
0.705882352941
0.705882352941
0.625
0.75
0.75
0.266666666667
0.4
0.0
0.5
0.5
0.315789473684
0.5
0.166666666667
0.571428571429
0.285714285714
0.6
0.0
0.2
0.333333333333
0.25
0.333333333333
0.333333333333
0.2
0.133333333333
0.25
0.0
0.333333333333
0.333333333333
0.133333333333
0.25
0.666666666667
0.142857142857
0.25
0.222222222222
0.25
0.0
0.166666666667
0.25
0.2
0.4
0.888888888889
0.166666666667
0.117647058824
0.2
0.0
0.25
0.25
0.545454545455
0.4
0.666666666667
0.2
0.133333333333
0.166666666667
0.153846153846
0.0
0.0
0.153846153846
0.166666666667
0.153846153846
0.375
0.545454545455
0.153846153846
0.111111111111
0.0
0.0
0.0
0.0
0.521739130435
0.380952380952
0.153846153846
0.0
0.571428571429
0.777777777778
0.4
0.333333333333
0.4
0.0
0.714285714286
0.666666666667
0.769230769231
0.714285714286
0.8
0.823529411765
0.4
0.428571428571
0.0
0.4
0.4
0.380952380952
0.526315789474
0.666666666667
0.285714285714
0.571428571429
0.4
0.923076923077
0.4
1.0
0.4
0.0
0.428571428571
0.666666666667
0.615384615385
0.428571428571
0.615384615385
0.8
0.25
0.285714285714
0.0
0.4
0.4
0.470588235294
0.307692307692
0.4
0.285714285714
0.222222222222
0.153846153846
0.428571428571
0.555555555556
0.5
0.666666666667
0.5
0.0
0.666666666667
0.625
0.625
0.666666666667
0.625
0.666666666667
0.222222222222
0.333333333333
0.0
0.5
0.5
0.333333333333
0.333333333333
0.588235294118
0.333333333333
0.25
0.166666666667
0.666666666667
0.4
0.588235294118
0.166666666667
0.153846153846
0.0
0.0
0.285714285714
0.571428571429
0.285714285714
0.375
0.470588235294
0.625
0.421052631579
0.0
0.0
0.0
0.0
0.272727272727
0.375
0.285714285714
0.142857142857
0.315789473684
0.3
0.428571428571
0.266666666667
0.235294117647
0.4
0.5
0.4
0.4
0.0
0.8
0.5
0.727272727273
0.5
0.727272727273
0.777777777778
0.3
0.285714285714
0.0
0.4
0.4
0.6
0.5
0.5
0.333333333333
0.666666666667
0.631578947368
0.666666666667
0.769230769231
0.428571428571
0.352941176471
0.941176470588
0.4
0.333333333333
0.4
0.0
0.714285714286
0.8
0.8
0.714285714286
0.8
0.857142857143
0.421052631579
0.363636363636
0.0
0.4
0.4
0.363636363636
0.5
0.75
0.285714285714
0.4
0.380952380952
0.888888888889
0.428571428571
0.666666666667
0.555555555556
0.461538461538
0.0
0.0
0.0
0.0
0.0
0.0
0.0
0.0
0.0
0.0
0.0
0.0
0.0
0.0
0.0
0.0
0.0
0.0
0.0
0.0
0.0
0.0
0.0
0.0
0.0
0.0
0.0
0.0
0.235294117647
0.4
0.333333333333
0.4
0.0
0.266666666667
0.588235294118
0.545454545455
0.6
0.5
0.266666666667
0.2
0.545454545455
0.0
0.4
0.4
0.2
0.285714285714
0.8
0.285714285714
0.222222222222
0.153846153846
0.461538461538
0.333333333333
0.4
0.210526315789
0.4
0.4
0.0

Topic 4
Mean 0.438681144168
Median 0.4
Sum 153.977081603
0.545454545455
0.285714285714
0.363636363636
0.428571428571
0.545454545455
0.333333333333
0.0
0.0
0.0
0.0
0.333333333333
0.444444444444
0.5
0.727272727273
0.4
0.153846153846
0.375
0.153846153846
0.470588235294
0.0
0.470588235294
0.307692307692
0.923076923077
0.307692307692
0.5
0.0
0.88
0.166666666667
0.461538461538
0.6
0.375
0.545454545455
0.0
0.6
0.307692307692
0.363636363636
0.571428571429
0.666666666667
0.571428571429
0.888888888889
0.5
0.588235294118
0.5
0.526315789474
0.428571428571
0.333333333333
0.333333333333
0.5
0.4
0.4
0.333333333333
0.0
0.2
0.222222222222
0.6
0.333333333333
0.333333333333
0.285714285714
0.666666666667
0.4
0.333333333333
0.0
0.2
0.222222222222
1.0
0.333333333333
0.0
0.0
0.0
0.0
0.0
0.0
0.0
0.0
0.0
0.0
0.0
0.0
0.461538461538
0.8
0.714285714286
0.5
0.0
0.727272727273
0.166666666667
0.8
0.5
0.571428571429
0.0
0.2
0.0
0.352941176471
0.571428571429
0.307692307692
0.666666666667
0.0
0.5
0.5
0.5
0.666666666667
0.761904761905
0.0
0.0
0.0
0.5
0.875
0.6
0.666666666667
0.571428571429
0.4
0.4
0.4
0.363636363636
0.5
0.5
0.333333333333
0.333333333333
0.4
0.5
0.375
0.25
0.833333333333
0.25
0.625
0.0
0.625
0.470588235294
0.833333333333
0.333333333333
0.631578947368
0.0
0.0
0.0
0.526315789474
0.5
0.285714285714
0.352941176471
0.428571428571
0.235294117647
0.666666666667
0.0
0.266666666667
0.125
0.25
0.375
0.333333333333
0.0
0.4
0.0
0.375
0.3
0.5
0.210526315789
0.4
0.4
0.333333333333
0.5
0.5
0.4
0.0
0.222222222222
0.25
0.5
1.0
0.4
0.5
0.222222222222
0.0
0.4
0.0
0.0
0.25
0.888888888889
0.222222222222
0.631578947368
0.285714285714
0.777777777778
0.444444444444
0.166666666667
0.307692307692
0.555555555556
0.25
0.25
0.285714285714
0.166666666667
0.6
0.25
0.588235294118
0.285714285714
0.285714285714
0.333333333333
0.333333333333
0.285714285714
0.444444444444
0.4
0.333333333333
0.0
0.2
0.222222222222
0.923076923077
0.333333333333
0.5
0.4
0.2
0.25
0.333333333333
0.0
0.4
0.4
0.25
0.285714285714
0.363636363636
0.285714285714
0.375
0.0
0.333333333333
0.153846153846
0.375
0.5
0.444444444444
0.0
0.0
0.0
0.375
0.428571428571
0.333333333333
0.375
0.235294117647
0.0
0.153846153846
0.0
0.0
0.0
0.0
0.0
0.0
0.0
0.0
0.0
0.0
0.0
0.0
0.4
0.0
0.0
0.0
0.0
0.0
0.0
0.5
0.0
0.0
0.0
0.25
0.375
0.25
0.555555555556
0.0
0.470588235294
0.666666666667
0.444444444444
0.333333333333
0.470588235294
0.0
0.0
0.0
0.444444444444
0.75
0.285714285714
0.470588235294
0.210526315789
0.0
0.444444444444
0.0
0.375
0.0
0.4
0.444444444444
0.615384615385
0.666666666667
0.5
0.6
0.4
0.555555555556
0.545454545455
0.909090909091
0.545454545455
0.4
0.5
0.571428571429
0.533333333333
0.4
0.588235294118
0.5
0.5
0.5
0.4
0.4
0.0
0.470588235294
0.333333333333
0.4
0.285714285714
0.444444444444
0.4
0.444444444444
0.631578947368
0.352941176471
0.588235294118
0.421052631579
0.333333333333
0.333333333333
0.4
0.352941176471
0.461538461538
0.4
0.444444444444
0.4
0.4
0.421052631579
0.333333333333
0.533333333333
0.4
0.631578947368
0.4
0.461538461538
0.6
0.307692307692
0.571428571429
0.0
0.363636363636
0.166666666667
0.333333333333
0.5
0.428571428571
0.0
0.4
0.0
0.5
0.375
0.666666666667
0.266666666667
0.5
0.0
0.166666666667
0.4
0.307692307692
0.0
0.266666666667
0.5
0.4
0.4
0.4
0.5
0.5
0.5
0.4
0.5
0.434782608696
0.736842105263
0.666666666667
0.666666666667
0.4
0.0
0.434782608696
0.4
0.5
0.545454545455
0.5
0.5
0.285714285714
0.8
0.470588235294
0.0
0.363636363636
0.5
0.555555555556
0.5
0.461538461538
0.4
0.4
0.352941176471
0.333333333333
0.363636363636
0.333333333333
0.352941176471
0.666666666667
0.461538461538
0.285714285714
0.285714285714
0.333333333333
0.352941176471
0.4
0.727272727273
0.352941176471
0.333333333333
0.333333333333
0.222222222222
0.285714285714
0.933333333333
0.0
0.352941176471
0.375
0.5
0.333333333333
0.666666666667
0.333333333333
0.333333333333
0.285714285714
0.5
0.4
0.454545454545
0.6
0.5
0.315789473684
0.6
0.333333333333
0.333333333333
0.4
0.5
0.470588235294
0.333333333333
0.842105263158
0.2
0.4
0.4
0.333333333333
0.352941176471
0.0
0.6
0.555555555556
0.571428571429
0.25
0.521739130435
0.333333333333

Topic 3
Mean 0.445168093407
Median 0.4
Sum 178.067237363
0.461538461538
0.588235294118
0.461538461538
0.285714285714
0.4
0.428571428571
0.142857142857
0.470588235294
0.4
0.222222222222
0.285714285714
0.736842105263
0.4
0.428571428571
0.380952380952
0.0
0.0
0.5
0.4
0.666666666667
0.333333333333
0.461538461538
0.666666666667
0.5
0.333333333333
0.666666666667
0.444444444444
0.4
0.588235294118
0.363636363636
0.555555555556
0.428571428571
0.166666666667
0.571428571429
0.0
0.8
0.2
0.222222222222
0.5
0.4
0.25
0.333333333333
0.5
0.5
0.25
0.235294117647
0.714285714286
0.5
0.470588235294
0.470588235294
0.6
0.333333333333
0.533333333333
0.266666666667
0.5
0.470588235294
0.588235294118
0.571428571429
0.461538461538
0.4
0.666666666667
0.0
0.444444444444
0.533333333333
0.5
0.736842105263
0.625
0.909090909091
0.8
0.470588235294
0.631578947368
0.615384615385
0.5
1.0
0.705882352941
0.5
0.9
0.588235294118
0.181818181818
0.2
0.4
0.333333333333
0.222222222222
0.5
0.4
0.4
0.222222222222
0.4
0.4
0.4
0.666666666667
0.235294117647
0.5
0.5
0.235294117647
0.631578947368
0.4
0.0
0.705882352941
0.4
0.5
0.5
0.421052631579
0.666666666667
0.4
0.5
0.4
0.375
0.25
0.315789473684
0.285714285714
0.0
0.352941176471
0.285714285714
0.166666666667
0.352941176471
0.526315789474
0.352941176471
0.153846153846
0.333333333333
0.695652173913
0.777777777778
0.571428571429
0.428571428571
0.666666666667
0.521739130435
0.4
0.75
0.416666666667
0.4
0.625
0.533333333333
0.705882352941
0.333333333333
0.705882352941
0.666666666667
0.555555555556
0.428571428571
0.526315789474
0.428571428571
0.142857142857
0.428571428571
0.0
0.4
0.526315789474
0.2
0.235294117647
0.555555555556
0.857142857143
0.0
0.235294117647
0.588235294118
0.4
0.0
0.0
0.5
0.0
0.25
0.333333333333
0.0
0.4
0.0
0.5
0.333333333333
0.0
0.5
0.4
0.0
0.0
0.4
0.0
0.666666666667
0.4
0.625
0.307692307692
0.153846153846
0.307692307692
0.0
0.5
0.625
0.0
0.25
0.333333333333
0.777777777778
0.0
0.25
0.266666666667
0.454545454545
0.823529411765
0.0
0.533333333333
0.428571428571
0.333333333333
0.285714285714
0.2
0.266666666667
0.333333333333
0.333333333333
0.307692307692
0.333333333333
0.333333333333
0.555555555556
0.333333333333
0.285714285714
0.333333333333
0.588235294118
0.307692307692
0.75
0.333333333333
0.285714285714
0.352941176471
0.736842105263
0.5
0.823529411765
0.117647058824
0.333333333333
0.0
0.625
0.315789473684
0.5
0.4
0.25
0.625
0.4
0.2
0.210526315789
0.736842105263
0.315789473684
0.0
0.375
0.222222222222
0.533333333333
0.666666666667
0.833333333333
0.571428571429
0.444444444444
0.631578947368
0.4
0.5
0.5
0.4
0.869565217391
0.666666666667
0.846153846154
0.444444444444
0.470588235294
0.588235294118
0.588235294118
0.625
0.4
0.555555555556
0.625
0.470588235294
0.666666666667
0.375
0.625
0.4
0.25
0.571428571429
0.5
0.8
0.8
0.5
0.333333333333
0.5
0.75
0.6
0.5
0.285714285714
0.545454545455
0.588235294118
0.5
0.714285714286
0.5
0.5
0.666666666667
0.2
0.222222222222
0.5
0.4
0.25
0.333333333333
0.5
0.5
0.25
0.5
0.333333333333
0.5
0.5
0.4
0.5
0.166666666667
0.4
0.2
0.5
0.222222222222
0.5
0.5
0.666666666667
0.5
0.0
0.2
0.4
0.333333333333
0.222222222222
0.285714285714
0.4
0.4
0.222222222222
0.4
0.666666666667
0.0
0.4
0.333333333333
0.4
0.153846153846
0.333333333333
0.181818181818
0.4
0.2
0.4
0.4
0.333333333333
0.4
0.4
0.307692307692
0.428571428571
0.461538461538
0.615384615385
0.153846153846
0.571428571429
0.0
0.571428571429
0.571428571429
0.222222222222
0.5
0.533333333333
0.5
0.2
0.315789473684
0.266666666667
0.461538461538
0.428571428571
0.0
0.333333333333
0.285714285714
0.5
0.615384615385
0.571428571429
0.0
0.2
0.181818181818
0.2
0.4
0.333333333333
0.222222222222
0.285714285714
0.4
0.4
0.222222222222
0.4
0.285714285714
0.4
0.4
0.333333333333
0.4
0.153846153846
0.333333333333
0.181818181818
0.4
0.2
0.4
0.4
0.333333333333
1.0
0.4
0.333333333333
0.2
0.625
0.769230769231
0.588235294118
0.714285714286
0.285714285714
0.625
0.4
0.428571428571
0.588235294118
0.4
0.470588235294
0.631578947368
0.833333333333
0.333333333333
0.4
0.25
0.434782608696
0.555555555556
0.4
0.666666666667
0.4
0.588235294118
0.571428571429
0.666666666667
0.4
0.333333333333
0.615384615385
0.333333333333
0.571428571429
0.375
0.7
0.285714285714
0.142857142857
0.285714285714
0.0
0.461538461538
0.5
0.0
0.235294117647
0.307692307692
0.714285714286
0.0
0.235294117647
0.25
0.384615384615
0.5
0.0
0.615384615385
0.266666666667
0.352941176471
0.454545454545
0.571428571429
0.0
0.0
0.307692307692
0.0
0.533333333333

Topic 2
Mean 0.411274436317
Median 0.4
Sum 141.889680529
0.631578947368
0.5
0.444444444444
0.0
0.0
0.5
0.352941176471
0.375
0.428571428571
0.0
0.333333333333
0.133333333333
0.631578947368
0.0
0.117647058824
0.571428571429
0.909090909091
0.631578947368
0.4
0.4
0.315789473684
0.6
0.631578947368
0.444444444444
0.333333333333
0.352941176471
0.526315789474
0.571428571429
0.0
0.0
0.5
0.0
0.0
0.0
0.0
0.0
0.4
0.4
0.555555555556
0.4
0.4
0.375
0.526315789474
0.363636363636
0.0
0.4
0.421052631579
0.526315789474
0.0
0.666666666667
0.266666666667
0.380952380952
0.4
0.0
0.615384615385
0.333333333333
0.166666666667
0.533333333333
0.0
0.142857142857
0.7
0.25
0.526315789474
0.0
0.428571428571
0.533333333333
0.6
0.631578947368
0.421052631579
0.0
0.352941176471
0.125
0.571428571429
0.6
0.0
0.363636363636
0.4
0.153846153846
0.25
0.153846153846
0.588235294118
0.0
0.133333333333
0.526315789474
0.555555555556
0.5
0.0
0.588235294118
0.588235294118
0.307692307692
0.142857142857
0.266666666667
0.166666666667
0.5
0.0
0.142857142857
0.266666666667
0.25
0.266666666667
0.0
0.8
0.625
0.833333333333
0.153846153846
0.307692307692
0.4
0.4
0.8
0.4
0.4
0.153846153846
0.333333333333
0.4
0.0
0.333333333333
0.4
0.2
0.166666666667
0.181818181818
0.2
0.0
0.0
0.0
0.0
0.0
0.0
0.0
0.0
0.0
0.0
0.0
0.0
0.0
0.0
0.0
0.0
0.470588235294
0.4
0.545454545455
0.285714285714
0.315789473684
0.666666666667
0.363636363636
0.526315789474
0.285714285714
0.6
0.47619047619
0.666666666667
0.380952380952
0.526315789474
0.5
0.25
0.285714285714
0.0
0.0
0.0
0.0
0.0
0.0
0.0
0.0
0.0
0.0
0.0
0.0
0.0
0.0
0.0
0.0
0.0
0.0
0.25
0.153846153846
0.428571428571
0.0
0.133333333333
0.25
0.235294117647
0.25
0.0
0.428571428571
0.461538461538
0.428571428571
0.142857142857
0.285714285714
0.4
0.0
0.0
0.375
0.0
0.266666666667
0.166666666667
0.5
0.0
0.142857142857
0.266666666667
0.25
0.266666666667
0.0
0.545454545455
0.5
0.461538461538
0.153846153846
0.307692307692
0.461538461538
0.0
0.0
0.545454545455
0.0
0.615384615385
0.285714285714
0.142857142857
0.5
0.285714285714
0.125
0.235294117647
0.25
0.235294117647
0.285714285714
0.461538461538
0.631578947368
0.444444444444
0.142857142857
0.625
0.444444444444
0.25
0.285714285714
0.461538461538
0.0
0.285714285714
0.428571428571
0.6
0.631578947368
0.8
0.25
0.666666666667
0.625
0.571428571429
0.6
0.25
0.428571428571
0.857142857143
0.375
0.6
0.588235294118
0.307692307692
0.222222222222
0.25
0.625
0.0
0.285714285714
0.307692307692
0.266666666667
0.315789473684
0.333333333333
0.375
0.0
0.444444444444
0.105263157895
0.3
0.315789473684
0.0
0.285714285714
0.470588235294
0.125
0.315789473684
0.117647058824
0.125
0.0
0.0
0.285714285714
0.0
0.117647058824
0.125
0.125
0.470588235294
0.5
0.5
0.5
0.5
0.5
0.166666666667
0.4
0.333333333333
0.5
0.4
0.5
0.222222222222
0.181818181818
0.2
0.222222222222
1.0
0.5
0.285714285714
0.0
0.5
0.5
0.285714285714
0.25
0.153846153846
0.352941176471
0.333333333333
0.588235294118
0.333333333333
0.333333333333
0.736842105263
0.555555555556
0.555555555556
0.333333333333
0.588235294118
0.533333333333
0.736842105263
0.153846153846
0.625
0.533333333333
0.285714285714
0.333333333333
0.714285714286
0.0
0.428571428571
0.461538461538
0.571428571429
0.4
0.133333333333
0.333333333333
0.5
0.5
0.666666666667
0.5
0.5
0.470588235294
0.444444444444
0.470588235294
0.5
0.714285714286
0.615384615385
0.428571428571
0.470588235294
0.588235294118
0.666666666667
0.4
0.5
0.555555555556
0.0
0.5
0.5
0.444444444444
0.625
0.555555555556
0.5
0.5
0.6
0.631578947368
0.421052631579
0.0
0.444444444444
0.125
0.571428571429
0.6
0.0
0.363636363636
0.470588235294
0.153846153846
0.6
0.142857142857
0.153846153846
0.0
0.0
0.380952380952
0.0
0.142857142857
0.153846153846
0.133333333333
0.6
0.8
0.0
0.142857142857
0.555555555556
0.6
0.631578947368
0.421052631579
0.0
0.352941176471
0.352941176471
0.571428571429
0.6
0.0
0.363636363636
0.4
0.352941176471
0.6
0.266666666667
0.285714285714
0.0
0.0
0.5
0.0
0.266666666667
0.285714285714
0.25
0.6
0.315789473684
0.0
0.375
0.470588235294
0.6
0.5
0.142857142857
0.705882352941
0.5
0.125
0.352941176471
0.666666666667
0.333333333333
0.5
0.823529411765
0.5
0.285714285714
0.181818181818
0.625
0.285714285714
0.4
0.5
0.352941176471
0.0
0.5
0.5
0.285714285714
0.4
0.153846153846
0.5
0.625
0.5
0.181818181818
0.5

Topic 0
Mean 0.432119289566
Median 0.4
Sum 155.130824954
0.375
0.222222222222
0.181818181818
0.736842105263
0.875
0.4
0.444444444444
0.363636363636
0.4
0.666666666667
0.769230769231
0.588235294118
0.5
0.705882352941
0.4
0.588235294118
0.285714285714
0.727272727273
0.625
0.444444444444
0.555555555556
0.2
0.166666666667
0.4
0.333333333333
0.285714285714
0.4
0.333333333333
0.615384615385
0.375
0.4
0.333333333333
0.4
0.571428571429
0.333333333333
0.333333333333
0.0
0.0
0.0
0.0
0.0
0.0
0.0
0.0
0.0
0.428571428571
0.375
0.0
0.4
0.4
0.4
0.5
0.0
0.428571428571
0.0
0.705882352941
0.266666666667
0.285714285714
0.666666666667
0.4
0.588235294118
0.666666666667
0.25
0.4
0.285714285714
0.315789473684
0.625
0.4
0.0
0.6
0.857142857143
0.428571428571
0.571428571429
0.0
0.571428571429
0.0
0.428571428571
0.571428571429
0.333333333333
0.315789473684
0.0
0.375
0.333333333333
0.333333333333
0.470588235294
0.0
0.25
0.0
0.909090909091
0.470588235294
0.666666666667
0.769230769231
0.266666666667
0.0
0.307692307692
0.4
0.714285714286
0.307692307692
0.0
0.571428571429
0.0
0.285714285714
0.75
0.363636363636
0.25
0.266666666667
0.235294117647
0.0
0.4
0.5
0.25
0.266666666667
0.0
0.25
0.0
0.25
0.25
0.615384615385
0.222222222222
0.25
0.428571428571
0.25
0.0
0.285714285714
0.363636363636
0.4
0.285714285714
0.0
0.4
0.0
0.266666666667
0.285714285714
0.333333333333
0.235294117647
0.4
0.235294117647
0.142857142857
0.125
0.666666666667
0.2
0.4
0.222222222222
0.727272727273
0.2
0.2
0.222222222222
0.222222222222
0.166666666667
0.166666666667
0.222222222222
0.133333333333
0.222222222222
0.125
0.769230769231
0.571428571429
0.4
0.8
0.5
0.714285714286
0.555555555556
0.333333333333
0.571428571429
0.4
0.555555555556
0.6
0.8
0.588235294118
0.857142857143
0.4
0.4
0.2
0.222222222222
0.181818181818
0.5
0.4
0.333333333333
0.5
0.4
0.4
0.4
0.5
0.5
0.285714285714
0.285714285714
0.5
0.2
0.5
0.181818181818
0.222222222222
0.4
0.615384615385
0.266666666667
0.333333333333
0.307692307692
0.4
0.571428571429
0.307692307692
0.285714285714
0.571428571429
0.333333333333
0.333333333333
0.571428571429
0.363636363636
0.333333333333
0.571428571429
0.333333333333
0.4
0.181818181818
0.571428571429
0.333333333333
0.222222222222
0.181818181818
0.5
0.4
0.333333333333
0.5
0.4
0.4
0.4
0.5
0.5
0.285714285714
0.285714285714
0.5
0.2
0.5
0.181818181818
0.222222222222
0.666666666667
0.5
0.333333333333
0.0
0.0
0.0
0.0
0.0
0.0
0.0
0.0
0.0
0.0
0.0
0.0
0.0
0.0
0.0
0.0
0.0
0.0
0.0
0.0
0.0
0.0
0.4
0.307692307692
0.0
0.727272727273
0.75
0.375
0.571428571429
0.0
0.333333333333
0.0
0.333333333333
0.571428571429
0.666666666667
0.533333333333
0.333333333333
0.428571428571
0.307692307692
0.0
0.571428571429
0.0
0.333333333333
0.0
0.0
0.631578947368
0.25
0.0
0.588235294118
0.363636363636
0.526315789474
0.588235294118
0.0
0.266666666667
0.0
0.266666666667
0.75
0.588235294118
0.588235294118
0.266666666667
0.235294117647
0.25
0.0
0.625
0.0
0.266666666667
0.0
0.0
0.571428571429
0.222222222222
0.181818181818
0.5
0.4
0.333333333333
0.5
0.4
0.4
0.4
0.5
0.5
0.285714285714
0.285714285714
0.5
0.2
0.5
0.181818181818
0.222222222222
0.4
1.0
0.333333333333
0.5
0.0
0.25
0.181818181818
0.705882352941
0.375
0.4
0.727272727273
0.6
0.666666666667
0.666666666667
0.666666666667
0.571428571429
0.4
0.428571428571
0.857142857143
0.625
0.4
0.285714285714
0.4
0.266666666667
0.2
0.818181818182
0.4
0.285714285714
0.4
0.0
0.5
0.777777777778
0.4
0.181818181818
0.153846153846
0.333333333333
0.285714285714
0.25
0.333333333333
0.285714285714
0.285714285714
0.285714285714
0.333333333333
0.333333333333
0.222222222222
0.222222222222
0.333333333333
0.166666666667
0.333333333333
0.153846153846
0.181818181818
0.285714285714
0.333333333333
0.25
0.333333333333
0.0
0.2
0.153846153846
0.333333333333
0.285714285714
0.833333333333
0.4
0.0
0.4
0.444444444444
0.769230769231
0.5
0.0
0.615384615385
0.0
0.461538461538
0.526315789474
0.625
0.470588235294
0.769230769231
0.266666666667
0.428571428571
0.0
0.769230769231
0.0
0.615384615385
0.0
0.0
0.571428571429
0.5
0.0
0.615384615385
0.0
0.769230769231
0.4
0.5
0.625
0.75
0.857142857143
0.625
0.4
0.823529411765
0.5
0.5
0.8
0.666666666667
0.5
0.714285714286
0.5
0.4
0.222222222222
0.714285714286
0.5
0.571428571429
0.5
0.0
0.6
0.705882352941
0.5
0.8
0.5
0.769230769231

Topic 8
Mean 0.416866801549
Median 0.375
Sum 164.24551981
0.363636363636
0.4
0.8
0.5
0.4
0.857142857143
0.125
0.133333333333
0.533333333333
0.125
0.4
0.909090909091
0.75
0.5
0.25
0.25
0.705882352941
0.666666666667
0.25
0.315789473684
0.555555555556
0.285714285714
0.533333333333
0.5
0.285714285714
0.153846153846
0.533333333333
0.444444444444
0.545454545455
0.8
0.75
0.545454545455
0.352941176471
0.714285714286
0.666666666667
0.571428571429
0.181818181818
0.166666666667
0.545454545455
0.181818181818
0.352941176471
0.307692307692
0.470588235294
0.333333333333
0.714285714286
0.266666666667
0.736842105263
0.6
0.333333333333
0.375
0.588235294118
0.526315789474
0.470588235294
0.666666666667
0.461538461538
0.333333333333
0.666666666667
0.571428571429
0.4
0.333333333333
0.571428571429
0.909090909091
0.428571428571
0.5
0.5
0.5
0.266666666667
0.285714285714
0.571428571429
0.333333333333
0.3
0.428571428571
0.4
0.4
0.588235294118
0.588235294118
0.375
0.421052631579
0.0
0.0
0.0
0.0
0.0
0.0
0.0
0.0
0.0
0.0
0.0
0.0
0.0
0.125
0.133333333333
0.533333333333
0.125
0.7
0.25
0.315789473684
0.111111111111
0.352941176471
0.352941176471
0.375
0.333333333333
0.3
0.0
0.714285714286
0.307692307692
0.333333333333
0.428571428571
0.111111111111
0.333333333333
0.222222222222
0.25
0.461538461538
0.133333333333
0.235294117647
0.285714285714
0.235294117647
0.0
0.111111111111
0.2
0.0
0.4
0.0
0.142857142857
0.0
0.0
0.5
0.0
0.285714285714
0.285714285714
0.0
0.333333333333
0.0
0.142857142857
0.166666666667
0.266666666667
0.75
0.705882352941
0.266666666667
0.153846153846
0.588235294118
0.631578947368
0.5
0.705882352941
0.333333333333
0.631578947368
0.5
0.4
0.0
0.153846153846
0.235294117647
0.5
0.235294117647
0.25
0.333333333333
0.235294117647
0.0952380952381
0.266666666667
0.190476190476
0.210526315789
0.352941176471
0.111111111111
0.2
0.235294117647
0.2
0.0
0.0952380952381
0.210526315789
0.0
0.2
0.545454545455
0.857142857143
0.8
0.545454545455
0.266666666667
0.666666666667
0.705882352941
0.857142857143
0.8
0.333333333333
0.625
0.461538461538
0.333333333333
0.0
0.266666666667
0.461538461538
0.285714285714
0.75
0.333333333333
0.166666666667
0.181818181818
0.5
0.166666666667
0.333333333333
0.333333333333
0.631578947368
0.142857142857
0.5
0.5
0.428571428571
0.666666666667
0.421052631579
0.0
0.333333333333
0.142857142857
0.0
0.133333333333
0.117647058824
0.363636363636
0.428571428571
0.307692307692
0.333333333333
0.571428571429
0.111111111111
0.333333333333
0.222222222222
0.25
0.461538461538
0.133333333333
0.235294117647
0.285714285714
0.235294117647
0.0
0.111111111111
0.375
0.0
0.235294117647
0.210526315789
0.461538461538
0.142857142857
0.166666666667
0.181818181818
0.6
0.166666666667
0.25
0.333333333333
0.307692307692
0.142857142857
0.307692307692
0.307692307692
0.333333333333
0.333333333333
0.428571428571
0.0
0.25
0.142857142857
0.0
0.133333333333
0.117647058824
0.363636363636
0.333333333333
0.142857142857
0.363636363636
0.571428571429
0.75
0.363636363636
0.352941176471
0.5
0.6
0.4
0.714285714286
0.714285714286
0.555555555556
0.631578947368
0.588235294118
0.0
0.352941176471
0.307692307692
0.428571428571
0.5
0.4
0.4
0.631578947368
0.307692307692
0.4
0.714285714286
0.307692307692
0.333333333333
0.428571428571
0.111111111111
0.333333333333
0.222222222222
0.25
0.461538461538
0.133333333333
0.235294117647
0.285714285714
0.235294117647
0.0
0.111111111111
0.875
0.0
0.235294117647
0.210526315789
0.461538461538
0.142857142857
0.375
0.142857142857
0.307692307692
0.4
0.666666666667
0.909090909091
0.4
0.375
0.75
0.5
0.5
0.615384615385
0.615384615385
0.588235294118
0.615384615385
0.5
0.0
0.375
0.333333333333
0.0
0.375
0.266666666667
0.444444444444
0.533333333333
0.333333333333
0.545454545455
0.666666666667
0.333333333333
0.333333333333
0.909090909091
0.461538461538
0.333333333333
0.315789473684
0.833333333333
0.6
0.571428571429
0.470588235294
0.470588235294
0.4
0.631578947368
0.4
0.0
0.315789473684
0.285714285714
0.444444444444
0.363636363636
0.285714285714
0.363636363636
0.631578947368
0.285714285714
0.307692307692
0.6
0.285714285714
0.6
0.307692307692
0.833333333333
0.636363636364
0.347826086957
0.117647058824
0.769230769231
0.555555555556
0.533333333333
0.714285714286
0.166666666667
0.588235294118
0.533333333333
0.25
0.0
0.117647058824
0.266666666667
0.181818181818
0.588235294118
0.222222222222
0.666666666667
0.153846153846
0.266666666667
0.153846153846
0.555555555556
0.266666666667
0.588235294118
0.769230769231
0.545454545455
0.947368421053
1.0
0.545454545455
0.222222222222
0.625
0.666666666667
0.533333333333
0.75
0.333333333333
0.777777777778
0.461538461538
0.4
0.0
0.222222222222
0.461538461538
0.4
0.705882352941
0.5
0.8
0.285714285714
0.461538461538
0.5
0.6
0.461538461538
0.5
0.428571428571
0.625
0.307692307692
0.75
0.705882352941
0.5
0.142857142857
0.588235294118
0.631578947368
0.533333333333
0.705882352941
0.285714285714
0.777777777778
0.461538461538
0.333333333333
0.0
0.142857142857
0.266666666667
0.333333333333
0.666666666667
0.4
0.75
0.181818181818
0.266666666667
0.4
0.4
0.266666666667
0.428571428571
0.307692307692
0.588235294118
0.777777777778

Topic 1
Mean 0.389348804095
Median 0.333333333333
Sum 122.64487329
0.133333333333
0.105263157895
0.285714285714
0.315789473684
0.461538461538
0.333333333333
0.315789473684
0.714285714286
0.4
0.545454545455
0.0
0.0
0.0
0.0
0.0
0.125
1.0
0.266666666667
0.5
0.857142857143
0.0
0.125
0.588235294118
0.235294117647
0.428571428571
0.75
0.0
0.533333333333
0.0
0.0
0.2
0.0
0.0
0.0
0.0
0.285714285714
0.0
0.0
0.2
0.0
0.0
0.0
0.0
0.285714285714
0.0
0.133333333333
0.75
0.285714285714
0.5
0.545454545455
0.0
0.571428571429
0.588235294118
0.0
0.333333333333
0.315789473684
0.625
0.235294117647
0.421052631579
0.6
0.0
0.571428571429
0.705882352941
0.0
0.0
0.625
0.0
0.0
0.0
0.0
0.0
0.0
0.0
0.0
0.0
0.0
0.0
0.0
0.352941176471
0.75
0.266666666667
0.625
0.631578947368
0.0
0.333333333333
0.96
0.5
0.5
0.769230769231
0.631578947368
0.0
0.153846153846
0.571428571429
0.210526315789
0.444444444444
0.4
0.0
0.25
0.285714285714
0.0
0.0
0.588235294118
0.222222222222
0.0
0.625
0.117647058824
0.625
0.25
0.428571428571
0.5
0.0
0.571428571429
0.588235294118
0.0
0.0
0.666666666667
0.625
0.0
0.857142857143
0.434782608696
0.111111111111
0.307692307692
0.235294117647
0.428571428571
0.8
0.0
0.714285714286
0.375
0.0
0.0
0.307692307692
0.25
0.0
0.285714285714
0.222222222222
0.266666666667
0.352941176471
0.2
0.2
0.470588235294
0.666666666667
0.0
0.181818181818
0.285714285714
0.0
0.0
0.333333333333
0.666666666667
0.0
0.705882352941
0.133333333333
0.166666666667
0.153846153846
0.133333333333
0.222222222222
0.6
0.444444444444
0.285714285714
0.0
0.181818181818
0.222222222222
0.333333333333
0.333333333333
0.727272727273
0.333333333333
0.0
0.333333333333
0.5
0.166666666667
0.153846153846
0.333333333333
0.117647058824
0.625
0.25
0.307692307692
0.333333333333
0.0
0.307692307692
0.4
0.0
0.0
0.571428571429
0.266666666667
0.0
0.8
0.47619047619
0.842105263158
0.266666666667
0.166666666667
0.0
0.142857142857
0.25
0.4
0.285714285714
0.333333333333
0.0
0.2
0.25
0.4
0.4
0.8
0.4
0.0
0.4
0.4
0.181818181818
0.166666666667
0.4
0.909090909091
0.181818181818
0.153846153846
0.285714285714
0.2
0.333333333333
0.5
0.0
0.222222222222
0.666666666667
0.0
0.0
0.5
0.0
0.0
0.5
0.5
0.2
0.0
0.0
0.333333333333
0.0
0.5
0.3
0.333333333333
0.888888888889
0.625
0.6
0.0
0.461538461538
0.4
0.0
0.0
0.461538461538
0.6
0.0
0.631578947368
0.235294117647
0.285714285714
0.4
0.666666666667
0.0
0.4
0.0
0.0
0.105263157895
0.428571428571
0.222222222222
0.266666666667
0.352941176471
0.0
0.4
0.333333333333
0.0
0.0
0.352941176471
0.352941176471
0.0
0.5
0.5
0.352941176471
0.235294117647
0.142857142857
0.0
0.25
0.0
0.5
0.25
0.7
0.588235294118
0.222222222222
0.315789473684
0.470588235294
0.0
0.533333333333
0.555555555556
0.0
0.0
0.588235294118
0.588235294118
0.0
0.352941176471
0.210526315789
0.588235294118
0.235294117647
0.352941176471
0.0
0.25
0.0
0.0
0.3
0.333333333333
0.125
0.363636363636
0.266666666667
0.5
0.857142857143
0.0
1.0
0.428571428571
0.0
0.0
0.363636363636
0.285714285714
0.0
0.333333333333
0.25
0.307692307692
0.714285714286
0.181818181818
0.0
0.307692307692
0.0
0.0
0.461538461538
0.266666666667
0.266666666667
0.235294117647
0.285714285714
0.222222222222
0.266666666667
0.4
0.0
0.266666666667
0.260869565217
0.0
0.0
0.352941176471
0.285714285714
0.0
0.333333333333
0.210526315789
0.25
0.235294117647
0.333333333333
0.0
0.315789473684
0.0
0.0
0.5
0.222222222222
0.235294117647
0.266666666667
0.133333333333
0.222222222222
0.333333333333
0.25
0.285714285714
0.0
0.181818181818
0.222222222222
0.333333333333
0.333333333333
0.25
0.333333333333
0.0
0.333333333333
0.333333333333
0.166666666667
0.153846153846
0.333333333333
0.25
0.166666666667
0.333333333333
0.333333333333
0.181818181818
0.333333333333
0.142857142857
0.181818181818
0.117647058824
0.25
0.333333333333
0.888888888889
0.307692307692
0.428571428571
0.0
0.307692307692
0.315789473684
0.0
0.0
0.461538461538
0.307692307692
0.0
0.363636363636
0.235294117647
0.285714285714
0.266666666667
0.363636363636
0.0
0.4
0.0
0.0
0.888888888889
0.25
0.25
0.307692307692
0.4
0.0
0.266666666667
0.888888888889
0.333333333333
0.444444444444
0.545454545455
0.0
0.666666666667
0.5
0.0
0.0
0.545454545455
0.545454545455
0.0
0.5
0.4
0.545454545455
0.363636363636
0.4
0.222222222222
0.4
0.285714285714
0.333333333333
0.4
0.5
0.5
0.444444444444
0.571428571429
0.222222222222
0.4

