Topic 9
Mean 0.541966026177
Median 0.533333333333
Sum 3.25179615706
0.285714285714
0.0
0.0
0.666666666667
0.210526315789
0.0
0.8
0.4
0.0
0.888888888889

Topic 3
Mean 0.5
Median 0.5
Sum 0.5
0.0
0.0
0.0
0.0
0.0
0.0
0.0
0.5
0.0
0.0

Topic 7
Mean 0.488888888889
Median 0.4
Sum 2.93333333333
0.666666666667
0.4
0.333333333333
0.0
0.0
0.0
0.333333333333
0.8
0.4
0.0

Topic 2
Mean 0.452691475191
Median 0.4
Sum 4.52691475191
0.5
0.307692307692
0.666666666667
0.4
0.875
0.266666666667
0.4
0.363636363636
0.461538461538
0.285714285714

Topic 5
Mean 0.397152194211
Median 0.357142857142
Sum 2.38291316527
0.0
0.0
0.5
0.0
0.428571428571
0.285714285714
0.0
0.266666666667
0.666666666667
0.235294117647

Topic 4
Mean 0.335851648352
Median 0.354166666666
Sum 3.35851648351
0.285714285714
0.307692307692
0.4
0.333333333333
0.375
0.428571428571
0.2
0.166666666667
0.461538461538
0.4

Topic 0
Mean 0.352941176471
Median 0.352941176471
Sum 0.352941176471
0.0
0.0
0.0
0.0
0.0
0.0
0.0
0.352941176471
0.0
0.0

Topic 6
Mean 0.349404761905
Median 0.342857142857
Sum 2.09642857143
0.142857142857
0.0
0.0
0.714285714286
0.4
0.0
0.428571428571
0.125
0.0
0.285714285714

Topic 1
Mean 0.363018657755
Median 0.325396825397
Sum 2.17811194653
0.0
0.0
0.526315789474
0.0
0.428571428571
0.210526315789
0.0
0.6
0.190476190476
0.222222222222

Topic 8
Mean 0.327757928346
Median 0.319327731093
Sum 3.27757928346
0.133333333333
0.235294117647
0.352941176471
0.285714285714
0.153846153846
0.454545454545
0.428571428571
0.2
0.533333333333
0.5

