Topic 5
Mean 0.328781327267
Median 0.13208361507
Sum 9.20587716347
0.0
0.0
0.135719953224
0.0
0.162308629553
0.100253434223
0.0
0.0957780888801
0.202816078575
0.116005716432
0.0
5.43652622944
0.139372624868
0.131427973318
0.171804940925
0.0
0.0
0.0
0.0
0.0
0.0
0.0
0.132739256821
0.255835232606
0.164854506957
0.391495162535
0.257081642883
0.0
0.0
0.0806587214308
0.0803422675538
0.079465275068
0.073455802023
0.0735195262392
0.0
0.0904214846421
0.0
0.199247654333
0.0854114061141
0.121766120718
0.0800501789602
0.148183439307
0.0
0.138567753423
0.0607680624153

Topic 4
Mean 0.140517326883
Median 0.0940412885489
Sum 5.0586237678
0.109416404781
0.0728820963197
0.105597894517
0.0840928543075
0.138188206368
0.0990143803844
0.0795511249817
0.0907285866994
0.0793562192555
0.0975442885101
0.0755145354154
0.0855151407707
0.0741976301336
0.0849587144336
0.0867686037656
0.0985307579606
0.098285674511
0.640959330361
0.11710449733
0.095249872254
0.0788551163379
0.0
0.0
0.0
0.0
0.0
0.0
0.0
0.307006784994
0.136222510665
0.0838762635679
0.099077096029
0.0928327048438
0.0873819051058
0.119751180948
0.0
0.121119087766
0.0900616451652
0.1247006703
0.090437504547
0.884471319885
0.0760267370044
0.161211838505
0.0
0.0921345890713

Topic 2
Mean 0.140175381058
Median 0.0928661788307
Sum 5.04631371808
0.195701632335
0.0804080538861
0.581963147688
0.125124139901
0.455308262033
0.11326389145
0.0751571670616
0.0871709599322
0.117089926315
0.103115905788
0.193556689359
0.0895920980838
0.0830406507242
0.0925574115224
0.0774522506338
0.0812319101003
0.0742516122661
0.0773274077041
0.0855151407707
0.072458983703
0.104845129186
0.0703271059506
0.0807393930983
0.552612863139
0.0942361191347
0.104155843813
0.0931749461389
0.067959118996
0.303164406926
0.152071738608
0.128906709617
0.105597894517
0.0700318442852
0.11718610348
0.0741976301336
0.065819629804
0.0
0.0
0.0
0.0
0.0
0.0
0.0
0.0
0.0

Topic 0
Mean 0.136377771602
Median 0.106073248824
Sum 1.36377771602
0.0
0.0
0.0
0.0
0.0
0.0
0.0
0.113856301836
0.0
0.0
0.0
0.0
0.0
0.0
0.0
0.0
0.0966481921521
0.0
0.0
0.100256925606
0.0
0.0
0.0
0.0
0.0
0.0
0.0
0.0
0.0
0.361345529261
0.0
0.0
0.15313581916
0.0
0.0855645121989
0.0
0.0
0.106116564926
0.0
0.0
0.0982489812102
0.0
0.106029932722
0.0
0.142574956943

Topic 3
Mean 0.132008592272
Median 0.104834919502
Sum 2.37615466089
0.0
0.0
0.0
0.0
0.0
0.0
0.0
0.135719953224
0.0
0.0
0.0
0.100253434223
0.0
0.0
0.162308629553
0.0
0.202816078575
0.0
0.0
0.0957780888801
0.116005716432
0.0
0.0843373696647
0.0
0.0
0.0849820745472
0.0
0.0
0.0
0.359983127318
0.0
0.0
0.0912414265903
0.109416404781
0.198428565604
0.0
0.0
0.124771672586
0.0
0.0
0.166182858761
0.0947252451868
0.0863083583234
0.0802885489157
0.082607107729

Topic 9
Mean 0.129358507462
Median 0.0963369970291
Sum 3.36332119401
0.106615354581
0.0
0.0
0.0865316051672
0.056319871013
0.0
0.309102939073
0.14538856932
0.0
0.300036066646
0.0754276215607
0.130932813873
0.0
0.0
0.0929683352402
0.099705658818
0.354291639274
0.0
0.0892870871164
0.135466101344
0.07559487242
0.118034785476
0.059911972322
0.0
0.067877814289
0.11376620729
0.0746287221303
0.0812435536152
0.150590215573
0.0813888061606
0.0
0.0763345037463
0.293653892264
0.0
0.105135813175
0.0830863725257
0.0
0.0
0.0
0.0
0.0
0.0
0.0
0.0
0.0

Topic 7
Mean 0.123234374393
Median 0.0912718976893
Sum 4.43643747815
0.364515545688
0.0724601074924
0.0689382252707
0.0
0.0
0.0
0.189542260539
0.558216584177
0.0677047430072
0.0
0.0776264743472
0.120337536675
0.091815435258
0.0
0.117228332084
0.0916045593228
0.0817623600398
0.0670181355857
0.0
0.0645750014749
0.0714140843252
0.0909392360558
0.0812319101003
0.0666613308242
0.0
0.0642436727373
0.0710090777591
0.151837257159
0.0952986131872
0.125124139901
0.0917589929897
0.0
0.121766120718
0.12969603632
0.086103207576
0.0855151407707
0.158113857262
0.137373038828
0.0893653768736
0.0
0.127122299519
0.314962172734
0.0733453276824
0.0729181853396
0.0972930985281

Topic 8
Mean 0.117248455082
Median 0.0872050234853
Sum 5.27618047869
0.081765063748
0.0775066815701
0.0867686037656
0.0874028256874
0.073184288746
0.0697540451113
0.12575286883
0.0795511249817
0.0755145354154
0.150323225311
0.0849969670974
0.0786092967712
0.0682131304998
0.100162389425
0.082607107729
0.0882235246223
0.109758405813
0.094077015193
0.078315784932
0.0856515244065
0.0763786386695
0.118608197462
0.129752194392
0.300036066646
0.374944959441
0.148988434372
0.0981456255387
0.146806624586
0.237682992084
0.0872050234853
0.0816229454281
0.0738297595647
0.0835116836379
0.0721057388496
0.0964836881882
0.131086187817
0.0774291732929
0.0931017611682
0.149727931398
0.0696912606696
0.0754409584164
0.0681530881281
0.10156802404
0.29887789859
0.306863213167

Topic 1
Mean 0.107570354995
Median 0.0883527364317
Sum 2.25897745489
0.0
0.0
0.11797228833
0.0
0.0883527364317
0.100276280295
0.0
0.163763354036
0.0866951178454
0.0816565047899
0.0
0.0
0.0
0.0
0.0
0.0
0.0883200921352
0.108934995843
0.077444054036
0.0690857074488
0.0
0.0
0.0
0.0
0.0
0.0
0.0
0.0
0.0
0.0906222984806
0.0859098603647
0.100439079942
0.302338825014
0.0
0.0685861344428
0.0
0.0
0.11304923266
0.127341822139
0.0846755927333
0.145273747765
0.0
0.0840416510788
0.0
0.0741980790829

Topic 6
Mean 0.0911022036538
Median 0.085491256508
Sum 2.55086170231
0.0739914039122
0.0
0.0
0.10813846324
0.094656785093
0.0
0.127679583075
0.0825853626319
0.0
0.0952986131872
0.0
0.0
0.0
0.0
0.0
0.0763345037463
0.0792914214281
0.0
0.0909392360558
0.0855151407707
0.0
0.0900558112853
0.0703444684149
0.0
0.079362511374
0.103115905788
0.0
0.072458983703
0.150590215573
0.102548678034
0.0
0.140814421905
0.100253434223
0.0
0.0865316051672
0.0827691497116
0.0827414569941
0.0556492066748
0.0
0.138151947346
0.0743396364286
0.0
0.0569642808069
0.0642721034908
0.0854673722452

