Topic 9
Mean 2.22222222222e+298
Median 0.112965193851
Sum 1e+300
0.0869173895776
0.0975044943983
0.385483244781
0.204829758415
0.126918464357
0.928009553473
0.139844383314
0.222530002552
0.246562691589
0.1987840602
0.0826358929749
0.27701595621
0.112965193851
0.150376968421
0.0989391691541
0.0867973201247
0.0720351023792
0.0908021581912
0.111351045706
0.0897849154618
0.0649584898546
0.074667480106
0.0634366420993
0.0830021897924
0.121864880073
0.0768086470911
0.0608666163341
0.0904691778616
0.130111660326
0.120871762773
0.194607816094
1e+300
0.12728864944
0.159549478233
0.104473831773
0.0873102117815
0.137527950483
0.106100199553
0.102705059234
0.17817613437
1.05774978861
0.0913037496851
0.118183391795
0.0853519138032
0.16652318846

Topic 6
Mean 0.668105451459
Median 0.112264834079
Sum 28.7285344127
0.0880571795715
0.0844308932971
0.0796115705157
0.0819377411387
0.130390177634
0.0937127335142
0.128956252605
0.11458835302
0.0851531462338
0.0809206969272
0.11399141755
0.123679508546
0.112529459273
0.0845848537663
0.149470721005
0.153535292872
0.0887432294798
0.0942408943712
0.102601061603
0.117271375323
0.115143724384
0.165026117266
0.062565207345
0.0768001181839
0.0822625734224
0.131484506527
0.0729813313956
0.120110762269
0.0724755311778
0.476107679224
23.6966794923
0.0
0.112264834079
0.120977027473
0.0759967849764
0.0
0.138129894936
0.0815145043254
0.0850848790056
0.118474604098
0.228454695008
0.0863209443866
0.18778311915
0.228709055805
0.0847804677549

Topic 7
Mean 0.126136378822
Median 0.107522766817
Sum 5.676137047
0.133583691361
0.165180691885
0.127803038379
0.294078225072
0.193385461003
0.376857830283
0.107953752443
0.0984602578417
0.0785806046105
0.137983580369
0.0706046006865
0.0727804100528
0.0950749573954
0.114883525995
0.0595993487235
0.107522766817
0.0908848319409
0.0921004234008
0.122875443044
0.0843799597575
0.0875987781562
0.115926535346
0.0911769942052
0.0738711561012
0.150134870419
0.109972997454
0.0672285247423
0.0789736454516
0.153164577636
0.0974504845118
0.356108904257
0.1355540496
0.0900102912817
0.111796286331
0.108204409103
0.103452462216
0.224057293484
0.0995621208534
0.139714210833
0.167827684006
0.0809012897065
0.0950061981197
0.105234767453
0.094999909052
0.113635205616

Topic 5
Mean 0.146995297246
Median 0.103474864847
Sum 4.40985891738
0.0
0.0
0.103757696907
0.0
0.0915575016935
0.0844170197209
0.0
0.0
0.0
0.0
0.113349601167
0.0
0.0
0.0
0.0
0.117087430487
0.0826229455597
0.0767634687134
0.0805245980063
0.0
0.0917561880083
0.155912852104
0.0834566693863
0.212081205062
0.0832492315461
0.0
0.134598541696
0.470192839445
0.0968642781962
0.126704222327
0.139769078133
0.0872471563663
0.0
0.0781064936478
0.850633067675
0.140419255175
0.0831954159353
0.123520030244
0.0793716798496
0.0866200454541
0.0
0.103192032787
0.141391500486
0.12191813938
0.16957873222

Topic 0
Mean 0.112888042182
Median 0.100929268567
Sum 3.61241734981
0.088639123872
0.0
0.0
0.139840840724
0.15178959445
0.124327359883
0.15254342374
0.120623446683
0.143705244868
0.17436263643
0.116845570658
0.204047923654
0.0698077303634
0.113733016846
0.085647793542
0.100608439476
0.0782401893539
0.109763301026
0.0976400213218
0.122248003359
0.0858441314148
0.0
0.0
0.0804585205483
0.0764396453605
0.0806439679192
0.101250097657
0.0779261255392
0.185809579346
0.0994257464514
0.0908411829181
0.0857509734724
0.145178403684
0.128111453682
0.0878814178394
0.0924424437313
0.0
0.0
0.0
0.0
0.0
0.0
0.0
0.0
0.0

Topic 3
Mean 0.111030934131
Median 0.0995772725847
Sum 4.33020643112
0.0972342697155
0.0959227024653
0.086986651392
0.093177606793
0.110291720475
0.156879767653
0.0745077345678
0.113935380618
0.0776048769541
0.0892523850055
0.0861736841557
0.159685876886
0.0916960408555
0.116079271241
0.0995772725847
0.0
0.0
0.0736033256869
0.0855362295202
0.292863706546
0.0676624571233
0.163897324764
0.186889806709
0.116889815863
0.13003593905
0.164270675251
0.116788864995
0.140633612068
0.104197408041
0.0795833155913
0.0852949955139
0.10106274316
0.0701603568952
0.103347460509
0.0
0.141885734622
0.0
0.0
0.12130978367
0.0912544941234
0.0783358555096
0.0711913192375
0.0754585052423
0.119047460063
0.0

Topic 4
Mean 0.1374060633
Median 0.0946123055378
Sum 5.22143040541
0.19416560076
0.093749080603
0.10435616276
0.0911140638616
0.156757823278
0.0816658195508
0.0
0.0
0.0
0.0
0.0844133423407
0.112982305982
0.0865642151748
0.128875400496
0.0
0.0875134667924
0.137177878845
0.0682808639903
0.0749166568196
0.0760726342239
0.0931707032336
0.0904558100739
0.374944959441
0.07005891577
0.077283014769
0.0
0.392586600287
0.0754891242724
0.134523282326
0.160163269969
0.0938770003435
0.0923738025353
0.0
0.130726433034
0.103890955721
0.108063877785
0.119333712483
0.15284838888
0.11145955745
0.742750189412
0.061267338859
0.202636007614
0.0767003261649
0.0953476107322
0.082874208779

Topic 2
Mean 0.106231518389
Median 0.0859803921705
Sum 3.7181031436
0.114693921361
0.0805722553137
0.0949232149111
0.0847906655294
0.0843194415495
0.0
0.0819232371953
0.0968039269881
0.0847265956909
0.0884687261438
0.0982193071385
0.0787999091833
0.171828574592
0.0
0.07164243094
0.0969812773041
0.47673773306
0.089281312158
0.0
0.0838745326093
0.0899174186059
0.0740359692822
0.0859803921705
0.229338171016
0.0
0.0661452230122
0.110509424055
0.0756259782646
0.0711864808715
0.0708540404974
0.0
0.0836350874152
0.0737610568863
0.0
0.0
0.0
0.0769786995786
0.0899748484232
0.13789747351
0.0
0.0807620329601
0.10360305195
0.103075128407
0.116235605029
0.0

Topic 8
Mean 0.106461167451
Median 0.0852344365724
Sum 4.79075253528
0.105055501477
0.115563666521
0.192007815328
0.0852988738299
0.103578802045
0.494756662683
0.0629033623545
0.0803065529093
0.102280588362
0.058642219938
0.0801688443906
0.338421432855
0.126353427241
0.14568404797
0.0649048060487
0.0753553064954
0.101777564203
0.124602562956
0.0795885347572
0.0793404793915
0.0806319536214
0.0611647054256
0.0774942655294
0.115195213151
0.069355548097
0.0518596777235
0.0685624320689
0.073074177567
0.0883755310062
0.133429390529
0.128401949867
0.0911334387373
0.0852344365724
0.125291676149
0.121084533774
0.0826923191648
0.0652831195915
0.0842262863471
0.0908493059263
0.0607051958829
0.0682531586523
0.0674414629836
0.0894639833531
0.0763893944135
0.118568327392

Topic 1
Mean 4.7619047619e+298
Median 0.0770523579509
Sum 1e+300
0.0768426688925
0.0612855523833
0.0711119625107
0.0781457478372
0.0778316286664
0.0635985523305
0.069810257759
0.166665057238
0.0617365656274
0.0750863530089
0.0
0.0
0.0
0.0
0.0
0.0770523579509
1e+300
0.071291505249
0.0959945155663
0.216802124761
0.0
0.0680378328049
0.112655192546
0.0635064440714
0.0810308974633
0.136804620754
0.0
0.112655192546
0.0
0.0
0.0
0.0
0.0
0.0
0.0
0.0
0.0
0.0
0.0
0.0
0.0
0.0
0.0
0.0
0.0

