Topic 0
Mean 2.7397260274e+298
Median 0.113856301836
Sum 2e+300
0.0
0.0
0.0
0.0
0.0
0.0
0.0
0.113856301836
0.0
0.0
0.0
0.0
0.0
0.0
0.0
0.0
0.0966481921521
0.0
0.0
0.100256925606
0.0
0.0
0.0
0.0
0.0
0.0
0.0
0.0
0.0
0.361345529261
0.0
0.0
0.15313581916
0.0
0.0855645121989
0.0
0.0
0.106116564926
0.0
0.0
0.0982489812102
0.0
0.106029932722
0.0
0.142574956943
0.0
0.13069090724
0.0
0.0
0.0949722275675
0.0
0.0889437094431
0.0
0.111210893225
0.0864918535849
0.0
1e+300
0.0
0.0
0.103808387804
0.0
0.0966481921521
0.0
0.361345529261
0.150749529497
0.13069090724
0.0
0.0876244167895
0.0
0.0
0.153506376924
0.0
0.0850804281107
0.0
0.121444604229
0.192260642209
0.0812439741076
0.127325726733
0.0
0.0840101745315
0.0
0.0
0.0
0.0
0.0
0.0
0.0
0.113158777135
0.0893746037727
0.0915573399111
0.0
0.0
0.101753492249
0.0
0.0
0.10576145262
0.0
0.198428565604
0.0
0.0895419025333
0.0884350258837
0.0932493655636
0.101753492249
0.0890119073929
0.0
0.0
0.0
0.0
0.0
0.0
0.0
0.0
0.0
0.0
0.0
0.0
0.0
0.0
0.0
0.0
0.0
0.0
0.0
0.0
0.0
0.0
0.0
0.0
0.0
0.0
0.0
0.0
0.0
0.0
0.0
0.0
0.0
0.331051985431
0.0
0.0
0.215408111064
0.0
0.0912414265903
0.0
0.223909270395
0.161719713301
0.120995494361
0.331051985431
0.120293558582
0.127841863608
0.0957780888801
0.0
0.0
0.0
2.32785430981
0.0
0.0
0.108653693053
0.0
0.100834660167
0.0
0.427742685891
0.150749529497
0.138464618206
1e+300
0.127325726733
0.198813464976
0.106404572337
0.0
0.0
0.385937446911
0.0
0.340446461203
0.0
0.0
0.145348588012
0.0
0.10531178044
0.0
0.173773764497
0.12971395413
0.196530792436
0.101149632501
0.11948591829
0.0901992179701
0.0954311064994
0.0
0.0
0.446895203189
0.101149632501

Topic 6
Mean 1.30718954248e+298
Median 0.0900558112853
Sum 2e+300
0.0739914039122
0.0
0.0
0.10813846324
0.094656785093
0.0
0.127679583075
0.0825853626319
0.0
0.0952986131872
0.0
0.0
0.0
0.0
0.0
0.0763345037463
0.0792914214281
0.0
0.0909392360558
0.0855151407707
0.0
0.0900558112853
0.0703444684149
0.0
0.079362511374
0.103115905788
0.0
0.072458983703
0.150590215573
0.102548678034
0.0
0.140814421905
0.100253434223
0.0
0.0865316051672
0.0827691497116
0.0827414569941
0.0556492066748
0.0
0.138151947346
0.0743396364286
0.0
0.0569642808069
0.0642721034908
0.0854673722452
0.169055754064
0.0789430672549
0.0
0.109380625542
0.126096104824
0.0
0.0763403800999
0.0839692899586
0.144680887316
0.0676105683198
0.10268790543
0.0840757115455
0.0
0.364515545688
0.125124139901
0.0
0.0812319101003
0.0751571670616
0.372038232479
0.138654236618
0.138233800105
0.0639954732599
0.062564181121
0.0
0.110263722978
0.0703249467069
0.0
0.0642312785059
0.0612490620693
0.0773140114098
0.109090791285
0.0608605833765
0.15500448633
0.0808300844506
0.103484874448
0.0
0.106145497065
0.091197348493
0.0
0.0871972422977
0.0764975934649
0.116170810597
0.0594309278421
0.0867761435852
0.093018156966
0.067384834998
0.0813888061606
0.0550340463957
0.0
0.222926513389
0.0732459274499
0.0
0.056319871013
0.0634529371376
0.106615354581
3.95606635065
0.0719479521444
0.130417053758
0.131033120419
0.0587298451773
0.112371458431
0.0685323090093
0.0
0.138878308703
0.099268157078
0.0
0.0705377296504
0.0820964180105
0.156640756477
0.0851774421895
0.118696107148
0.131445957357
0.0598706331546
0.074359362992
0.0879301930628
0.0972138494352
0.0883030092214
0.0
0.108686421935
0.132617429365
0.0
0.100892634829
0.232206942575
0.356108904257
0.0790541610947
0.147437286519
2.21446693948
0.144216593258
0.0982203439277
0.10195818156
0.117879065244
0.0986240816563
0.0618756473816
0.0
0.140933494344
0.0858847316497
0.0
0.0635057750373
0.0727241590913
0.0739223131919
0.0769425558245
0.0866340850094
0.0928549453418
0.0702710880763
0.0665867853255
0.179413322392
0.100701919228
0.0690755650989
0.0799456081359
0.102039554504
0.0
0.10462544847
0.0900730141613
0.0
0.086168820056
0.0757049270048
0.114352528115
0.0827104905092
0.0857575723936
0.0918487663027
0.0750510751891
0.115517874382
0.54762398568
0.0736101728357
0.0969174117125
0.0718509082911
0.0739914039122
1e+300
0.0
0.110263722978
0.0825853626319
0.0
0.0792914214281
0.0703444684149
0.232461572386
0.109090791285
0.0895782982114
0.260301330029
1e+300
0.103484874448
0.131033120419
0.108441289575
0.144216593258
0.0702710880763
0.102039554504

Topic 3
Mean 8.19672131148e+297
Median 0.10470001417
Sum 1e+300
0.0
0.0
0.0
0.0
0.0
0.0
0.0
0.135719953224
0.0
0.0
0.0
0.100253434223
0.0
0.0
0.162308629553
0.0
0.202816078575
0.0
0.0
0.0957780888801
0.116005716432
0.0
0.0843373696647
0.0
0.0
0.0849820745472
0.0
0.0
0.0
0.359983127318
0.0
0.0
0.0912414265903
0.109416404781
0.198428565604
0.0
0.0
0.124771672586
0.0
0.0
0.166182858761
0.0947252451868
0.0863083583234
0.0802885489157
0.082607107729
0.0
0.372508380655
0.0
0.0
0.200567595059
0.166147008877
0.364410565683
0.0
0.237663214513
0.111298281505
0.0
0.104171278014
0.0
0.0
0.108331247338
0.0941460218717
0.121283873561
0.151588291393
0.113640667055
0.137454494674
0.158837006641
0.0
0.105228750325
0.0
0.0
0.147098680158
0.124540826963
0.0829252666712
0.0792729726432
0.0982066200851
0.07360077295
0.171187240213
0.0823905184838
0.0
0.156163958703
0.0
0.0
0.120293558582
0.0979917907898
0.0890119073929
0.0
0.0850804281107
0.150452788163
0.115835214431
0.183752065251
0.0732937809832
0.0
0.0915922607829
0.0
0.0
0.331051985431
0.180246009461
0.101753492249
0.0948432285867
0.0966481921521
0.0868365417627
0.138385820598
0.0878431353822
0.26440369803
0.0876244167895
0.0
0.105977411508
0.0
0.0
0.364058063792
0.0
0.0
0.110354138868
0.0
0.0996620527735
0.0
0.100990220657
0.0981019922474
0.0
0.674772958403
0.0
0.0905046995414
0.0
0.0
0.093068730741
0.0893083470379
0.0817883702314
0.0845385465134
0.0784571576939
0.0903022527151
0.215851721909
0.140822277375
0.0843453125746
0.093237060466
0.0918295863784
0.426653687092
0.0
0.125699870901
0.0
0.0
0.107761424924
0.0969680568814
0.0881663951653
0.0
0.0843076314165
0.0753081633155
0.232888069893
0.0944316463769
0.114124882081
0.0773582973295
0.0868049369619
0.0
0.0970085026275
0.0
0.0827190825797
0.0
0.0
0.187723854181
0.152478273321
0.0931562470663
0.0
0.0888589877379
0.122763990904
0.122953523449
0.114787504739
0.197125187538
0.128307120736
0.222571510104
0.0
0.101838592629
0.0804695384079
0.0
0.106615354581
0.0
0.0
0.236474009234
0.0732459274499
0.0681099078682
0.304973440347
0.0657839157886
0.100226026933
0.141077859788
0.301400774831
0.0986483998517
0.0827245462465
1e+300
0.674772958403
0.378578997984
0.061070338504
0.0862923584305

Topic 8
Mean 5.84795321637e+297
Median 0.0965375779654
Sum 1e+300
0.081765063748
0.0775066815701
0.0867686037656
0.0874028256874
0.073184288746
0.0697540451113
0.12575286883
0.0795511249817
0.0755145354154
0.150323225311
0.0849969670974
0.0786092967712
0.0682131304998
0.100162389425
0.082607107729
0.0882235246223
0.109758405813
0.094077015193
0.078315784932
0.0856515244065
0.0763786386695
0.118608197462
0.129752194392
0.300036066646
0.374944959441
0.148988434372
0.0981456255387
0.146806624586
0.237682992084
0.0872050234853
0.0816229454281
0.0738297595647
0.0835116836379
0.0721057388496
0.0964836881882
0.131086187817
0.0774291732929
0.0931017611682
0.149727931398
0.0696912606696
0.0754409584164
0.0681530881281
0.10156802404
0.29887789859
0.306863213167
0.0846255865087
0.095603010153
0.857728210087
0.167047373785
0.129044524932
0.141041530277
0.0874372587958
0.595794583259
0.0819057346034
0.12747539601
0.0747154821785
0.0896042804405
0.0788715029455
0.0745611493337
0.0728625210995
0.0805016543423
0.109429101682
0.136005943732
1.55493856985
0.256285846417
0.083799760094
0.0
0.0
0.0
0.0
0.0
0.0
0.0
0.0
0.0
0.0
0.0
0.0
0.0979870773241
0.0804616267047
0.0763345037463
0.0996094094693
0.0948245020272
0.273734952636
0.0867079518199
0.293653892264
0.0906294721873
0.0762593210081
0.125219791714
0.0929541730503
0.0
0.113648927337
0.0907285866994
0.0855151407707
0.0977230542232
0.109416404781
0.0947252451868
0.0987501448488
0.138449645459
0.104686041363
0.0854207974943
0.0942642178415
0.107638124948
0.0
0.127679583075
0.104502153139
0.122070709852
0.300036066646
0.262593390477
0.148988434372
0.0882846180321
0.137049075538
1e+300
0.112126173362
0.29887789859
0.595794583259
0.106998585661
0.0
0.102382406079
0.119604306064
0.0957839080691
0.0878374693375
0.113034905289
0.99889057753
0.176952899442
0.0921683763494
0.0953348273239
0.386289203502
0.0825681052371
0.112870128547
0.200593148953
0.0898427543784
0.0
0.104090606278
0.108320190804
0.253300363136
0.0990801894201
0.0819383756649
0.0971914695268
0.0867542888367
0.0958478230395
0.0843835169401
0.0884253307705
0.154534149396
0.0921983618665
0.097069622256
0.0872993477595
0.0944804849678
0.0
0.109578070505
0.177482032716
0.150874162586
0.098534535314
0.162505493146
0.0928327048438
0.0873819051058
0.100168471925
0.307006784994
0.0970211675903
0.101247893356
0.143409805221
0.0982713511549
0.0872834002853
0.0965375779654
0.0838503381658
0.0
0.114320587823
0.136222510665
0.123288079171
0.111332904963
0.115811267503
0.0777546839659
0.0940111531718
0.0822658975541
0.0699548514461
0.0757499335319
0.0684051507175
0.119494518499
0.119935743357
0.0841003104629
0.087937331796
0.0771433011299
0.0937694583528
0.0
0.0765750498615
0.0858171409699
0.113343055315
0.0832260938292
0.0779113954557
0.0876972586378

Topic 5
Mean 0.232511982493
Median 0.123411875315
Sum 26.5063660043
0.0
0.0
0.135719953224
0.0
0.162308629553
0.100253434223
0.0
0.0957780888801
0.202816078575
0.116005716432
0.0
5.43652622944
0.139372624868
0.131427973318
0.171804940925
0.0
0.0
0.0
0.0
0.0
0.0
0.0
0.132739256821
0.255835232606
0.164854506957
0.391495162535
0.257081642883
0.0
0.0
0.0806587214308
0.0803422675538
0.079465275068
0.073455802023
0.0735195262392
0.0
0.0904214846421
0.0
0.199247654333
0.0854114061141
0.121766120718
0.0800501789602
0.148183439307
0.0
0.138567753423
0.0607680624153
0.0
0.377556215591
0.11646737901
0.101173244135
0.091629199456
0.188444118025
0.0
0.124579490176
0.0672160468312
0.15483721558
0.0
0.364058063792
0.105977411508
0.0
0.0
0.720132778831
0.0
0.104151195161
0.0
0.4401282388
0.100102271654
0.0
0.960809756923
0.1090580588
0.138852428012
0.087095950101
0.345645758979
0.0
0.112016200266
0.0704013906439
0.124658500632
0.100678451539
0.0929643549125
0.0
0.0
0.0
0.0
0.0
0.0
0.0
0.0
0.0
0.0
0.0
0.0
0.0
0.0
0.0
0.0
0.0
0.0
0.0
0.0
0.0
0.0
0.0
0.0
0.0
0.0
0.0
0.0
0.187723854181
0.0827190825797
0.152478273321
0.0931562470663
0.147610148884
0.0
0.122244260455
0.0680341472479
0.604538798578
0.105489101311
0.0
0.157041038208
0.0
0.0
0.0
1.60789140075
0.144680887316
0.126096104824
0.143442857984
2.28314899838
0.0
0.168078318373
0.0714821586711
0.145469900468
0.147013532479
0.0
0.155184357813
0.0
0.0
0.191566449437
0.0
0.280604645486
0.149137388602
0.0824413840102
0.0759916193431
0.139339397317
0.0
0.145546007512
0.0584003195532
0.152595749871
0.145206914861
0.114619797297
0.118231943945
0.0
0.0
0.102894488215
0.0831316133016
0.0
0.107761424924
0.125699870901
0.0969680568814
0.0881663951653
0.106870208375
0.0
0.113793088287
0.0854264720192
0.0704991209752
0.0793275485547
0.0
0.0902029816577
0.0
0.0
0.0804695384079
0.0919849135015
0.0673321080411
0.0
0.151427521676
0.186001062855
0.10626533858
0.183959891748
0.42211510529
0.0
0.226543784034
0.0646267188022
0.127258023639
0.155853760749
0.0860770421833
0.108461551337
0.0
0.0
0.154946771422
0.174159783282
0.120679967775
0.075745882724

Topic 1
Mean 0.220813960675
Median 0.096778173085
Sum 24.9519775563
0.0
0.0
0.11797228833
0.0
0.0883527364317
0.100276280295
0.0
0.163763354036
0.0866951178454
0.0816565047899
0.0
0.0
0.0
0.0
0.0
0.0
0.0883200921352
0.108934995843
0.077444054036
0.0690857074488
0.0
0.0
0.0
0.0
0.0
0.0
0.0
0.0
0.0
0.0906222984806
0.0859098603647
0.100439079942
0.302338825014
0.0
0.0685861344428
0.0
0.0
0.11304923266
0.127341822139
0.0846755927333
0.145273747765
0.0
0.0840416510788
0.0
0.0741980790829
0.0
0.119640866003
0.141550202801
0.169190928163
0.107559561592
0.0
0.0796382358211
0.0
0.080152586652
0.223127733484
0.0
0.0908139810436
0.093101007957
0.0690904376576
0.062359652655
0.0
0.0815970028316
0.0
0.0619523326143
0.125674320716
0.070831471049
0.0
0.067631568487
0.0800185136273
0.0757067902217
0.0676998493244
0.0
0.0647785574834
0.0
0.067220048542
0.094263448203
0.0635777437797
0.0588289181591
0.0
0.0851489402593
0.10576145262
0.0983575501383
0.0852572012497
0.0
0.0806754806239
0.0
0.0844976620501
0.163189629862
0.120634775758
0.0716508135107
0.0787919771703
0.0
0.0
0.0
0.0
0.0
0.0
0.0
0.0
0.0
0.0
0.0
0.0
0.0
0.0
0.0
0.250761135092
0.0997755854916
0.086937678356
0.18952430326
0.0
0.096058761112
0.0
0.245837256885
0.348851187805
0.103896227578
0.0875263255159
0.10822300016
0.171804940925
0.0
0.0
0.169074871129
0.112772478062
0.0867946800982
0.124590885509
0.0
0.111004946374
0.0
0.0758201689814
6.63555547032
0.103692065581
0.0837312141906
0.130302368759
0.202816078575
0.0
0.139372624868
0.0
0.183546310473
0.215408111064
0.0912574566093
0.189108557096
0.0
0.096778173085
0.0
0.198900159037
0.12728864944
0.100916430877
0.0997807137756
0.0741692937886
0.0957780888801
0.0
5.43652622944
0.135719953224
0.0
0.360200265904
0.124652143144
0.0722208401389
0.0963795866274
0.0
0.0760484720311
0.0
0.0644575844462
0.181884947315
0.0941943074574
0.0679775275235
0.086608135415
0.0750231924259
0.0
0.147839499175
0.0981950924089
0.10290728359
0.0
0.108928021599
0.0
0.0
0.145292033609
0.0
0.0
0.0
0.0
0.230936791444
0.139856867791
0.0
0.0
0.0
0.0
0.0850744788601
0.0936107116387
0.0944056567505
0.146433038541

Topic 9
Mean 0.200597709848
Median 0.100755628225
Sum 23.2693343424
0.106615354581
0.0
0.0
0.0865316051672
0.056319871013
0.0
0.309102939073
0.14538856932
0.0
0.300036066646
0.0754276215607
0.130932813873
0.0
0.0
0.0929683352402
0.099705658818
0.354291639274
0.0
0.0892870871164
0.135466101344
0.07559487242
0.118034785476
0.059911972322
0.0
0.067877814289
0.11376620729
0.0746287221303
0.0812435536152
0.150590215573
0.0813888061606
0.0
0.0763345037463
0.293653892264
0.0
0.105135813175
0.0830863725257
0.0
0.0
0.0
0.0
0.0
0.0
0.0
0.0
0.0
0.109181374174
0.112580065565
0.0
0.0
0.1083066814
0.0783650056273
0.0854328406825
0.0
0.0
0.0
0.0897048593973
0.289712508066
0.0
0.0791466575088
0.113418997078
0.0800777937557
0.159382078244
0.0780663901804
0.118974576811
0.0
0.0912030403836
0.202816078575
0.0681099078682
0.0
0.0785956458099
0.190532327692
0.0
0.0970905283485
0.140496343131
0.099734058743
0.0
0.0
0.0925873903678
0.0
0.0
0.0
0.0
0.0
0.0
0.0
0.0
0.0
0.0
0.0
0.0
0.0
0.0854673722452
3.95606635065
0.0
0.0569642808069
0.345921872985
0.143582720097
0.0856821733106
0.060641737464
0.0827414569941
0.0
0.0892584058103
0.152039029362
0.0690546230926
0.0
0.121555781817
0.0847397984624
0.0
0.0901964242692
0.137570376451
0.0
0.10460290593
0.073408444187
0.0970413083017
0.0
0.0
0.0936495232679
0.0861073682198
0.0
0.0685686865141
0.142801975806
0.614039957009
0.0
0.083976914447
0.265425464531
0.119621092414
0.160060580438
0.092221428586
0.158706313753
0.0
0.0812501588164
0.145416499459
0.113193061163
0.0
0.131503782038
0.133376626841
0.111631371738
0.0575468064186
0.0
0.0846145844981
0.124993963635
0.0
0.0971690438772
0.0696680081501
0.078606018199
0.0
0.0
0.0876463325872
0.0810058491616
0.0
0.0582197668844
1.36727911866
0.0867342482979
0.126870253762
0.106184094273
0.0
0.0904922887763
0.153655624882
0.0
0.180876902553
1.69488505883
0.130717490378
0.0
0.0
1.18527651488
0.15319536895
0.0
0.0880596069557
0.109962564953
0.134768964125
0.101777197707
0.0810182553665
0.10536262547
0.0
0.0
0.913033594928
0.0747984431646
0.0812112497572
0.0
0.0
0.0
0.0844170197209
0.771432762869
0.0
0.0
0.18169469984
0.0
0.161237809195
0.0
0.0

Topic 7
Mean 0.134437027542
Median 0.0819213636513
Sum 18.2834357457
0.364515545688
0.0724601074924
0.0689382252707
0.0
0.0
0.0
0.189542260539
0.558216584177
0.0677047430072
0.0
0.0776264743472
0.120337536675
0.091815435258
0.0
0.117228332084
0.0916045593228
0.0817623600398
0.0670181355857
0.0
0.0645750014749
0.0714140843252
0.0909392360558
0.0812319101003
0.0666613308242
0.0
0.0642436727373
0.0710090777591
0.151837257159
0.0952986131872
0.125124139901
0.0917589929897
0.0
0.121766120718
0.12969603632
0.086103207576
0.0855151407707
0.158113857262
0.137373038828
0.0893653768736
0.0
0.127122299519
0.314962172734
0.0733453276824
0.0729181853396
0.0972930985281
0.0
0.0
0.0
0.0
0.0
0.0
0.0
0.0
0.0
0.0
0.0904827644571
0.0808674942565
0.0664157234025
0.0
0.0640155270385
0.0707304547863
0.150568990755
0.148779852169
0.085111377108
0.0726244101811
0.0
1.0871039028
0.548398363257
0.0693920590425
0.0
0.155599120066
0.0741159267132
0.0764911903449
0.0760267370044
0.0900616451652
0.111979490576
0.0
0.0757074351187
0.157694373732
0.106915053143
0.0716396338128
0.0
0.0688549304332
0.0766855906338
0.0902971741018
0.089650639355
0.0938844723212
0.0845677775915
0.0
0.0892069808299
0.0917365628393
0.0819934842905
0.195701632335
0.107060421342
0.0
0.175536801954
0.128468675174
0.0746945668715
0.0742516122661
0.455308262033
0.299990453449
0.0
0.0739470170021
0.140116643247
0.0804811224637
0.0852751750884
0.0818492430121
0.0730994951819
0.0
0.0602338441462
0.0783607504032
0.0596897955055
0.0594065917242
0.0785542095293
0.0968993818027
0.0
0.0592114559142
0.0827893871952
0.0633284075267
0.0689467449966
0.222926513389
0.130417053758
0.0589622598992
0.0
0.266379329861
0.062338282614
0.056574346243
0.056319871013
0.0732459274499
0.108674055463
0.0
0.0561444566569
0.122839245627
0.0598326762228
0.1272585326
0.0714542849839
0.0934848173468
0.0832569890116
0.0680190154689
0.0
0.0655037320564
0.0725516871593
0.105730474638
0.104845129186
0.0877623623941
0.0745458077547
0.0
0.104238847487
0.0777977759776
0.0921236097842
0.0759399955375
0.060482458908
0.0572859312659
0.0
0.0
0.0
0.0
0.0
0.0
0.0
0.0
0.0
0.0
0.0
0.0
0.0
0.0
0.0
0.0
0.0
0.0
0.0739961028864
0.0703271059506
0.0867796637586
0.0
0.0690438843002
0.282862440814
0.0683299904614
0.067959118996
0.0942361191347
2.77544277209
0.0
0.0677038736358
0.070799473124
0.0731406813662
0.0807393930983
0.0885553041182
0.0599753047561
0.069370741794
0.0

Topic 4
Mean 0.129781981874
Median 0.0987501448488
Sum 22.1927189004
0.109416404781
0.0728820963197
0.105597894517
0.0840928543075
0.138188206368
0.0990143803844
0.0795511249817
0.0907285866994
0.0793562192555
0.0975442885101
0.0755145354154
0.0855151407707
0.0741976301336
0.0849587144336
0.0867686037656
0.0985307579606
0.098285674511
0.640959330361
0.11710449733
0.095249872254
0.0788551163379
0.0
0.0
0.0
0.0
0.0
0.0
0.0
0.307006784994
0.136222510665
0.0838762635679
0.099077096029
0.0928327048438
0.0873819051058
0.119751180948
0.0
0.121119087766
0.0900616451652
0.1247006703
0.090437504547
0.884471319885
0.0760267370044
0.161211838505
0.0
0.0921345890713
0.0793234694166
0.0904325815141
0.0979587527747
0.290550585036
0.300649787208
0.0786153378196
0.103497863482
0.0
0.0925228343831
0.455475002602
0.12575286883
0.113648927337
0.074736065831
0.0865707426728
0.081765063748
0.0775066815701
0.101949842852
0.0
0.162505493146
0.0812229997709
0.0815245795238
0.199342934704
0.109888245439
0.0730911449382
0.0843712839262
0.0798002470739
0.0757389813252
0.0989132195652
0.0
0.568432517784
0.0792838394423
0.0795711654781
0.126376526109
0.178201951499
0.154833919591
0.196295699832
0.12418512398
0.113005859191
0.0946824496963
0.282949968647
0.0
0.262250776468
0.114775384133
0.108990070038
0.221175555026
0.179456924426
0.11480806448
0.0781624743859
0.346316160751
0.0900381172555
0.13046434696
0.0735725472759
0.520668371033
0.0
0.144681728451
0.114721572147
0.114285012276
0.0861580935301
0.115327662594
0.163901664867
0.154010685524
0.099268157078
0.0915914559965
0.0779669749795
0.0740474227121
0.0705377296504
0.118186448803
0.0
0.101792514061
0.152407935451
0.107538312865
0.0886367533981
0.0863324589656
0.111837963041
0.0869941218431
0.0982566884388
0.102961873776
0.0931777235894
0.111829278947
0.146530503201
0.097891855139
0.219533868608
0.0
0.119346589579
0.204158556085
0.124691765608
0.101656450831
0.0986370212139
0.231817118326
0.0881808031278
0.176210804836
0.0684179543358
0.0765263264326
0.123476526542
0.120820917458
0.0774473262252
0.058239473993
0.175162649907
0.0
0.0780178489319
0.133277148183
0.106390154058
0.0700492207428
0.0686021457854
0.154512210638
0.138459396356
0.0643071393152
0.065837196656
0.112982827278
0.103115905788
0.0700318442852
0.0803209988703
0.0761674951583
0.072458983703
0.309733288254
0.0
0.141794979473
0.0756968956325
0.0759587685417
0.128396368257
0.113485999208
0.239864244179
0.0799656570407
0.0820964180105
0.307041064562
0.0659001424292
0.0856515244065
0.0987501448488
0.0839612853763
0.125261445459
0.109758405813
0.094077015193
0.0899748484232
0.0
0.101247893356
0.0863110712083
0.11176168185
0.0882235246223
0.085940388853
0.111180892921
0.0831617558787
0.0793050220397
0.128182646993
0.0640893496
0.081741800058

Topic 2
Mean 0.113802165719
Median 0.0902656670698
Sum 17.7531378522
0.195701632335
0.0804080538861
0.581963147688
0.125124139901
0.455308262033
0.11326389145
0.0751571670616
0.0871709599322
0.117089926315
0.103115905788
0.193556689359
0.0895920980838
0.0830406507242
0.0925574115224
0.0774522506338
0.0812319101003
0.0742516122661
0.0773274077041
0.0855151407707
0.072458983703
0.104845129186
0.0703271059506
0.0807393930983
0.552612863139
0.0942361191347
0.104155843813
0.0931749461389
0.067959118996
0.303164406926
0.152071738608
0.128906709617
0.105597894517
0.0700318442852
0.11718610348
0.0741976301336
0.065819629804
0.0
0.0
0.0
0.0
0.0
0.0
0.0
0.0
0.0
0.364515545688
0.0819934842905
0.0852404324698
0.0952986131872
0.079362511374
0.123647804058
0.0909392360558
0.0739961028864
0.120387923985
0.0
0.153714851055
0.406456871595
0.141432879085
0.138852428012
0.0796232217797
0.128624988732
0.0687041529249
0.0742226970899
0.0973409050598
0.0
0.118435426104
0.0805792811551
0.0949439872925
0.0754887090857
0.114172970826
0.0708421000686
0.0939751913407
0.0933461910526
0.0665348499951
0.128049673077
0.0723533090521
0.0888662642633
0.086058773742
0.0781028240145
0.070365460465
0.073121745934
0.080401153603
0.0687535284876
0.0795862262241
0.073957398503
0.0646892224676
0.0707982747301
0.071169772659
0.0871529880354
0.0742908539096
0.0806147737802
0.134154404047
0.0978512292325
0.0818038129899
0.0939870105197
0.0659945359238
0.130499808232
0.0694698789041
0.0811960444771
0.281944590975
0.0633945133589
0.13200279633
0.18117730695
0.066410573233
0.071736794576
0.0720204330614
0.0829792346263
0.109649821994
0.0973016083948
0.100111848394
0.0741252581311
0.0695390528255
0.0917208607858
0.0673005666666
0.0
0.0758730798748
0.0761113339094
0.0680485166078
0.0661191754145
0.063563629571
0.0913362400994
0.109711484853
0.161719399014
0.136222510665
0.141794979473
0.094748234555
0.0873819051058
0.125529524501
0.0838762635679
0.0
0.097622754931
0.0980175375867
0.0850412037446
0.0820491696703
0.0781501830124
0.227521860821
0.0
0.0
0.0
0.0
0.0
0.0
0.0
0.0
0.0
0.0
0.0
0.0
0.0
0.0
0.0
0.0
0.0
0.115862246233
0.155555314348
0.155152501887
0.106913695901
0.0771191861586
0.104388465508
0.0777168030519
0.0720421682974
0.12915307688
0.0
0.163130630684
0.129433159391
0.129989615634
0.0794906038387
0.188251744721
0.073820136571
0.094250284677
0.0
0.131273089614
0.0916314570794
0.125281620685
0.109416404781
0.112982827278
0.0809536135381
0.0755145354154
0.102409489258
0.0728820963197
0.0
0.138685353702
0.122876712083
0.0737600614643
0.071498637543
0.0685197040729
0.16145571614
0.307006784994
0.0
0.0805898256059

