Topic 9
Mean 5.37634408602e+297
Median 0.101654282899
Sum 1e+300
0.0869173895776
0.0975044943983
0.385483244781
0.204829758415
0.126918464357
0.928009553473
0.139844383314
0.222530002552
0.246562691589
0.1987840602
0.0826358929749
0.27701595621
0.112965193851
0.150376968421
0.0989391691541
0.0867973201247
0.0720351023792
0.0908021581912
0.111351045706
0.0897849154618
0.0649584898546
0.074667480106
0.0634366420993
0.0830021897924
0.121864880073
0.0768086470911
0.0608666163341
0.0904691778616
0.130111660326
0.120871762773
0.194607816094
1e+300
0.12728864944
0.159549478233
0.104473831773
0.0873102117815
0.137527950483
0.106100199553
0.102705059234
0.17817613437
1.05774978861
0.0913037496851
0.118183391795
0.0853519138032
0.16652318846
0.116115623256
0.0804925415949
0.10732075372
0.0920144654943
0.0976925008751
0.102049963141
0.0869891778248
0.0822153420168
0.0958472860357
0.0822477084129
0.083836108196
0.0679965805731
0.225446983992
0.101773569093
0.0834525660807
0.0736992619199
0.115689298668
0.0840433952643
0.095997835452
0.107451175517
0.0810319614719
0.150435480877
0.202920946966
0.134633069541
0.244129479427
5.20151360436
0.144939627437
0.11013341588
0.0988648617602
0.132739256821
0.113402158094
0.150089982322
0.100755434129
0.089691532548
0.113152057755
0.138241567191
0.1305978876
0.314668196861
0.0785315987966
0.0973914502903
0.0823080437057
0.143137827594
0.0914866849289
0.0833076848922
0.0899849584486
0.0982715134407
0.116806457205
0.0559348576768
0.0734507056089
0.099912012444
0.0793056585675
0.0608915279171
0.0682741515081
0.063768383361
0.0743305053069
0.104599333308
0.059627570293
0.0645496188313
0.0989306030038
0.0635210043369
0.194208608463
0.123620245227
1.0143750423
0.484636117949
0.348851187805
0.0951861799972
0.10363595292
0.0790056206778
5.43652622944
0.13417779325
0.100715946925
0.0952899357401
0.257081642883
0.116468210677
0.0889596230756
0.108766946461
0.138337179329
0.105421563882
0.162725676223
0.106885104629
0.117481205413
0.0904879717315
0.0827395845897
0.162725676223
0.0926829537285
0.103713014062
0.101597050842
0.153551886338
0.0823235994698
0.0827856244037
0.0961328493619
0.0732235811232
0.144665974757
0.0992087827497
0.0782048130751
0.0857431138021
0.336399549645
0.0861694218623
0.0672955756413
0.108221550213
0.0815145043254
0.0813038581359
0.103840733591
0.101711514955
0.0710521404736
0.0541912569439
0.0743191033678
0.0673059740012
0.127939113303
0.0778945476228
0.460402596244
0.434062088548
0.250811538221
0.0854707863726
0.0880759673479
0.0807183558693
0.0984210311528
0.113438647288
0.120292966118
0.185007731428
0.439765602397
0.0803223979064
0.0989583723149
0.180499451406
0.113812316469
0.0754407946928
0.0754125759355
0.189554043731
4.3585106963
0.0773141345636
0.125725962161
0.600369843164
0.0
0.0
0.121018379302
0.0782930400494
0.0870531363972
0.0678989620007
0.112422913434
0.147222937562
0.0
0.0725709277786
0.0
0.112802129513
0.0777664675177

Topic 7
Mean 1.14285714286e+298
Median 0.0992087827497
Sum 2e+300
0.133583691361
0.165180691885
0.127803038379
0.294078225072
0.193385461003
0.376857830283
0.107953752443
0.0984602578417
0.0785806046105
0.137983580369
0.0706046006865
0.0727804100528
0.0950749573954
0.114883525995
0.0595993487235
0.107522766817
0.0908848319409
0.0921004234008
0.122875443044
0.0843799597575
0.0875987781562
0.115926535346
0.0911769942052
0.0738711561012
0.150134870419
0.109972997454
0.0672285247423
0.0789736454516
0.153164577636
0.0974504845118
0.356108904257
0.1355540496
0.0900102912817
0.111796286331
0.108204409103
0.103452462216
0.224057293484
0.0995621208534
0.139714210833
0.167827684006
0.0809012897065
0.0950061981197
0.105234767453
0.094999909052
0.113635205616
0.0978831344479
0.0656143005351
0.0945956130552
0.124506977812
0.0620889826058
0.0697322047817
0.0993258411389
0.0704133684923
0.118034785476
0.069931917194
0.274574035812
0.100187164544
0.0872528414246
0.140514464985
0.0729755060997
0.0775400143862
0.0844940358447
0.0901906677279
0.220219762341
0.132940662437
0.0865894109413
0.125297129419
0.112686404838
0.0873851695052
0.125499042798
0.102891825697
0.0700423034017
0.0946167060095
0.136280812324
0.101753791726
1.09469985261
0.0735061907985
0.080508615481
0.0769947845913
0.0795895043011
0.107037427018
0.132820153151
0.0640893496
0.124720023468
0.0976543994696
0.072997239508
0.128710885161
0.106950284357
0.076997575824
0.0853163932696
0.0763265796621
0.320757047481
0.0860860178651
1e+300
0.126330902015
0.123805368665
0.085394755552
0.0796214966262
0.0992087827497
0.220203453438
1e+300
0.0683172294146
0.0769055401913
0.0987867321833
0.0949232149111
0.0
0.0
0.0
0.0
0.0
0.0
0.0647268552066
0.0
0.0
0.0
0.0749053514285
0.0766934229403
0.0
0.0695447182546
0.0
0.146754571661
0.0776353284072
0.0785206022278
0.153625114807
0.102404731642
0.0723019983822
0.0843107779476
0.0960081430573
0.110017674896
0.147289059936
0.0652852559996
0.106964493078
0.0977474005081
0.0790177395632
0.592424213354
0.0
0.129433159391
0.0988269150325
0.120554486013
0.214683081185
0.0932463293899
0.103455352792
0.0957961003445
0.499338652338
0.13108125036
0.110960176081
0.0847738437678
0.245833053997
0.0964815631899
0.11777848412
0.295995107012
0.0
0.141782497402
0.0837092626505
0.0610337518954
0.0812931499307
0.147494692566
0.0579719759011
0.0645812386426
0.0805069448276
0.083059849975
0.315621735255
0.120970964121
0.087107701429
0.0753091386901
0.0873976216352
0.0698866576455
0.0692476185266
0.0
0.0815442086299
0.0874283773149
0.117722046449
0.0817843213208
0.336162523286
0.186937680215
0.126501426345
0.0914575784023
0.089435197547
0.371195758673
0.118539630683
0.165077875222
0.080078370669
0.269560120965
0.110863954713
0.102474337841
0.286049880993
0.0
0.128630818207
1.4464507909
0.155313256069

Topic 6
Mean 5.71428571429e+297
Median 0.099078755599
Sum 1e+300
0.0880571795715
0.0844308932971
0.0796115705157
0.0819377411387
0.130390177634
0.0937127335142
0.128956252605
0.11458835302
0.0851531462338
0.0809206969272
0.11399141755
0.123679508546
0.112529459273
0.0845848537663
0.149470721005
0.153535292872
0.0887432294798
0.0942408943712
0.102601061603
0.117271375323
0.115143724384
0.165026117266
0.062565207345
0.0768001181839
0.0822625734224
0.131484506527
0.0729813313956
0.120110762269
0.0724755311778
0.476107679224
23.6966794923
0.0
0.112264834079
0.120977027473
0.0759967849764
0.0
0.138129894936
0.0815145043254
0.0850848790056
0.118474604098
0.228454695008
0.0863209443866
0.18778311915
0.228709055805
0.0847804677549
0.117574051314
0.0969764382129
0.117229903694
0.0776791131541
0.195701632335
0.548398363257
0.10489875073
0.0677820882638
0.0862408210808
0.0822287882289
0.0871469688934
0.0864192732092
0.154388959902
0.112605587677
0.0929882066751
0.218714220597
0.146621694617
0.0790409126194
0.0980611338407
0.0929068047677
0.237199456289
0.0777316291986
0.145552361051
0.0975207174537
0.0
0.182640412073
0.206878167461
0.0817964649998
0.0
0.14182389106
0.0920625046126
0.0937870511562
0.107936157435
0.0963468983091
0.112802129513
0.0822059249212
0.0
0.133869873384
0.146445820219
0.0971688007897
0.0
0.110549772894
0.0782930400494
0.106666228697
0.0894848347701
1e+300
0.0931858432588
0.091292488386
0.0976415223217
0.0943224772253
0.07884448703
0.119472363704
0.174762478844
0.0801178471453
0.0798147253601
0.149862760921
0.102805342451
0.161529018528
0.0862363939688
0.10023346763
0.0869312993677
0.0970048336219
0.11245062336
0.0
0.10535938185
0.114619797297
0.0920468926035
0.0
0.111919518585
0.10525489186
0.107515166829
0.126529479407
0.124968636087
0.100884253173
0.0977078444863
0.141123080152
0.0765151753146
0.115033258425
0.0
0.0816202472368
0.0870698296065
0.182150697861
0.0
0.0855027505599
0.0815575250589
0.145854246576
0.0937748962566
0.0929148176795
0.0789086121718
0.0769518983954
0.106370456381
0.113362609356
0.0718385183089
0.0912608774879
0.099078755599
0.112692267992
0.0859186332275
2.88605972799
0.115311767914
0.0689602384867
0.176311322578
0.0788025498142
0.0944424366747
0.0737021470211
0.0646058782485
0.164784139056
0.179658427127
0.0932269206257
0.0978208409088
0.0496365417628
0.0581938824655
0.0612770632246
0.1124240752
0.0559745631817
0.0800719229526
0.0992687715002
0.0
0.0888606349282
0.0528645065583
0.0594714204662
0.0
0.0
0.0600790508162
0.0
0.0
0.0779103490241
0.204460975741
0.0956179663361
0.130024170888
0.102918983838
0.12707852352
0.145206914861
0.221113182754
0.0872879118811
0.0814053370435
1.24576189342
0.153129760281
0.37008688052
0.08809623665
0.165078577036
0.189245305176
0.100102271654
0.145793883314
0.205378287725
0.0640226852475

Topic 5
Mean 9.43396226415e+297
Median 0.0989472256418
Sum 1e+300
0.0
0.0
0.103757696907
0.0
0.0915575016935
0.0844170197209
0.0
0.0
0.0
0.0
0.113349601167
0.0
0.0
0.0
0.0
0.117087430487
0.0826229455597
0.0767634687134
0.0805245980063
0.0
0.0917561880083
0.155912852104
0.0834566693863
0.212081205062
0.0832492315461
0.0
0.134598541696
0.470192839445
0.0968642781962
0.126704222327
0.139769078133
0.0872471563663
0.0
0.0781064936478
0.850633067675
0.140419255175
0.0831954159353
0.123520030244
0.0793716798496
0.0866200454541
0.0
0.103192032787
0.141391500486
0.12191813938
0.16957873222
1.63428989029
0.0
0.0
0.0
0.0
0.121797093929
0.139847297044
0.164282820877
0.224376711798
0.135052055385
0.129386007849
0.0
0.0
0.0
0.0
0.0719008222322
0.10462342891
0.0877676073797
0.0653440636066
0.0592138065937
0.161836504281
0.0
0.0834451532912
0.0774726920278
0.102838886446
0.0
0.0
0.0741818458099
0.102032979479
0.118575668757
0.100508092855
0.0
0.0
0.0
0.0
0.0
0.0
0.0
0.0
0.0
0.0
0.0
0.0
0.0
0.0
0.0
0.0
0.0
0.0
0.0
0.0
0.0
0.0
0.0
0.0
0.0
0.0
0.0
0.0
0.0
0.0
0.106039354984
0.0800828210903
0.0841849462728
0.0
0.0
0.119887836647
0.104531923779
0.223152872247
0.126514187661
0.0
0.0
0.0772771856433
0.0
0.0
0.0898417080037
0.0
0.0
0.0
0.0
0.0779900636294
0.0757181551568
0.0796690590591
0.068736907792
0.0730063093549
0.0950678674759
0.065842275055
0.0
0.0
0.0
0.0
0.0795568734351
0.127217979286
0.0698404211761
0.0729400374941
0.0
0.0778964750089
0.0694497411683
0.073766504583
0.309254724166
0.122150275929
0.0907450171744
0.0753315096566
0.0676969553413
0.0
0.0
0.0696814986965
0.0619163989002
0.0988835015621
0.143774958164
0.171716944728
1e+300
0.0
0.084714397214
0.320757047481
0.138542647768
0.260220522968
0.590970404841
0.124122176284
0.0758860187701
0.0990109497214
0.0
0.0
0.112633883006
0.0708576930301
0.278558469446
0.0
0.113584152759
0.122963653743
0.239888199547
0.0
0.0
0.0761642972716
0.0916116501246
0.096402395166
0.0957103463338
0.0
0.0
0.11590886862
0.0
0.0
0.079430931428
0.0
0.0693441015483
0.14478064206

Topic 3
Mean 6.53594771242e+297
Median 0.0986336298443
Sum 1e+300
0.0972342697155
0.0959227024653
0.086986651392
0.093177606793
0.110291720475
0.156879767653
0.0745077345678
0.113935380618
0.0776048769541
0.0892523850055
0.0861736841557
0.159685876886
0.0916960408555
0.116079271241
0.0995772725847
0.0
0.0
0.0736033256869
0.0855362295202
0.292863706546
0.0676624571233
0.163897324764
0.186889806709
0.116889815863
0.13003593905
0.164270675251
0.116788864995
0.140633612068
0.104197408041
0.0795833155913
0.0852949955139
0.10106274316
0.0701603568952
0.103347460509
0.0
0.141885734622
0.0
0.0
0.12130978367
0.0912544941234
0.0783358555096
0.0711913192375
0.0754585052423
0.119047460063
0.0
0.0899484571738
0.14767401798
0.0936566934519
0.30136634032
0.0996650188763
0.124791019104
0.0766006105116
0.12383184137
0.08368820009
0.135213836246
0.0891012872793
0.139677407787
0.100661527622
0.0910846494392
0.0787611580262
0.139180225211
0.0
0.0811114966502
0.0945791410947
0.059729502653
0.137673261874
0.129013372236
0.687865917417
0.178827036008
0.152152913995
0.0948310390351
0.207964072425
0.0729867369705
1e+300
0.0965899704602
0.0771097341455
0.24778058663
0.175266950259
0.0
0.0
0.180697994748
0.177613377525
0.076349004415
0.100171282195
0.0736132123085
0.0702380844711
0.0
0.0778093266117
0.0790242751532
0.0
0.104574748268
0.0756734239775
0.116683957344
0.0788703144368
0.0853425835241
0.116457876551
0.101670386223
0.0
0.147254424729
0.099328645157
0.0609702815396
0.101761861832
0.0800649021914
0.0967274762672
0.0
0.0713615084878
0.097891855139
0.0741976301336
0.0798980016058
0.086168820056
0.0940363686242
0.0
0.0911481805809
0.0673636809563
0.0
0.0871683007191
0.0849904023602
0.0835363859496
0.0
0.0877317702768
0.451847977097
0.152858725024
0.126201293052
0.103144439523
0.096197452253
0.108995179725
0.0678585793648
0.165696641624
0.0846718438824
0.0714084648494
0.10255381307
0.0805543345477
0.12504533653
0.0697537669574
0.0981494969399
0.0992480340593
0.217941672029
0.108145471182
0.0986336298443
0.11951720723
0.0761330820854
0.0982475969972
0.0
0.171973482891
0.107404039077
0.0
0.0923280285874
0.107797917386
0.227970941962
0.0
0.0773505995604
0.0728511154365
0.147026015944
0.0
0.0
0.0
0.0
0.0
0.0
0.0
0.0
0.0
0.0693953475931
0.0941334292099
0.0830923565911
0.0
0.0
0.0855132850889
0.0
0.0
0.0
0.333100693316
0.113645052133
0.116928410764
0.11287480429
0.0865905368328
0.102757481845
0.0
0.236487038794
0.129460758045
0.0
0.108170569137
0.07408559921
0.210568905071
0.0
0.0881689630012
0.0823700337468
0.191746135916
0.630402388317
0.0

Topic 4
Mean 1.4598540146e+298
Median 0.0979782322948
Sum 2e+300
0.19416560076
0.093749080603
0.10435616276
0.0911140638616
0.156757823278
0.0816658195508
0.0
0.0
0.0
0.0
0.0844133423407
0.112982305982
0.0865642151748
0.128875400496
0.0
0.0875134667924
0.137177878845
0.0682808639903
0.0749166568196
0.0760726342239
0.0931707032336
0.0904558100739
0.374944959441
0.07005891577
0.077283014769
0.0
0.392586600287
0.0754891242724
0.134523282326
0.160163269969
0.0938770003435
0.0923738025353
0.0
0.130726433034
0.103890955721
0.108063877785
0.119333712483
0.15284838888
0.11145955745
0.742750189412
0.061267338859
0.202636007614
0.0767003261649
0.0953476107322
0.082874208779
0.177613377525
0.0979781023436
0.1131578814
0.158121064717
0.0
0.070023403754
0.0
0.0
0.0
0.119527361357
0.0872890698265
0.0964135644297
0.0785795398302
0.182149929933
0.0
0.069220621724
0.0
0.0
0.0
1e+300
0.0749077506235
0.0
0.0
0.0
0.0
0.0765864567388
0.0
0.0793798390871
0.0
0.0
0.0633945133589
0.0
0.0
0.120212523402
0.315620899887
0.183328327481
0.0896487992758
0.0
0.191542709478
0.0756493860046
0.187771924007
0.108392593293
0.109293650942
0.0
0.0
0.0
0.104164643091
0.224721947719
0.0650484670191
0.11439487293
0.0
0.0907566140601
0.0862638567739
0.102250610483
0.292341520759
0.21976717866
0.0
0.0
0.0
0.131262852238
0.434137958528
0.176514773366
0.196179930705
0.114315473187
0.0
0.0781357929774
0.0807847351217
0.0832855464583
0.11925459838
0.0978512292325
0.133869873384
0.0773471331435
0.0
0.113204050511
0.0988611998541
0.0789294185586
0.216139469275
0.0629400840527
0.0755077983307
0.0
0.0935961659724
0.0909485509826
0.329053565101
0.0920114596307
0.08525390566
0.0
0.0
0.0
0.100643237155
0.0877630399343
0.0734143740734
0.116171024269
0.182219983536
0.0679287874105
0.194156906578
0.0
0.0708506557018
0.0730218044476
0.0750590221789
0.103078072244
0.0831234255396
0.0
0.0
0.0
0.115523728758
0.100625731753
0.160017579272
0.0669466186521
0.27506491437
0.120539724921
0.0938967604364
0.0912535524778
0.0
0.0808368380346
0.0
0.0
0.0
0.119573099286
1e+300
0.0874170844996
0.0
0.0
0.0
0.182640412073
0.0
0.0
0.0892373488557
0.354024968748
0.0801549160138
0.151944866978
0.0
0.239464722784
0.0999802476054
0.0723180156964
0.0979782322948
0.12886298757
0.0763380013338
0.12886298757
0.0
0.0724650827296
0.0821475863159
0.0788730020506
0.100470337977
0.070050520538
0.089371146219

Topic 0
Mean 0.126276088774
Median 0.0947252451868
Sum 17.8049285171
0.088639123872
0.0
0.0
0.139840840724
0.15178959445
0.124327359883
0.15254342374
0.120623446683
0.143705244868
0.17436263643
0.116845570658
0.204047923654
0.0698077303634
0.113733016846
0.085647793542
0.100608439476
0.0782401893539
0.109763301026
0.0976400213218
0.122248003359
0.0858441314148
0.0
0.0
0.0804585205483
0.0764396453605
0.0806439679192
0.101250097657
0.0779261255392
0.185809579346
0.0994257464514
0.0908411829181
0.0857509734724
0.145178403684
0.128111453682
0.0878814178394
0.0924424437313
0.0
0.0
0.0
0.0
0.0
0.0
0.0
0.0
0.0
0.0865732487125
0.0878158999195
0.0
0.0827411309241
0.0996618672792
0.0758465287292
0.114381504272
0.0
0.0968338307243
0.0
0.121212691787
0.0770371997011
0.0690489014762
0.0929003161978
0.108323114429
0.0936872531922
0.113807652626
0.0699701513985
0.140904533493
0.0
0.0778392269359
0.200886669866
0.0875996249273
0.0
0.103002776611
0.2516798062
0.0800913958799
0.0983413143622
0.0
0.144715709679
0.0
0.0855813683491
0.115465378005
0.0772423920409
0.0836624436247
0.0
0.0754806031108
0.0943461816189
0.068232582723
0.0833276619085
0.0
0.0772428652754
0.0810710565649
0.490759216861
0.095303852406
0.126758332938
0.149189037395
0.0754478300411
0.0
0.0662404011457
0.105206790552
0.109567969876
0.0714490730069
0.0
0.18018187042
0.0
0.0666761904197
0.145690458806
0.07419282455
0.0642541687144
0.0719408478688
0.0777993659235
0.0
0.0971016454169
0.219139033484
0.0615800061964
0.0735544723448
0.0
0.0873256446724
0.0923309464085
0.0685060964962
0.0724902794148
1.69488505883
0.0742797511806
0.0710812740261
0.131378314019
0.101884281941
0.0
0.0857824808529
0.164854506957
0.0996466951222
0.0947252451868
0.0
0.193697571934
0.0
0.0865147514075
0.10721841364
0.0996089614988
0.082480637857
0.128539654859
0.0940798568606
0.0
0.0
0.109886673131
0.073171240889
0.122401056318
0.0679406222213
0.13212712923
0.0779882878658
0.0877047058825
0.0
0.0
0.0672216333894
0.0
0.0
0.0
0.0
0.0
0.16139502198
0.233472977016
0.172318364034
0.260056539535
0.283244222148
0.186800224149
0.106104942732
0.0885546789234
0.141487247538
0.0
0.164478559834
0.109339572552
0.676639002091
0.150485582471
0.131600354017
0.105295836522
0.154833919591
0.0841976714391
0.0
0.0
0.0751756751131
0.0716556822342
0.0753375448085
0.0957796277722
0.0729603346656
0.0762689592179
0.0855362295202
0.0
0.0
0.0659403592419
0.0
0.0
0.0
0.0
0.0
0.073014824144
0.0821971710272

Topic 8
Mean 0.10559258606
Median 0.0833800318937
Sum 16.8948137697
0.105055501477
0.115563666521
0.192007815328
0.0852988738299
0.103578802045
0.494756662683
0.0629033623545
0.0803065529093
0.102280588362
0.058642219938
0.0801688443906
0.338421432855
0.126353427241
0.14568404797
0.0649048060487
0.0753553064954
0.101777564203
0.124602562956
0.0795885347572
0.0793404793915
0.0806319536214
0.0611647054256
0.0774942655294
0.115195213151
0.069355548097
0.0518596777235
0.0685624320689
0.073074177567
0.0883755310062
0.133429390529
0.128401949867
0.0911334387373
0.0852344365724
0.125291676149
0.121084533774
0.0826923191648
0.0652831195915
0.0842262863471
0.0908493059263
0.0607051958829
0.0682531586523
0.0674414629836
0.0894639833531
0.0763893944135
0.118568327392
0.0626080141663
0.108407004674
0.0946764949843
0.0800352767144
0.0632884695486
0.0729092118951
0.0770508612237
0.0670773667501
0.0878214701838
0.0656980127853
0.0789838300009
0.108510454633
0.119758146825
0.0881150884562
0.0833732104143
0.0821652349379
1.64029548348
0.0654021159991
0.130735243784
0.0946249594596
0.0795919517297
0.0836349529554
0.117486641528
0.369586645993
0.101402410645
0.0786360081977
0.0891440936762
0.10460290593
0.0840945813841
0.146708516065
0.102719748666
0.0752635478213
0.111727878785
0.0
0.0
0.0
0.0
0.0
0.0
0.0
0.0
0.0
0.0
0.0
0.0
0.0
0.0649652468725
0.0836979218937
0.107846126364
0.0604302472905
0.0868319596207
0.0671022788593
0.0826490631984
0.0532531044241
0.0890647133132
0.0706874610213
0.0653760968421
0.0870344407518
0.0818848954682
0.0
0.1615059175
0.119347012515
0.133095739165
0.0944855050504
0.0677619200002
0.0882314790169
0.0824360490825
0.065748606514
0.0982752784656
0.0705315850022
0.0674193096129
0.086798254066
0.0924481580359
0.0
0.0701606918876
0.0
0.0
0.0773141345636
0.0
0.0
0.0
0.0
0.11863622295
0.0
0.0720571568618
0.124326341529
0.0
0.0788741681938
0.0
0.0
0.0
0.0617421085665
0.0994464919404
0.179990909016
0.0700988909179
0.0522741674155
0.0835619898471
0.0824807889919
0.0926200212695
0.105541585082
0.0907408983716
0.0893994173913
0.0660627259113
0.124282946667
0.0
0.0536902612298
0.0664162703186
0.0833868533731
0.0624613329255
0.0795874982347
0.085475577818
0.0582578662499
0.0527888039687
0.0644343055535
0.0612877475367
0.051558862909
0.0782623628807
0.0544546493334
0.0525806435076
0.063666575653
0.066654522932
0.0
0.0542333030239
0.0672492484539
0.0
0.0519685390152
0.0812248265476
0.10839387366
0.137061453832
0.0844943987225
0.0646263526461
0.110581664775
0.112605587677
0.498392032261
0.179225202581
0.0842543823168
0.0816398474509
0.0817194967822
0.093726255316
0.0
0.0668046943792
0.0895122401787
0.0894848347701
0.0877615196082
0.0594814843375

Topic 1
Mean 8.77192982456e+297
Median 0.0829587839794
Sum 1e+300
0.0768426688925
0.0612855523833
0.0711119625107
0.0781457478372
0.0778316286664
0.0635985523305
0.069810257759
0.166665057238
0.0617365656274
0.0750863530089
0.0
0.0
0.0
0.0
0.0
0.0770523579509
1e+300
0.071291505249
0.0959945155663
0.216802124761
0.0
0.0680378328049
0.112655192546
0.0635064440714
0.0810308974633
0.136804620754
0.0
0.112655192546
0.0
0.0
0.0
0.0
0.0
0.0
0.0
0.0
0.0
0.0
0.0
0.0
0.0
0.0
0.0
0.0
0.0
0.0704766628853
0.276010631784
0.0710584813017
0.0802133311011
0.101138977165
0.0
0.147718443016
0.109370840537
0.0
0.0
0.083705578759
0.131019515422
0.0621093403896
0.0817778360339
0.0825577988503
0.0
0.131019515422
0.192855478672
0.0
0.0
0.126598111917
0.0
0.0
0.0
0.0
0.0
0.0
0.0
0.0
0.0
0.0
0.0
0.0
0.0854223656293
0.0855468597939
0.0675636717284
0.0855480580073
0.114760981141
0.0
0.0821662593423
0.46599107506
0.0
0.0
0.122991700288
0.0896790589705
0.0
0.0571708643152
0.14578322918
0.0880591022485
0.142615845213
0.0879546708516
0.0
0.0657839157886
0.0889940882823
0.0
0.0
0.130417053758
0.0578871017348
0.0
0.100275856598
0.0742813448193
0.158504704305
0.0689129591329
0.0999430637399
0.0926849660755
0.0
0.158504704305
0.115173796733
0.0
0.0
0.173299977867
0.134438641595
0.0
0.227970941962
0.0869042770604
0.0686949028142
0.0812849985701
0.0640785376166
0.0833597691085
0.102162086548
0.0
0.150723706221
0.0847808429852
0.0
0.0
0.074195623359
0.0697316064623
0.0
0.0727305607632
0.0595939854838
0.0784244824662
0.0808358092121
0.0729070636601
0.0587559657624
0.0790365618076
0.0780812070595
0.0
0.0730957973414
0.0649342469649
0.0
0.0816845506725
0.0671520280821
0.0958839728123
0.0
0.086393123377
0.0549634286454
0.0705974416805
0.0655324753854
0.0
0.138868433741
0.283660822866
0.137223764031
0.078910909626
0.0
0.0
0.0797465489658
0.0
0.0
0.174904368122
0.0
0.0
0.0886877342781
0.127702953357
0.0
0.0
0.0
0.077295090357
0.0936092538402
0.0714992495823
0.0782958055053
0.0692376896606
0.0
0.093920616921
0.164887311355
0.0
0.0
0.116060754026
0.0786101054299
0.0
0.139188654055
0.0787146347636
0.248648423376
0.0817914140479
0.0733142063076
0.0

Topic 2
Mean 0.134471803537
Median 0.0825213203544
Sum 16.8089754421
0.114693921361
0.0805722553137
0.0949232149111
0.0847906655294
0.0843194415495
0.0
0.0819232371953
0.0968039269881
0.0847265956909
0.0884687261438
0.0982193071385
0.0787999091833
0.171828574592
0.0
0.07164243094
0.0969812773041
0.47673773306
0.089281312158
0.0
0.0838745326093
0.0899174186059
0.0740359692822
0.0859803921705
0.229338171016
0.0
0.0661452230122
0.110509424055
0.0756259782646
0.0711864808715
0.0708540404974
0.0
0.0836350874152
0.0737610568863
0.0
0.0
0.0
0.0769786995786
0.0899748484232
0.13789747351
0.0
0.0807620329601
0.10360305195
0.103075128407
0.116235605029
0.0
0.0735431130784
0.0853163932696
0.0769055401913
0.0830923565911
0.169277903819
0.0640401633373
0.0751117989271
0.0605724076094
0.0699855623155
0.12452018355
0.0947148848361
0.0781634645028
0.0903561871515
0.0
0.0711159670637
0.350047506288
0.0698780436489
0.10609283781
0.0
0.107386501509
0.102865235603
0.0941860982365
0.293652547412
0.0804294873167
0.0
0.0817756457677
0.0685457797788
0.181719906532
0.0739154080186
0.0
0.0768483723112
0.0734241503311
0.0680636906271
0.0712248543743
0.0793050220397
0.084377271068
0.0
0.0720597083066
0.118441659026
0.100701919228
0.0829597675611
0.0
0.118186448803
0.105700289632
0.0784876528908
0.0689276680521
0.0676779183807
0.0749323697227
0.088551843852
0.0
0.0684312529755
0.0747755697853
0.0672842778298
0.0569709222569
0.0
0.368677331268
0.131353795152
0.344194241107
0.0656004942598
0.075230258632
0.0
0.0
4.3585106963
0.0
0.0
0.0
0.0719995526444
0.0825213203544
0.0
0.0902262362441
0.0
0.0
0.0
0.0
0.0
0.065946823186
0.0656614219954
0.0
0.0764945556902
0.0681504794852
0.0
0.0
0.0
0.065245677329
0.0
0.064914903564
0.0
0.0
0.0
0.0
0.0
0.20146182203
0.0956988590608
0.0840478202073
0.0
0.079592471605
0.173518556811
0.0830436763061
0.0760014588288
0.0
0.100238773244
0.0827626002804
0.162872356329
0.080985656253
0.10526550346
0.0982921989085
0.0717256830653
0.0
0.0
0.0
0.0
0.0
0.0
0.0
0.0
0.0
0.0
0.0
0.0
0.0
0.0
0.0
0.0
0.0
0.0
0.0
0.0646321211011
0.0712165389734
0.0741424665984
0.0
0.0653188308915
0.0710748898973
0.0642730203109
0.0547971366502
0.0
0.103068590068
0.0823608333003
0.0979811962183
0.0627348544645
0.0714855632792
0.101011685455
0.0
0.0
0.0919957944428
0.0

