Topic 6
Mean 2.50626566416e+297
Median 0.100768714978
Sum 1e+300
0.0880571795715
0.0844308932971
0.0796115705157
0.0819377411387
0.130390177634
0.0937127335142
0.128956252605
0.11458835302
0.0851531462338
0.0809206969272
0.11399141755
0.123679508546
0.112529459273
0.0845848537663
0.149470721005
0.153535292872
0.0887432294798
0.0942408943712
0.102601061603
0.117271375323
0.115143724384
0.165026117266
0.062565207345
0.0768001181839
0.0822625734224
0.131484506527
0.0729813313956
0.120110762269
0.0724755311778
0.476107679224
23.6966794923
0.0
0.112264834079
0.120977027473
0.0759967849764
0.0
0.138129894936
0.0815145043254
0.0850848790056
0.118474604098
0.228454695008
0.0863209443866
0.18778311915
0.228709055805
0.0847804677549
0.117574051314
0.0969764382129
0.117229903694
0.0776791131541
0.195701632335
0.548398363257
0.10489875073
0.0677820882638
0.0862408210808
0.0822287882289
0.0871469688934
0.0864192732092
0.154388959902
0.112605587677
0.0929882066751
0.218714220597
0.146621694617
0.0790409126194
0.0980611338407
0.0929068047677
0.237199456289
0.0777316291986
0.145552361051
0.0975207174537
0.0
0.182640412073
0.206878167461
0.0817964649998
0.0
0.14182389106
0.0920625046126
0.0937870511562
0.107936157435
0.0963468983091
0.112802129513
0.0822059249212
0.0
0.133869873384
0.146445820219
0.0971688007897
0.0
0.110549772894
0.0782930400494
0.106666228697
0.0894848347701
1e+300
0.0931858432588
0.091292488386
0.0976415223217
0.0943224772253
0.07884448703
0.119472363704
0.174762478844
0.0801178471453
0.0798147253601
0.149862760921
0.102805342451
0.161529018528
0.0862363939688
0.10023346763
0.0869312993677
0.0970048336219
0.11245062336
0.0
0.10535938185
0.114619797297
0.0920468926035
0.0
0.111919518585
0.10525489186
0.107515166829
0.126529479407
0.124968636087
0.100884253173
0.0977078444863
0.141123080152
0.0765151753146
0.115033258425
0.0
0.0816202472368
0.0870698296065
0.182150697861
0.0
0.0855027505599
0.0815575250589
0.145854246576
0.0937748962566
0.0929148176795
0.0789086121718
0.0769518983954
0.106370456381
0.113362609356
0.0718385183089
0.0912608774879
0.099078755599
0.112692267992
0.0859186332275
2.88605972799
0.115311767914
0.0689602384867
0.176311322578
0.0788025498142
0.0944424366747
0.0737021470211
0.0646058782485
0.164784139056
0.179658427127
0.0932269206257
0.0978208409088
0.0496365417628
0.0581938824655
0.0612770632246
0.1124240752
0.0559745631817
0.0800719229526
0.0992687715002
0.0
0.0888606349282
0.0528645065583
0.0594714204662
0.0
0.0
0.0600790508162
0.0
0.0
0.0779103490241
0.204460975741
0.0956179663361
0.130024170888
0.102918983838
0.12707852352
0.145206914861
0.221113182754
0.0872879118811
0.0814053370435
1.24576189342
0.153129760281
0.37008688052
0.08809623665
0.165078577036
0.189245305176
0.100102271654
0.145793883314
0.205378287725
0.0640226852475
0.0811946974373
0.0574219824201
0.0691925528647
0.0735954013859
0.0808502356717
0.0660775049499
0.102487812818
0.0821897569795
0.0
0.0749238672133
0.0617864850778
0.0710061614919
0.0
0.0
0.071874074879
0.0
0.0
0.098973145029
0.0612366504338
0.077591864291
0.128413095898
0.101711514955
0.100768714978
0.110386265411
0.14662745945
0.145546007512
0.191257606285
0.130919889933
0.0840629320144
0.113402158094
0.150836511376
0.104661876481
0.0912170274182
0.112422913434
0.108142406099
0.104151195161
0.0808932931264
0.179370800997
0.0847358362662
0.124579490176
0.22081355591
0.119280473735
0.336399549645
0.0908639515379
0.182294138756
0.0861772075349
0.166044149374
0.142469632624
0.0716701561836
0.0905168682962
0.0913037496851
0.135510921135
0.103458675578
0.098866198429
0.600369843164
0.593569359104
0.114243398493
0.0868524557641
0.135767503041
0.0552000289515
0.143557281749
0.0650008335929
0.144939627437
0.137215728742
0.0587364352378
0.104852891016
0.101035066569
0.113204050511
0.519509165828
0.197604381918
0.140081815704
0.0
0.166352364912
0.143611058794
0.109074639727
0.0
0.0
0.203800403712
0.0
0.0
0.184941688978
0.0884814116105
0.191989631011
0.0757068207589
0.115205488436
0.093635718709
0.349812594301
0.0810748373711
0.0948510001305
0.0936495232679
0.171323380733
0.0930231276264
0.111935871323
0.0881570270947
0.0912366265609
0.0880156185406
0.177097579858
0.100716953061
0.0997254927618
0.0837670496289
0.0999634975549
0.115392334914
0.12284720548
0.396349495871
0.0644890072297
0.492068991495
0.0782778600693
0.166812123535
0.0927750545453
0.107535224391
0.134894643451
0.0725252466101
0.094681361989
0.105253119288
0.406456871595
0.0853731840514
0.104007730366
0.186606130881
0.0805507786518
0.185878602216
0.0783434696556
0.114007064219
0.087096291584
0.0746720754881
0.095303817504
0.0988131971871
0.118438296151
0.1003898829
0.0875104446958
0.104088462256
0.10462342891
0.176898737693
0.0972190769101
0.154748108542
0.138765212107
0.0890754726977
0.103357382144
0.0893555086544
0.0
0.120772547704
0.130914886678
0.157896159692
0.0
0.101463241451
0.0847514659473
0.101993160244
0.0980223363175
0.155677962807
0.118789988826
0.0923874475406
0.111868982969
1.39372588043
0.0689410492065
0.0
0.0968198258483
0.0
0.10724407574
0.117975456306
0.0
0.0912030403836
0.0805245980063
0.305480725315
0.111932713969
0.0978377071291
0.0978869553354
0.132647134306
0.144983812837
0.205515710685
0.109037503949
0.109714601993
0.0966083519886
0.0890769122268
0.104891528375
0.175985456033
0.130259405557
0.10328649037
0.116743211091
0.141130559146
0.144201652134
0.0749946758805
0.204654947324
0.0803008968521
0.126191666257
0.16685956964
0.11948591829
0.16734256923
0.117722046449
0.117826215641
0.22095455944
0.0682467114849
0.11576539157
0.167691533664
0.0923448808188
0.082201278583
0.0883837243647
0.155861234502
0.179277823139
0.131650331316
0.0756642178472
0.108999394855
0.0776540114667
0.0676225029317
0.0913680899514
0.0868342335252
0.0961581203268
0.0857574573478
0.0752039534866
0.09941154589
0.0964617589094
0.154758862526
0.14818170824
0.0976527497266
0.0889201335618
0.116517625774
0.0723868950233
0.120483798841
0.0784031255037
0.13157261591
0.0671549244028
0.73727031882
0.0780818957311
0.0642167476904
0.0980798317875
0.0793305478026
0.0
0.112487006025
0.0601565723472
0.0752110629848
0.0
0.0
0.069677957941
0.0
0.0
0.0948562381147
0.066106633987
0.0750386402675
0.100048620743
0.164203523344
0.0631993943385
0.0732742028987
0.0898682599642
0.0899330361705
0.0
0.0937632967097
0.0886927323447

Topic 9
Mean 9.66183574879e+297
Median 0.0996181366314
Sum 4e+300
0.0869173895776
0.0975044943983
0.385483244781
0.204829758415
0.126918464357
0.928009553473
0.139844383314
0.222530002552
0.246562691589
0.1987840602
0.0826358929749
0.27701595621
0.112965193851
0.150376968421
0.0989391691541
0.0867973201247
0.0720351023792
0.0908021581912
0.111351045706
0.0897849154618
0.0649584898546
0.074667480106
0.0634366420993
0.0830021897924
0.121864880073
0.0768086470911
0.0608666163341
0.0904691778616
0.130111660326
0.120871762773
0.194607816094
1e+300
0.12728864944
0.159549478233
0.104473831773
0.0873102117815
0.137527950483
0.106100199553
0.102705059234
0.17817613437
1.05774978861
0.0913037496851
0.118183391795
0.0853519138032
0.16652318846
0.116115623256
0.0804925415949
0.10732075372
0.0920144654943
0.0976925008751
0.102049963141
0.0869891778248
0.0822153420168
0.0958472860357
0.0822477084129
0.083836108196
0.0679965805731
0.225446983992
0.101773569093
0.0834525660807
0.0736992619199
0.115689298668
0.0840433952643
0.095997835452
0.107451175517
0.0810319614719
0.150435480877
0.202920946966
0.134633069541
0.244129479427
5.20151360436
0.144939627437
0.11013341588
0.0988648617602
0.132739256821
0.113402158094
0.150089982322
0.100755434129
0.089691532548
0.113152057755
0.138241567191
0.1305978876
0.314668196861
0.0785315987966
0.0973914502903
0.0823080437057
0.143137827594
0.0914866849289
0.0833076848922
0.0899849584486
0.0982715134407
0.116806457205
0.0559348576768
0.0734507056089
0.099912012444
0.0793056585675
0.0608915279171
0.0682741515081
0.063768383361
0.0743305053069
0.104599333308
0.059627570293
0.0645496188313
0.0989306030038
0.0635210043369
0.194208608463
0.123620245227
1.0143750423
0.484636117949
0.348851187805
0.0951861799972
0.10363595292
0.0790056206778
5.43652622944
0.13417779325
0.100715946925
0.0952899357401
0.257081642883
0.116468210677
0.0889596230756
0.108766946461
0.138337179329
0.105421563882
0.162725676223
0.106885104629
0.117481205413
0.0904879717315
0.0827395845897
0.162725676223
0.0926829537285
0.103713014062
0.101597050842
0.153551886338
0.0823235994698
0.0827856244037
0.0961328493619
0.0732235811232
0.144665974757
0.0992087827497
0.0782048130751
0.0857431138021
0.336399549645
0.0861694218623
0.0672955756413
0.108221550213
0.0815145043254
0.0813038581359
0.103840733591
0.101711514955
0.0710521404736
0.0541912569439
0.0743191033678
0.0673059740012
0.127939113303
0.0778945476228
0.460402596244
0.434062088548
0.250811538221
0.0854707863726
0.0880759673479
0.0807183558693
0.0984210311528
0.113438647288
0.120292966118
0.185007731428
0.439765602397
0.0803223979064
0.0989583723149
0.180499451406
0.113812316469
0.0754407946928
0.0754125759355
0.189554043731
4.3585106963
0.0773141345636
0.125725962161
0.600369843164
0.0
0.0
0.121018379302
0.0782930400494
0.0870531363972
0.0678989620007
0.112422913434
0.147222937562
0.0
0.0725709277786
0.0
0.112802129513
0.0777664675177
0.197695145096
0.0650007127468
0.0829052854476
0.133061644168
0.149647105122
0.0717918737217
0.0822819156858
0.0758250161688
0.0912414265903
0.0840928543075
0.1970989005
0.0769321580793
0.321661576177
0.075475506931
0.0927130523818
0.156860238219
0.104319896237
0.0626579433845
0.210118215271
0.0
0.118318348914
0.101099906609
0.127091756996
0.133752631589
0.125085247132
0.114243398493
0.0
0.0
0.364058063792
0.10525489186
0.0828552798472
0.0872906223797
0.104151195161
0.0941526040063
0.0
0.720132778831
0.0
0.0970048336219
0.104305398898
0.100884253173
0.0
0.0761465201777
0.606253651226
0.089745423483
0.0991677980996
0.0806609956729
0.510093277416
0.0667120333647
0.0624035854866
0.116849820404
0.0719229701834
0.0827166333445
0.0725615038991
0.108816655631
0.0665598468315
0.062429771331
0.0697307356833
0.168226209377
0.0917725279035
0.0785854483992
0.275780991989
0.0739398541824
0.0905502954612
0.134320507434
0.0747901578186
0.320757047481
0.960809756923
0.276570167761
0.0972190769101
0.0742610134031
0.0689610614668
0.960809756923
0.185878602216
0.085528193834
0.0740451237621
0.176898737693
0.0709190059052
0.102733526085
0.16333945207
0.131221530031
0.0725252466101
1e+300
0.0746720754881
0.122876712083
0.0988131971871
0.0865103724758
0.0872452043567
0.162816730373
0.200498783966
0.0898004164875
0.131304599724
0.171121684589
0.0
0.0
0.192928059839
0.0911237479306
0.109172801103
0.0773435526333
0.169495952611
0.0826829166409
0.0
0.0834642127045
0.0
0.119843545123
0.0904112286557
0.132768447638
0.0
0.41043075027
0.122938626448
0.0862556211914
0.0787425488035
0.0663982310994
0.082024526876
0.098433640644
0.0811935474031
0.0603392228862
0.111392854892
0.081752715465
0.0930206929615
0.103735009298
0.0789004176595
0.101808494309
0.0974809211734
0.0873639946995
0.0631897441471
0.0923558679871
0.0817680620097
0.0782254336869
0.0797934544781
0.0
0.0750082878358
0.0
0.0618493421428
0.0682848474954
0.0
0.0847141563341
0.0552742427511
0.063072031974
0.0978236559403
0.106904589045
0.0601094630737
0.0672924806633
0.0629111947681
0.0731684310759
0.0684988776307
0.0846044848739
0.0636714431258
0.172992272952
0.0626704091342
0.0629378084428
0.110535718589
0.0813467002179
0.0535709570986
0.153326178258
0.0
0.120979078643
0.0
0.0616079609513
0.0925070568673
0.0
0.0623479386848
0.0967029071667
0.104765738952
1e+300
0.854003757494
0.149998784686
0.127862366092
0.101747387769
0.085397816778
0.20430145828
0.104123334304
0.0991171713665
0.0936909559938
0.111538145019
0.138068900118
0.0653456198999
0.744450207992
0.135130626957
0.0941816877551
0.0853009085207
0.101983862565
0.0780655254068
0.113940098007
0.0960826813062
0.224057293484
0.493153381931
0.0908530640261
0.0644458029613
0.152247291276
0.141553104374
0.0993242608188
0.763554836261
0.140417736465
0.187255717342
0.0705158589871
0.0777811962741
0.133629140969
0.14285213842
0.0907863554087
0.0676388334386
0.123225949281
0.0716872743197
0.0908409375195
0.106132836929
0.109048719693
0.101813178027
0.0974345463736
0.113060587841
0.0778477831976
0.100311060013
0.109413967373
0.125207239139
0.141652204838
0.0651053179528
0.0642973377441
0.403125241791
0.0854924263573
0.167892797729
1.09680798292
0.136909496305
0.16301910681
0.495942748977
0.0771910620561
0.0674013102653
1e+300
0.108052547197
0.10235019655
0.283776818187
0.145546007512
0.0821106182796
0.0700627080202
0.261383386775
0.321177528672
0.200440272808
0.103502260113
0.124718539686
0.0952694560474
0.119776193201
0.120295832771
0.0931598019781
0.171967565208
0.0707544381582
0.0759399978329
0.160578170322
0.138155053445

Topic 3
Mean 5.74712643678e+297
Median 0.0990077079921
Sum 2e+300
0.0972342697155
0.0959227024653
0.086986651392
0.093177606793
0.110291720475
0.156879767653
0.0745077345678
0.113935380618
0.0776048769541
0.0892523850055
0.0861736841557
0.159685876886
0.0916960408555
0.116079271241
0.0995772725847
0.0
0.0
0.0736033256869
0.0855362295202
0.292863706546
0.0676624571233
0.163897324764
0.186889806709
0.116889815863
0.13003593905
0.164270675251
0.116788864995
0.140633612068
0.104197408041
0.0795833155913
0.0852949955139
0.10106274316
0.0701603568952
0.103347460509
0.0
0.141885734622
0.0
0.0
0.12130978367
0.0912544941234
0.0783358555096
0.0711913192375
0.0754585052423
0.119047460063
0.0
0.0899484571738
0.14767401798
0.0936566934519
0.30136634032
0.0996650188763
0.124791019104
0.0766006105116
0.12383184137
0.08368820009
0.135213836246
0.0891012872793
0.139677407787
0.100661527622
0.0910846494392
0.0787611580262
0.139180225211
0.0
0.0811114966502
0.0945791410947
0.059729502653
0.137673261874
0.129013372236
0.687865917417
0.178827036008
0.152152913995
0.0948310390351
0.207964072425
0.0729867369705
1e+300
0.0965899704602
0.0771097341455
0.24778058663
0.175266950259
0.0
0.0
0.180697994748
0.177613377525
0.076349004415
0.100171282195
0.0736132123085
0.0702380844711
0.0
0.0778093266117
0.0790242751532
0.0
0.104574748268
0.0756734239775
0.116683957344
0.0788703144368
0.0853425835241
0.116457876551
0.101670386223
0.0
0.147254424729
0.099328645157
0.0609702815396
0.101761861832
0.0800649021914
0.0967274762672
0.0
0.0713615084878
0.097891855139
0.0741976301336
0.0798980016058
0.086168820056
0.0940363686242
0.0
0.0911481805809
0.0673636809563
0.0
0.0871683007191
0.0849904023602
0.0835363859496
0.0
0.0877317702768
0.451847977097
0.152858725024
0.126201293052
0.103144439523
0.096197452253
0.108995179725
0.0678585793648
0.165696641624
0.0846718438824
0.0714084648494
0.10255381307
0.0805543345477
0.12504533653
0.0697537669574
0.0981494969399
0.0992480340593
0.217941672029
0.108145471182
0.0986336298443
0.11951720723
0.0761330820854
0.0982475969972
0.0
0.171973482891
0.107404039077
0.0
0.0923280285874
0.107797917386
0.227970941962
0.0
0.0773505995604
0.0728511154365
0.147026015944
0.0
0.0
0.0
0.0
0.0
0.0
0.0
0.0
0.0
0.0693953475931
0.0941334292099
0.0830923565911
0.0
0.0
0.0855132850889
0.0
0.0
0.0
0.333100693316
0.113645052133
0.116928410764
0.11287480429
0.0865905368328
0.102757481845
0.0
0.236487038794
0.129460758045
0.0
0.108170569137
0.07408559921
0.210568905071
0.0
0.0881689630012
0.0823700337468
0.191746135916
0.630402388317
0.0
0.149726733709
0.127158110777
0.120217461966
0.107190652604
0.0832057186774
0.0980252798183
0.0704626759443
0.128462710521
0.0857779434543
0.125719038864
0.102939357373
0.126677881992
0.0866693966846
0.0725083039169
0.0846621178099
0.0793012858841
0.108531098963
0.470019816492
0.0
0.111687524678
0.0892964217146
0.156638656284
0.0732475090424
0.281494711859
0.0646132953688
0.0821877245487
0.0
0.170147397112
0.0763827667989
0.0592627123407
0.145545890938
0.0724082395518
0.0987673819249
0.0
0.0706318531851
0.0622338638887
0.141472753891
0.0916411695371
0.0821917385256
0.10722897293
0.0776298894361
0.110667911826
0.131138533694
0.303164406926
0.173541498696
0.0918487663027
0.113202047787
0.120684125193
0.183339876178
0.0914967979843
0.0816953860828
0.409150253515
0.173473378508
0.25057842506
0.106666228697
0.093626681596
0.0812319101003
0.135471848325
0.134705636663
0.0
0.139601952304
0.165535092261
0.107356322503
0.103256876194
0.0832943255942
0.109350993974
0.0934041877103
0.0759002838733
0.30097274535
0.12064279515
0.161544290747
0.18088936853
0.0773433290002
0.0901595877178
0.0651691452927
0.139940359342
0.165078577036
0.108578609464
0.0714943338709
0.170421205667
0.106405005056
0.0
0.128012031088
0.0925897077651
0.0758761283384
0.153129760281
0.0
0.0
0.155710979167
0.0999814628964
0.0846809166993
0.0763933416846
0.0813285425395
0.0924571467567
0.0
0.106039354984
0.186927256955
0.0
0.0832499381182
0.139495277286
0.0
0.0
0.136652261526
0.0
0.0
0.0
0.148352498409
0.0
0.240694581451
0.0963968281463
0.0
0.0
0.0877488988456
0.105254689472
0.0884333873323
0.0794340714249
0.0847837248965
0.0803374885727
0.0
0.0903985170253
0.792566752588
0.0
0.0868739444785
0.0877629511516
0.0
0.0
0.0797045071259
0.0
0.0
0.0
0.0833213737481
0.0
0.0927386276925
0.0871705577449
0.244518812484
0.0795089271057
0.0916432750414
0.0919767000303
0.209294930815
0.0726256603091
0.113322178244
0.0
0.134735278096
0.147930105499
0.0
0.193677127712
0.102865235603
0.118802275379
0.0
0.0957705290746
0.0696331828561
0.0866539577164
0.109411923128
0.0
0.0934196615539
0.0894919984453
0.12004209364
0.131452300229
0.169426134488
0.0
0.0
0.0
0.0
0.118921361476
0.0915272446833
0.0785367622854
0.0713572114162
0.12064279515
0.112690631313
0.0
0.0800828210903
0.0813703929702
0.0
0.0773043930975
0.0780075382859
0.0
0.0
0.114432641596
0.0
0.0
0.0
0.0744786495846
0.0
0.144032161306
1e+300
0.103757696907
0.0906661672196
0.0
0.118542251251
0.323403745128
0.0896297877272
0.305841043683
0.0826580755866
0.172241466489
0.0794609267101
0.146341637022
0.0968137427775
0.0843724255232
0.199439385474
0.161817059101
0.610374493576
0.0820720580958
0.0781038148409
0.0735188721027
0.0939060204162
0.122710229074
0.0
0.152369541406
0.0865178002271
0.146581636915
0.121632356292
0.0960012648482
0.204928531242
0.266379329861
0.138176270575
0.084605535205
0.116962107829
0.0868201941422
0.139466264818
0.086369931128
0.07009016715
0.0803188213987
0.0
0.14394097784
0.09575720117
0.0
0.0835883531461
0.0616650920712
0.125968224477
0.0
0.0711207707559
0.0672989728
0.0929116645784
0.121017808864
0.0
0.149768797121
0.0856730509045
0.0830249776214
0.10119456106
0.0949622870406
0.0
0.0
0.0744983550897
0.0
0.107738629984

Topic 0
Mean 3.23624595469e+297
Median 0.0957796277722
Sum 1e+300
0.088639123872
0.0
0.0
0.139840840724
0.15178959445
0.124327359883
0.15254342374
0.120623446683
0.143705244868
0.17436263643
0.116845570658
0.204047923654
0.0698077303634
0.113733016846
0.085647793542
0.100608439476
0.0782401893539
0.109763301026
0.0976400213218
0.122248003359
0.0858441314148
0.0
0.0
0.0804585205483
0.0764396453605
0.0806439679192
0.101250097657
0.0779261255392
0.185809579346
0.0994257464514
0.0908411829181
0.0857509734724
0.145178403684
0.128111453682
0.0878814178394
0.0924424437313
0.0
0.0
0.0
0.0
0.0
0.0
0.0
0.0
0.0
0.0865732487125
0.0878158999195
0.0
0.0827411309241
0.0996618672792
0.0758465287292
0.114381504272
0.0
0.0968338307243
0.0
0.121212691787
0.0770371997011
0.0690489014762
0.0929003161978
0.108323114429
0.0936872531922
0.113807652626
0.0699701513985
0.140904533493
0.0
0.0778392269359
0.200886669866
0.0875996249273
0.0
0.103002776611
0.2516798062
0.0800913958799
0.0983413143622
0.0
0.144715709679
0.0
0.0855813683491
0.115465378005
0.0772423920409
0.0836624436247
0.0
0.0754806031108
0.0943461816189
0.068232582723
0.0833276619085
0.0
0.0772428652754
0.0810710565649
0.490759216861
0.095303852406
0.126758332938
0.149189037395
0.0754478300411
0.0
0.0662404011457
0.105206790552
0.109567969876
0.0714490730069
0.0
0.18018187042
0.0
0.0666761904197
0.145690458806
0.07419282455
0.0642541687144
0.0719408478688
0.0777993659235
0.0
0.0971016454169
0.219139033484
0.0615800061964
0.0735544723448
0.0
0.0873256446724
0.0923309464085
0.0685060964962
0.0724902794148
1.69488505883
0.0742797511806
0.0710812740261
0.131378314019
0.101884281941
0.0
0.0857824808529
0.164854506957
0.0996466951222
0.0947252451868
0.0
0.193697571934
0.0
0.0865147514075
0.10721841364
0.0996089614988
0.082480637857
0.128539654859
0.0940798568606
0.0
0.0
0.109886673131
0.073171240889
0.122401056318
0.0679406222213
0.13212712923
0.0779882878658
0.0877047058825
0.0
0.0
0.0672216333894
0.0
0.0
0.0
0.0
0.0
0.16139502198
0.233472977016
0.172318364034
0.260056539535
0.283244222148
0.186800224149
0.106104942732
0.0885546789234
0.141487247538
0.0
0.164478559834
0.109339572552
0.676639002091
0.150485582471
0.131600354017
0.105295836522
0.154833919591
0.0841976714391
0.0
0.0
0.0751756751131
0.0716556822342
0.0753375448085
0.0957796277722
0.0729603346656
0.0762689592179
0.0855362295202
0.0
0.0
0.0659403592419
0.0
0.0
0.0
0.0
0.0
0.073014824144
0.0821971710272
0.127822406316
0.0764603196978
0.0794154240041
0.0754975408688
0.107185989846
0.0975875956643
0.0769472581995
0.0806365048853
0.186066050596
0.0
0.0674657076096
0.13419588669
0.0751716921729
0.0649870538108
0.125133758523
0.0719792615907
0.13150648045
0.0770078680258
0.102857845922
0.0753310315667
0.0
0.0
0.149286645754
0.15527313015
0.148860635339
0.109753214595
0.0802885489157
0.0843135289145
0.0957858871843
0.0
0.0
0.0718689331555
0.0
0.0
0.0
0.0
0.0
0.0803545390198
0.200198232656
0.129762763886
0.083168793098
0.0
0.0
0.0
0.0
0.0
0.0
0.0
0.0
0.0
0.0
0.0
0.0
0.0
0.0
0.0
0.0
0.0
0.0
0.0
0.0
0.0
0.0
0.0911889085215
0.0808515151956
0.0
0.202269624467
0.190688963245
0.0788908457793
0.0997923931577
0.0
0.0911895680741
0.0
0.0708615886158
0.117470957308
0.124251155036
0.101210831158
0.0736204646558
0.101963251498
0.0985800074174
0.0
0.110965272185
0.0
0.0745841895136
0.0
0.0
0.128679823005
0.109011641998
0.0
0.123863489345
0.184357951875
0.105477198316
0.146503317035
0.0
0.128681136377
0.0
0.0916002737219
0.188050427658
0.206049826262
0.163480330489
0.0962634399541
0.100124721757
0.143905083821
0.0
0.171915575186
0.0
0.0979178028034
0.0
0.0
0.212524821639
0.0
0.0
0.0751756751131
0.0716556822342
0.0753375448085
0.0957796277722
0.0729603346656
0.0762689592179
0.0855362295202
0.0777298886954
0.0
0.0659403592419
0.0
0.0645282922411
0.0
0.0714651979996
0.0
0.073014824144
0.0821971710272
1e+300
0.0753310315667
0.129762763886
0.0
0.0
0.0
0.122708335832
0.0826353861411
0.0689387308739
0.190542716094
0.154758862526
0.102135235281
0.0944083946255
0.409771767387
0.131650331316
0.0
0.0808370477773
0.108420272989
0.111685720943
0.0735347472161
0.0641402260697
0.0907031248876
0.0822929789016
0.0671172121998
0.297140337235
0.692956518366
0.0690693560045
0.0717495875937
0.0
0.0860659238312
0.170923385561
0.692956518366
0.0
0.0
0.0720485506785
0.0688090033507
0.0721972203823
0.0945868733928
0.0700111849347
0.122193061463
0.0815108387932
0.0784811726174
0.0
0.0635220148344
0.0
0.0650452035266
0.0
0.072099767259
0.0
0.0700613568595
0.0784730811575
0.0686706631857
0.0721912387901
0.0751243795013
0.0
0.0
0.0
0.0686706631857
0.0941251452027
0.140080726006
0.0924598145399
0.0
0.0777966644721
0.10442853448
0.104574175697
0.0861593494491
0.0
0.167062509901
0.0
0.0902142624956
0.112944696424
0.225640274067
0.0872146539775
0.13685816221
0.0707251603062
0.121720605896
0.0
0.113504199321
0.0
0.118662191859
0.0
0.0
0.105419065095
0.158959000949
0.0
0.119708415989
0.0
0.163262757025
0.0977384554479
0.0762803019617
0.0878381255119
0.176898737693
0.203452894455
0.0986164369959
0.0774061920181
0.302477122048
0.0
0.118057022249
0.127547026202
0.126636567959
0.0760627937304
0.158901931233
0.0978831344479
0.138852428012
0.0740564208957
0.124981578156
0.0725043607734
0.134886527109
0.142172814907
0.0
0.0917675885344
0.125439044522
0.0725043607734
0.116517625774
0.0695912220382
0.148609935555

Topic 7
Mean 5.40540540541e+297
Median 0.0932105438188
Sum 2e+300
0.133583691361
0.165180691885
0.127803038379
0.294078225072
0.193385461003
0.376857830283
0.107953752443
0.0984602578417
0.0785806046105
0.137983580369
0.0706046006865
0.0727804100528
0.0950749573954
0.114883525995
0.0595993487235
0.107522766817
0.0908848319409
0.0921004234008
0.122875443044
0.0843799597575
0.0875987781562
0.115926535346
0.0911769942052
0.0738711561012
0.150134870419
0.109972997454
0.0672285247423
0.0789736454516
0.153164577636
0.0974504845118
0.356108904257
0.1355540496
0.0900102912817
0.111796286331
0.108204409103
0.103452462216
0.224057293484
0.0995621208534
0.139714210833
0.167827684006
0.0809012897065
0.0950061981197
0.105234767453
0.094999909052
0.113635205616
0.0978831344479
0.0656143005351
0.0945956130552
0.124506977812
0.0620889826058
0.0697322047817
0.0993258411389
0.0704133684923
0.118034785476
0.069931917194
0.274574035812
0.100187164544
0.0872528414246
0.140514464985
0.0729755060997
0.0775400143862
0.0844940358447
0.0901906677279
0.220219762341
0.132940662437
0.0865894109413
0.125297129419
0.112686404838
0.0873851695052
0.125499042798
0.102891825697
0.0700423034017
0.0946167060095
0.136280812324
0.101753791726
1.09469985261
0.0735061907985
0.080508615481
0.0769947845913
0.0795895043011
0.107037427018
0.132820153151
0.0640893496
0.124720023468
0.0976543994696
0.072997239508
0.128710885161
0.106950284357
0.076997575824
0.0853163932696
0.0763265796621
0.320757047481
0.0860860178651
1e+300
0.126330902015
0.123805368665
0.085394755552
0.0796214966262
0.0992087827497
0.220203453438
1e+300
0.0683172294146
0.0769055401913
0.0987867321833
0.0949232149111
0.0
0.0
0.0
0.0
0.0
0.0
0.0647268552066
0.0
0.0
0.0
0.0749053514285
0.0766934229403
0.0
0.0695447182546
0.0
0.146754571661
0.0776353284072
0.0785206022278
0.153625114807
0.102404731642
0.0723019983822
0.0843107779476
0.0960081430573
0.110017674896
0.147289059936
0.0652852559996
0.106964493078
0.0977474005081
0.0790177395632
0.592424213354
0.0
0.129433159391
0.0988269150325
0.120554486013
0.214683081185
0.0932463293899
0.103455352792
0.0957961003445
0.499338652338
0.13108125036
0.110960176081
0.0847738437678
0.245833053997
0.0964815631899
0.11777848412
0.295995107012
0.0
0.141782497402
0.0837092626505
0.0610337518954
0.0812931499307
0.147494692566
0.0579719759011
0.0645812386426
0.0805069448276
0.083059849975
0.315621735255
0.120970964121
0.087107701429
0.0753091386901
0.0873976216352
0.0698866576455
0.0692476185266
0.0
0.0815442086299
0.0874283773149
0.117722046449
0.0817843213208
0.336162523286
0.186937680215
0.126501426345
0.0914575784023
0.089435197547
0.371195758673
0.118539630683
0.165077875222
0.080078370669
0.269560120965
0.110863954713
0.102474337841
0.286049880993
0.0
0.128630818207
1.4464507909
0.155313256069
0.0742908539096
0.0646990415858
0.0817378430177
0.101625572383
0.0666866100869
0.0916618223471
0.07615042671
0.0773741486499
0.0937993086527
0.0816870166092
0.0725933861722
0.0684332221326
0.0811249698529
0.227341262465
0.0791197095176
0.0659318563566
0.0846473007392
0.0878562935707
0.067781267321
0.1119727792
0.0879084190399
0.0
0.0859067694372
0.112528744199
0.103054207014
0.0
0.0
0.0931747582476
0.0935336266263
0.0996819095437
0.0
0.0
0.0
0.0
0.23079343932
0.0
0.0775179230223
0.0917137137596
0.0
0.10477316775
0.0789472713211
0.0894652315318
0.0677237713009
0.0748812748545
0.167827313966
0.0639746108264
0.0721195787346
0.0726579024478
0.0939749584117
0.0797542091702
0.0912652513821
0.0757973670572
0.0640401633373
0.0995660874303
0.0787999091833
0.171828574592
0.0
0.140972624138
0.115167748912
0.0873341744661
0.150044408864
0.0979964855537
0.0
0.0929130143611
0.104257406604
0.150194782008
0.243972086944
0.0751114229385
0.0805325086443
0.0873707270032
0.173670731014
0.0934215657293
0.0807989940366
0.0662784476868
0.0959337203353
0.0831161434565
0.0889532878526
1.41632547047
0.0
0.547759871457
0.266285080896
0.0722747668771
0.340034813534
0.0707535615378
0.0869055086139
0.0684315393062
0.110654353777
0.0680965302974
0.117879065244
0.133758966363
0.0643071393152
0.0725424492561
0.10512672086
0.105818825984
0.156640756477
0.102395497751
0.116671384633
0.105700289632
0.112961649062
0.0793050220397
0.084377271068
0.0
0.0994801812645
0.0947015595014
0.118339163101
0.139484221373
0.106636260374
0.0
0.118441659026
0.0688121521729
0.0694161400631
0.0558221848687
0.0681620370273
0.0934132187496
0.0689154459052
0.0587750540792
0.0591320997833
0.0896327473706
0.112270432314
0.0971774715919
0.0611948998907
0.0532953548556
0.0614335859818
0.0631371699355
0.277060780954
0.0
0.148647279931
0.162927541453
0.0713574971616
0.108361538726
0.0637061197025
0.08209032626
0.124724040219
0.0687892871613
0.0633485256209
0.0912958276516
0.0815746720377
0.0961582514157
0.109691362098
0.0581708972744
0.10410735876
0.0874999156604
0.0654165204243
0.145218444634
0.0914273261269
0.0953531094275
0.0878969036924
0.0680776621431
0.118624262663
0.0824923178076
0.0
0.0702104390115
0.100942639753
0.0818519515964
0.088136392574
0.0883260566664
0.0
0.0700384082602
0.077946176764
0.119057671575
0.0573853814074
0.0980175375867
0.0836663056815
0.10606064922
0.425935957362
0.0780178489319
0.0904794041922
0.09132831616
0.111006905195
0.102828800468
0.0908159219249
0.0963442264473
0.0781153612915
0.0969371819466
0.101247893356
0.0974327406767
0.0
0.127695126895
0.142738879446
0.169752643638
0.129918265214
0.0820491696703
0.0
0.100961831532
0.106338256286
0.101792514061
0.0766113639696
0.0872276182188
0.0636190294318
0.0572457218715
0.0669125521341
0.127160419418
0.0545437947627
0.0603553099615
0.0607318746959
0.0688479530358
0.065611573909
0.0688706013227
0.062909855203
0.0545914377659
0.063162134435
0.0649643402771
0.0633721517361
0.0
0.0996153424639
0.0839269726288
0.087663655384
0.078788934986
0.0564840106954
0.0
0.117663972574
0.0670229390916
0.0651881277916
0.0711989825478
0.0588908367993
0.143367084157
0.0
0.0
0.0
0.0
0.0
0.0
0.0
0.0
0.0
0.0
0.0
0.0
0.0
0.0
0.0
0.0
0.0
0.0
0.0
0.0
0.0
0.0
0.0
0.0
0.0
0.0
0.0
0.0
0.0

Topic 5
Mean 7.06713780919e+297
Median 0.0909392360558
Sum 2e+300
0.0
0.0
0.103757696907
0.0
0.0915575016935
0.0844170197209
0.0
0.0
0.0
0.0
0.113349601167
0.0
0.0
0.0
0.0
0.117087430487
0.0826229455597
0.0767634687134
0.0805245980063
0.0
0.0917561880083
0.155912852104
0.0834566693863
0.212081205062
0.0832492315461
0.0
0.134598541696
0.470192839445
0.0968642781962
0.126704222327
0.139769078133
0.0872471563663
0.0
0.0781064936478
0.850633067675
0.140419255175
0.0831954159353
0.123520030244
0.0793716798496
0.0866200454541
0.0
0.103192032787
0.141391500486
0.12191813938
0.16957873222
1.63428989029
0.0
0.0
0.0
0.0
0.121797093929
0.139847297044
0.164282820877
0.224376711798
0.135052055385
0.129386007849
0.0
0.0
0.0
0.0
0.0719008222322
0.10462342891
0.0877676073797
0.0653440636066
0.0592138065937
0.161836504281
0.0
0.0834451532912
0.0774726920278
0.102838886446
0.0
0.0
0.0741818458099
0.102032979479
0.118575668757
0.100508092855
0.0
0.0
0.0
0.0
0.0
0.0
0.0
0.0
0.0
0.0
0.0
0.0
0.0
0.0
0.0
0.0
0.0
0.0
0.0
0.0
0.0
0.0
0.0
0.0
0.0
0.0
0.0
0.0
0.0
0.0
0.106039354984
0.0800828210903
0.0841849462728
0.0
0.0
0.119887836647
0.104531923779
0.223152872247
0.126514187661
0.0
0.0
0.0772771856433
0.0
0.0
0.0898417080037
0.0
0.0
0.0
0.0
0.0779900636294
0.0757181551568
0.0796690590591
0.068736907792
0.0730063093549
0.0950678674759
0.065842275055
0.0
0.0
0.0
0.0
0.0795568734351
0.127217979286
0.0698404211761
0.0729400374941
0.0
0.0778964750089
0.0694497411683
0.073766504583
0.309254724166
0.122150275929
0.0907450171744
0.0753315096566
0.0676969553413
0.0
0.0
0.0696814986965
0.0619163989002
0.0988835015621
0.143774958164
0.171716944728
1e+300
0.0
0.084714397214
0.320757047481
0.138542647768
0.260220522968
0.590970404841
0.124122176284
0.0758860187701
0.0990109497214
0.0
0.0
0.112633883006
0.0708576930301
0.278558469446
0.0
0.113584152759
0.122963653743
0.239888199547
0.0
0.0
0.0761642972716
0.0916116501246
0.096402395166
0.0957103463338
0.0
0.0
0.11590886862
0.0
0.0
0.079430931428
0.0
0.0693441015483
0.14478064206
0.0761330820854
0.0846809166993
0.0785367622854
0.0824781295323
0.0
0.0693698296167
0.0751568690755
0.0840253720314
0.0809806448453
7.46612003449
0.0843792954961
0.0708917319912
0.0758365846347
0.0
0.0
0.0783358555096
0.0934353624178
0.0690208615272
0.54762398568
0.0779097015477
0.0711132197415
0.0
0.0
0.0
0.0
0.0651776726956
0.0671563793682
0.0779523129798
0.0723956918336
0.0786436112624
0.0782568319034
0.0665194110178
0.0
0.0
0.0
0.0
0.085986189874
0.0648695141566
0.0684355500419
0.0
0.189123084899
0.212773596346
0.0967869239524
0.116119548948
0.118376892091
0.0
0.105572848402
0.0931598019781
0.115080957297
0.105570628554
0.744533167602
0.244621703537
0.0839180069453
0.137549624204
0.0
0.0
0.0885858501868
0.0790017826819
0.0762208614313
1.09680798292
0.136033803494
0.677019703811
0.0695435933239
18.4889042129
0.0799828257826
1e+300
0.0780148391478
0.0
0.0962407431698
0.117833653168
0.157238812335
0.0973744276099
0.0874288173929
0.356344526611
0.078392796937
0.0720466503258
0.0
0.0
0.0742986519508
0.104728252251
0.0654001807692
0.0856072243954
0.0739151840678
0.0753936527988
0.0704676714827
0.0977860677511
0.0956766116253
0.0767582552542
0.261892893468
0.0749439520429
0.0
0.0823497098543
0.0798208206958
0.0727607537559
0.0737055009815
0.0709405781368
0.101626133925
0.0627017308494
0.0694197308425
0.0
0.0
0.0715081240988
0.0691957323292
0.0632282781643
0.081482276568
0.0711528511901
0.0702728688155
0.057526961137
0.0834785191374
0.136979900646
0.0728511154365
0.0
0.0
0.0
0.0
0.0666345928694
0.0687041529249
0.0800454755221
0.0741976301336
0.0755472854544
0.080366601478
0.0680376311249
0.0
0.0
0.0
0.0
0.0753717936174
0.0627871619182
0.0700435539323
0.0
0.086168820056
0.0797937212623
0.0671558710561
0.0721737795202
0.0586589519218
0.171973482891
0.0924571467567
0.112690631313
0.075392215693
0.0
0.138689513616
0.1267260979
0.138196247079
0.106992146898
0.16796629446
0.196462452437
0.101296876054
0.069804176321
0.0
0.0
0.119047460063
0.150055058534
0.110815493102
0.181087624408
0.0715567881303
0.164270675251
0.0930175837598
0.216898478025
0.272904742586
0.109458045194
0.0911481805809
1.10913225263
0.178205847948
0.0816175961383
0.106752411104
0.0
0.100501211992
0.118435426104
0.103846707388
0.105090765872
0.0998930900842
0.349403638895
0.115869260005
0.122100439025
0.0
0.0
0.141287370952
0.089123851315
0.08328174319
0.111838736096
0.120904521159
0.10462544847
0.0953735019046
1.0871039028
0.101760280486
0.086357718445
0.0909392360558
0.144035857124
0.0
0.0
0.0
0.0
0.0
0.0
0.0
0.0
0.0
0.0
0.0
0.0
0.0
0.0
0.0
0.0
0.0
0.0
0.0
0.0
0.0
0.0
0.0
0.0
0.0
0.0
0.0
0.0
0.070997202172
0.139495277286
0.0757135093567
0.098382061727
0.0
0.0650802006863
0.136694612015
0.0895668160729
0.0902616470415
0.146031637678
0.0781163577465
0.0664178877376
0.112654800819
0.0
0.0
0.0755267702445
0.0600765851674
0.137750803369
0.621521319026
0.110278216824
0.0741501112653
0.0606398151472
0.124718539686
0.0705228345397
0.0680039182303
0.0618989679489
0.0882645071493
0.111882736687
0.0

Topic 4
Mean 6.25e+297
Median 0.0898035442617
Sum 2e+300
0.19416560076
0.093749080603
0.10435616276
0.0911140638616
0.156757823278
0.0816658195508
0.0
0.0
0.0
0.0
0.0844133423407
0.112982305982
0.0865642151748
0.128875400496
0.0
0.0875134667924
0.137177878845
0.0682808639903
0.0749166568196
0.0760726342239
0.0931707032336
0.0904558100739
0.374944959441
0.07005891577
0.077283014769
0.0
0.392586600287
0.0754891242724
0.134523282326
0.160163269969
0.0938770003435
0.0923738025353
0.0
0.130726433034
0.103890955721
0.108063877785
0.119333712483
0.15284838888
0.11145955745
0.742750189412
0.061267338859
0.202636007614
0.0767003261649
0.0953476107322
0.082874208779
0.177613377525
0.0979781023436
0.1131578814
0.158121064717
0.0
0.070023403754
0.0
0.0
0.0
0.119527361357
0.0872890698265
0.0964135644297
0.0785795398302
0.182149929933
0.0
0.069220621724
0.0
0.0
0.0
1e+300
0.0749077506235
0.0
0.0
0.0
0.0
0.0765864567388
0.0
0.0793798390871
0.0
0.0
0.0633945133589
0.0
0.0
0.120212523402
0.315620899887
0.183328327481
0.0896487992758
0.0
0.191542709478
0.0756493860046
0.187771924007
0.108392593293
0.109293650942
0.0
0.0
0.0
0.104164643091
0.224721947719
0.0650484670191
0.11439487293
0.0
0.0907566140601
0.0862638567739
0.102250610483
0.292341520759
0.21976717866
0.0
0.0
0.0
0.131262852238
0.434137958528
0.176514773366
0.196179930705
0.114315473187
0.0
0.0781357929774
0.0807847351217
0.0832855464583
0.11925459838
0.0978512292325
0.133869873384
0.0773471331435
0.0
0.113204050511
0.0988611998541
0.0789294185586
0.216139469275
0.0629400840527
0.0755077983307
0.0
0.0935961659724
0.0909485509826
0.329053565101
0.0920114596307
0.08525390566
0.0
0.0
0.0
0.100643237155
0.0877630399343
0.0734143740734
0.116171024269
0.182219983536
0.0679287874105
0.194156906578
0.0
0.0708506557018
0.0730218044476
0.0750590221789
0.103078072244
0.0831234255396
0.0
0.0
0.0
0.115523728758
0.100625731753
0.160017579272
0.0669466186521
0.27506491437
0.120539724921
0.0938967604364
0.0912535524778
0.0
0.0808368380346
0.0
0.0
0.0
0.119573099286
1e+300
0.0874170844996
0.0
0.0
0.0
0.182640412073
0.0
0.0
0.0892373488557
0.354024968748
0.0801549160138
0.151944866978
0.0
0.239464722784
0.0999802476054
0.0723180156964
0.0979782322948
0.12886298757
0.0763380013338
0.12886298757
0.0
0.0724650827296
0.0821475863159
0.0788730020506
0.100470337977
0.070050520538
0.089371146219
0.0959038940169
0.107033127994
0.0854929114134
0.165033134269
0.0
0.0745296480391
0.0
0.0
0.0
0.816119956318
0.0811644129994
0.174014424292
0.0
0.0
0.0
0.0840361230663
0.0
0.0
0.0960584462794
0.108524536321
0.0826343575496
0.0916466362496
0.0652737984587
0.0725385958566
0.0
0.0830495493683
0.0699627351846
0.0823326717338
0.0970857943456
0.078237483047
0.0
0.0
0.0
0.0925277450039
0.0835447471573
0.0766091718258
0.0803209112019
0.069593147471
0.0
0.0672305286257
0.0
0.0
0.0
0.0
0.0
0.0
0.0
0.0
0.0
0.0
0.0
0.0
0.0
0.0
0.0
0.0
0.0
0.0
0.0
0.0
0.0
0.0
0.0
0.0839566148654
0.128635461785
0.0660960693639
0.117362226964
0.0
0.092614380765
0.120731883604
0.0917237539022
0.098916097664
0.0790443710236
0.0
0.0
0.0
0.104558501599
0.412705142762
0.077744312801
0.0892338259389
0.0705286226862
0.0
0.0953645520178
0.0
0.0851164377414
0.0
0.10738802683
0.121538853515
0.18497715215
0.0929576768667
0.0
0.0975582216043
0.0946851481715
0.0862510956484
0.113735469922
0.432329497129
0.146850775036
0.226261467237
0.0
0.135496935644
0.0851264881263
0.0927251171509
0.0951245873234
0.0724403522853
0.107581846757
0.105049990374
0.0966918806457
0.0783100765583
0.0
0.0905352673072
0.0781889610431
0.103056762042
0.0711272960033
0.0696001608095
0.0684997970625
0.0760654511131
0.0979211291323
0.0751648149743
0.0882058538952
0.071736794576
0.06810553434
0.0673458863259
0.071169772659
0.0835713747117
0.0761737382699
0.070365460465
0.0745778182187
0.0644019448791
0.0782916596399
0.0805440850909
0.0723608159189
0.0882668808464
0.0
0.0934893848543
0.0787119332646
0.0888606349282
0.122949043197
0.0575808742071
0.0891589426885
0.0702876507365
0.0596666758076
0.072633411198
0.0626235746922
0.0809915770801
0.0681390070438
0.0
0.0
0.073101681381
0.0884814116105
0.079469812493
0.1124240752
0.0568735923434
0.114711575467
0.0
0.0590981971151
0.0
0.0587723304878
0.0
0.0594381222184
0.0607901283106
0.0656986174377
0.130162389226
0.14538856932
0.130629292585
0.163352510336
0.0
0.613831854673
0.0600003204264
0.0744790860954
0.11781037037
0.390572292229
0.857129046722
0.184033652621
0.0
0.0827245462465
0.0736390189895
0.1272585326
0.0844639952292
0.0597282897285
0.130447244319
0.143488665092
1.12522389125
0.0797175997608
0.0
0.0748573831015
0.126946275847
0.0880680774286
0.0515781265566
0.147288188857
0.0873368131422
0.141884123037
0.0708597564841
0.0
0.0779094733988
0.0662790296222
0.0772782499991
0.131642600394
0.0868282405314
0.114059743652
0.0685245185978
0.0
0.0861922278245
0.0783451100707
0.135753194981
0.075503249937
0.0659472443826
0.14765303846
0.0697194544853
0.0737232937587
1.25880370167
0.0
0.0797256352961
0.0803267454301
0.0824831881762
0.0561507080943
0.302838153647
0.0833652217021
0.118989647876
0.0753853279262
0.0766885691994
0.0
0.0911941920658
0.11219563733
0.0903305429297
0.0937708118118
0.0867622068078
0.0719995526444
0.0711510947134
0.0
0.102751952052
0.0890977979641
0.0745300960015
0.498760106799
0.0678731710279
0.0834819782401
0.0899582892477
0.076772397819
0.0816583452944
0.0
0.106415769121
0.0856486609509
0.153934656178
0.057540906826
0.0946903987114
0.0766838774448

Topic 2
Mean 3.1746031746e+297
Median 0.084377271068
Sum 1e+300
0.114693921361
0.0805722553137
0.0949232149111
0.0847906655294
0.0843194415495
0.0
0.0819232371953
0.0968039269881
0.0847265956909
0.0884687261438
0.0982193071385
0.0787999091833
0.171828574592
0.0
0.07164243094
0.0969812773041
0.47673773306
0.089281312158
0.0
0.0838745326093
0.0899174186059
0.0740359692822
0.0859803921705
0.229338171016
0.0
0.0661452230122
0.110509424055
0.0756259782646
0.0711864808715
0.0708540404974
0.0
0.0836350874152
0.0737610568863
0.0
0.0
0.0
0.0769786995786
0.0899748484232
0.13789747351
0.0
0.0807620329601
0.10360305195
0.103075128407
0.116235605029
0.0
0.0735431130784
0.0853163932696
0.0769055401913
0.0830923565911
0.169277903819
0.0640401633373
0.0751117989271
0.0605724076094
0.0699855623155
0.12452018355
0.0947148848361
0.0781634645028
0.0903561871515
0.0
0.0711159670637
0.350047506288
0.0698780436489
0.10609283781
0.0
0.107386501509
0.102865235603
0.0941860982365
0.293652547412
0.0804294873167
0.0
0.0817756457677
0.0685457797788
0.181719906532
0.0739154080186
0.0
0.0768483723112
0.0734241503311
0.0680636906271
0.0712248543743
0.0793050220397
0.084377271068
0.0
0.0720597083066
0.118441659026
0.100701919228
0.0829597675611
0.0
0.118186448803
0.105700289632
0.0784876528908
0.0689276680521
0.0676779183807
0.0749323697227
0.088551843852
0.0
0.0684312529755
0.0747755697853
0.0672842778298
0.0569709222569
0.0
0.368677331268
0.131353795152
0.344194241107
0.0656004942598
0.075230258632
0.0
0.0
4.3585106963
0.0
0.0
0.0
0.0719995526444
0.0825213203544
0.0
0.0902262362441
0.0
0.0
0.0
0.0
0.0
0.065946823186
0.0656614219954
0.0
0.0764945556902
0.0681504794852
0.0
0.0
0.0
0.065245677329
0.0
0.064914903564
0.0
0.0
0.0
0.0
0.0
0.20146182203
0.0956988590608
0.0840478202073
0.0
0.079592471605
0.173518556811
0.0830436763061
0.0760014588288
0.0
0.100238773244
0.0827626002804
0.162872356329
0.080985656253
0.10526550346
0.0982921989085
0.0717256830653
0.0
0.0
0.0
0.0
0.0
0.0
0.0
0.0
0.0
0.0
0.0
0.0
0.0
0.0
0.0
0.0
0.0
0.0
0.0
0.0646321211011
0.0712165389734
0.0741424665984
0.0
0.0653188308915
0.0710748898973
0.0642730203109
0.0547971366502
0.0
0.103068590068
0.0823608333003
0.0979811962183
0.0627348544645
0.0714855632792
0.101011685455
0.0
0.0
0.0919957944428
0.0
0.0672746805167
0.0744383674168
0.0776409732917
0.0
0.0680190154689
0.0742836259814
0.0668857032815
0.0566849108285
0.0
0.109956237595
0.0867006122014
0.104185221587
0.0652215625236
0.0747323338187
0.107618356465
0.0
0.0
0.0974439242645
0.0
0.264574484068
0.0674525647494
0.0746562136942
0.288829471443
0.0
0.0682008630611
0.0745005661688
0.0670615337458
0.0628291227447
0.0
0.0828306560864
0.142378964854
0.138427664521
0.0653887414456
0.112782479494
0.120375186789
0.0686580059861
0.0
0.0850012397923
0.0
0.0676863437375
0.0835079916455
0.0863483493495
0.102627533391
0.295995107012
0.0
0.18775619457
0.110801409888
0.0882115452868
0.127713357951
0.0
0.0929712415577
0.2696667066
0.0897692377659
0.0858929867542
0.111378884819
0.0690744130913
0.0724214891302
0.0
0.0991869748042
0.0
0.0659045660823
0.068654414013
0.0688396795535
0.0868248111902
0.103723080949
0.0899801224308
0.0
0.11696803506
0.075363033635
0.0890197168678
0.0693041709485
0.0
0.0855216025775
0.0927858863863
0.0747806904652
0.0866590481102
0.0758249170106
0.0718179153048
0.0
0.0
0.0842112453857
0.0
0.0683975016891
0.0713640001848
0.0715641993886
0.0980766040998
0.0
0.0
0.146453586152
0.0
0.0
0.0
0.0834819782401
0.0792077247065
0.0
0.109016673032
0.0
0.0
0.0
0.0
0.0
1e+300
0.0
0.0831140134283
0.0
0.0
0.0
0.0790226361414
0.0840497568485
0.0
0.100979781578
0.076943600399
0.0945199385123
0.0
0.0701047377834
0.454189327399
0.0840543492178
0.114016285777
0.0
0.1133192631
0.10829630991
0.387832911662
0.0671368362342
0.09383847374
0.132911910277
0.0755059752887
0.0
0.182323807938
0.0
0.102896457651
0.109760352554
0.12378147172
0.095377588012
0.0736633739347
0.0882328832332
0.0704394253108
0.0811674763212
0.169270026038
0.0
0.0890591365466
0.0913197694038
0.074250354474
0.105568105718
0.0
0.197218675773
0.0986375000767
0.0902839255516
0.070330284237
0.159463026539
0.189822422914
0.130033911769
0.0
0.0851774898472
0.0
0.0872121797258
0.092093423139
0.101458074655
0.148677272167
0.0948821473481
0.130023257299
0.111203187107
0.0920887368369
0.111325079925
0.0788950643717
0.0
0.0989037242436
0.0674281400016
0.0945616412111
0.129546090423
0.0
0.0754463565564
0.0810438471504
0.0669615901224
0.0919022866259
0.0677976428496
0.0645761191861
0.0
0.0
0.0794301441122
0.0
0.0617973811491
0.0642088962358
0.0643709175862
0.0850512983835
0.159992390993
0.0
0.066064310486
0.0826385570674
0.251994329696
0.120306590349
0.0833023803777
0.0891430396604
0.0847472881285
0.103725636929
0.100964133559
0.0763347888507
0.0742292085957
0.0794669656079
0.0758109593508
0.0998250757632
0.097938235266
0.0740764707185
0.0702474673948
0.0
0.0685499277783
0.22607861568
0.0
0.0669715954992
0.0698131267915
0.0700047074572
0.0905754621907
0.0900034608737
0.0
0.106809158865
0.0725171900985
0.0956724481122
0.0732999540302
0.081886182485
0.245582985713
0.0
0.0741844647428
0.109241180871
0.111043453261
0.143479402504
0.0
0.275207366926
0.0660637109927
0.0810150334699
0.0708692471648
0.125580201601
0.0775491108065
0.337799053556
0.0
0.104807128321
0.0
0.07357610492
0.0770201253733
0.098383826993
0.236795056223
0.0781811469343
0.145494383634
0.113079788144
0.211418200128
0.0696752148385
0.0763236786725

Topic 8
Mean 2.5706940874e+297
Median 0.0821652349379
Sum 1e+300
0.105055501477
0.115563666521
0.192007815328
0.0852988738299
0.103578802045
0.494756662683
0.0629033623545
0.0803065529093
0.102280588362
0.058642219938
0.0801688443906
0.338421432855
0.126353427241
0.14568404797
0.0649048060487
0.0753553064954
0.101777564203
0.124602562956
0.0795885347572
0.0793404793915
0.0806319536214
0.0611647054256
0.0774942655294
0.115195213151
0.069355548097
0.0518596777235
0.0685624320689
0.073074177567
0.0883755310062
0.133429390529
0.128401949867
0.0911334387373
0.0852344365724
0.125291676149
0.121084533774
0.0826923191648
0.0652831195915
0.0842262863471
0.0908493059263
0.0607051958829
0.0682531586523
0.0674414629836
0.0894639833531
0.0763893944135
0.118568327392
0.0626080141663
0.108407004674
0.0946764949843
0.0800352767144
0.0632884695486
0.0729092118951
0.0770508612237
0.0670773667501
0.0878214701838
0.0656980127853
0.0789838300009
0.108510454633
0.119758146825
0.0881150884562
0.0833732104143
0.0821652349379
1.64029548348
0.0654021159991
0.130735243784
0.0946249594596
0.0795919517297
0.0836349529554
0.117486641528
0.369586645993
0.101402410645
0.0786360081977
0.0891440936762
0.10460290593
0.0840945813841
0.146708516065
0.102719748666
0.0752635478213
0.111727878785
0.0
0.0
0.0
0.0
0.0
0.0
0.0
0.0
0.0
0.0
0.0
0.0
0.0
0.0649652468725
0.0836979218937
0.107846126364
0.0604302472905
0.0868319596207
0.0671022788593
0.0826490631984
0.0532531044241
0.0890647133132
0.0706874610213
0.0653760968421
0.0870344407518
0.0818848954682
0.0
0.1615059175
0.119347012515
0.133095739165
0.0944855050504
0.0677619200002
0.0882314790169
0.0824360490825
0.065748606514
0.0982752784656
0.0705315850022
0.0674193096129
0.086798254066
0.0924481580359
0.0
0.0701606918876
0.0
0.0
0.0773141345636
0.0
0.0
0.0
0.0
0.11863622295
0.0
0.0720571568618
0.124326341529
0.0
0.0788741681938
0.0
0.0
0.0
0.0617421085665
0.0994464919404
0.179990909016
0.0700988909179
0.0522741674155
0.0835619898471
0.0824807889919
0.0926200212695
0.105541585082
0.0907408983716
0.0893994173913
0.0660627259113
0.124282946667
0.0
0.0536902612298
0.0664162703186
0.0833868533731
0.0624613329255
0.0795874982347
0.085475577818
0.0582578662499
0.0527888039687
0.0644343055535
0.0612877475367
0.051558862909
0.0782623628807
0.0544546493334
0.0525806435076
0.063666575653
0.066654522932
0.0
0.0542333030239
0.0672492484539
0.0
0.0519685390152
0.0812248265476
0.10839387366
0.137061453832
0.0844943987225
0.0646263526461
0.110581664775
0.112605587677
0.498392032261
0.179225202581
0.0842543823168
0.0816398474509
0.0817194967822
0.093726255316
0.0
0.0668046943792
0.0895122401787
0.0894848347701
0.0877615196082
0.0594814843375
0.0689894874246
0.0904990104095
0.0981903005062
0.0638972692421
0.0723149295408
0.0714043950473
0.111338550658
0.055927271155
0.10544975373
0.0806309927182
0.0694529952557
0.119446217131
0.0927260123466
0.0
0.0750533977898
0.0748776960304
0.0
0.056409633843
0.0570093853142
0.071067525182
0.0825350745449
0.090362693066
0.0980298485416
0.0798640729794
0.0573225641518
0.071319506053
0.0674845732061
0.0558751803959
0.0777418472168
0.0592921771572
0.05707719568
0.0703801327365
0.0740496141803
0.0
0.0590298517508
0.0911061221262
0.0
0.0563566410878
0.0569552602634
0.0721540149917
0.0623336552509
0.0643048166813
0.0826049150405
0.174846785951
0.0598583977452
0.0635712226773
0.0663979198656
0.0763157666004
0.0528085230411
0.0817534969947
0.0660027577766
0.0613488953752
0.0800396615901
0.170014391266
0.0
0.0656778558308
0.0693910308123
0.0
0.053238381684
0.0613238106821
0.0661065364003
0.0697936615956
0.058484079224
0.072756192574
0.124490315858
0.185516893719
0.0941288587344
0.0702387430807
0.0853252621989
0.106327150283
0.123606542448
0.124691765608
0.0914179967547
0.0828322191772
0.11369722608
0.107284090302
0.0
0.0728194181112
0.0793355849723
0.10769266998
0.0965852817489
0.0815229587018
0.0857969927985
0.0940784037823
0.0653925136285
0.0678577865203
0.133217994313
0.103159809366
0.11327390808
0.0840448867397
0.0622187673357
0.0790601754799
0.0743749612099
0.0605172372105
0.087030165412
0.0645460490825
0.0619297981136
0.0779074743715
0.0824290658072
0.0
0.0642352965607
0.212524834219
0.0
0.0610824241977
0.0617862739356
0.0800869658294
0.0681668759166
0.081360473222
0.0635895504351
0.0718418978114
0.0716830537593
0.16767212119
0.356800862396
0.091701477332
0.0694829231892
0.112121245271
0.101523996849
0.0673573908787
0.0995340628007
0.0771259701301
0.0809466729055
0.10822227663
0.18154061365
0.0
0.0720073590955
0.0780612806929
0.0
0.0680583023446
0.0588363073978
0.0815472606142
0.0902984723479
0.0645243114889
0.117343665882
0.0953920282364
0.0707953668675
0.0789808705807
0.318216391972
0.119751343331
0.0723774775561
0.0764908222459
0.35539026431
0.121555781817
0.140522435713
0.11457050088
0.0858572529432
0.0732961155041
0.131284774927
0.099705658818
0.0
0.0795614075827
0.0867946800982
0.114553693338
0.0901127908252
0.0636646527543
0.0934692892287
0.105806981456
0.0703777829295
0.0736756288663
0.413276431571
0.0779045950594
0.126342063235
0.0783680824735
0.308497356108
0.12839116145
0.102871081718
0.0637194191624
0.16138365289
0.0990523085297
0.0814405755089
0.176210804836
0.0661625220485
0.0895273789725
0.0944066613768
0.0850837554709
0.0
0.0658360491934
0.0860552119425
0.0
0.103511007712
0.0632658876272
0.106767385861
0.0699723300375
0.0698908099706
0.0651578877737
0.107538312865
0.0773083310947
0.10863024311
0.156640756477
0.0837181550979
1.00766166612
1e+300
0.0838992177569
0.0595826507041
0.092380462984
0.0921154063089
0.10677060816
0.107941886311
0.0700560388923
0.12147569274
0.0781822302524
0.129971967693
0.0
0.0614293891965
0.092549829934
0.112802129513
0.160489126356
0.0662953293806
0.0993727854899
0.0650154066768
0.0741148303011
0.0608385660686
0.0979368344157
0.0825098847942
0.080992738764
0.103452462216
0.105818825984
0.0759113272375
0.109718902871
0.17817613437
0.124589395608
0.0620856924039
0.0804224798573
0.0881941568552
0.096781868051
0.0935343989216
0.123754989171
0.09761529622
0.0776989400514
0.11215906855
0.0
0.0640934656767
0.0831019335206
0.0775685718202
0.0996578132531
0.0616550406764
0.0942587035929
0.0680071735188
0.067930165577
0.0634505537344
0.075969382253
0.0749165568116
0.0743803392706
0.0805448538328
0.0919360680848
0.123125367225

Topic 1
Mean 7.19424460432e+297
Median 0.0818426274396
Sum 2e+300
0.0768426688925
0.0612855523833
0.0711119625107
0.0781457478372
0.0778316286664
0.0635985523305
0.069810257759
0.166665057238
0.0617365656274
0.0750863530089
0.0
0.0
0.0
0.0
0.0
0.0770523579509
1e+300
0.071291505249
0.0959945155663
0.216802124761
0.0
0.0680378328049
0.112655192546
0.0635064440714
0.0810308974633
0.136804620754
0.0
0.112655192546
0.0
0.0
0.0
0.0
0.0
0.0
0.0
0.0
0.0
0.0
0.0
0.0
0.0
0.0
0.0
0.0
0.0
0.0704766628853
0.276010631784
0.0710584813017
0.0802133311011
0.101138977165
0.0
0.147718443016
0.109370840537
0.0
0.0
0.083705578759
0.131019515422
0.0621093403896
0.0817778360339
0.0825577988503
0.0
0.131019515422
0.192855478672
0.0
0.0
0.126598111917
0.0
0.0
0.0
0.0
0.0
0.0
0.0
0.0
0.0
0.0
0.0
0.0
0.0854223656293
0.0855468597939
0.0675636717284
0.0855480580073
0.114760981141
0.0
0.0821662593423
0.46599107506
0.0
0.0
0.122991700288
0.0896790589705
0.0
0.0571708643152
0.14578322918
0.0880591022485
0.142615845213
0.0879546708516
0.0
0.0657839157886
0.0889940882823
0.0
0.0
0.130417053758
0.0578871017348
0.0
0.100275856598
0.0742813448193
0.158504704305
0.0689129591329
0.0999430637399
0.0926849660755
0.0
0.158504704305
0.115173796733
0.0
0.0
0.173299977867
0.134438641595
0.0
0.227970941962
0.0869042770604
0.0686949028142
0.0812849985701
0.0640785376166
0.0833597691085
0.102162086548
0.0
0.150723706221
0.0847808429852
0.0
0.0
0.074195623359
0.0697316064623
0.0
0.0727305607632
0.0595939854838
0.0784244824662
0.0808358092121
0.0729070636601
0.0587559657624
0.0790365618076
0.0780812070595
0.0
0.0730957973414
0.0649342469649
0.0
0.0816845506725
0.0671520280821
0.0958839728123
0.0
0.086393123377
0.0549634286454
0.0705974416805
0.0655324753854
0.0
0.138868433741
0.283660822866
0.137223764031
0.078910909626
0.0
0.0
0.0797465489658
0.0
0.0
0.174904368122
0.0
0.0
0.0886877342781
0.127702953357
0.0
0.0
0.0
0.077295090357
0.0936092538402
0.0714992495823
0.0782958055053
0.0692376896606
0.0
0.093920616921
0.164887311355
0.0
0.0
0.116060754026
0.0786101054299
0.0
0.139188654055
0.0787146347636
0.248648423376
0.0817914140479
0.0733142063076
0.0
0.0
0.084443171919
0.0722955373253
0.0747866628943
0.105676878475
0.0
0.0
0.0729245435179
0.0
0.0744715911468
0.203432719273
0.0
0.0
0.114632003923
0.215559292973
0.0
0.0
0.0626279482182
0.306323108904
0.0
0.0
0.0717317968974
0.0627720866098
0.0646416445845
0.102512619933
0.0
0.0
0.163428427409
0.0
0.0
0.102936782118
0.0
0.0
0.117081232117
0.223677827802
0.0
0.0
0.0
0.0806106370227
0.0
0.223386397354
0.0712890397312
0.0678522858965
0.0870577743206
0.0827034979177
0.0679789664014
0.0
0.0812551538612
0.07560857545
0.0
0.0
0.0633816308359
0.0810863945653
0.0
0.074193614696
0.0520407227757
0.0658474188734
0.0720157865587
0.0783905158996
0.0
0.0872163489017
0.0
0.0
0.0691177732744
0.130341211998
0.0644463309778
0.0699168559164
0.0822879623603
0.0
0.130341211998
0.0912852721185
0.0
0.0923309464085
0.113024216911
0.102981555399
0.0
0.073204747365
0.059911972322
0.11923232965
0.07269106707
0.0747944395936
0.0
0.0823915971096
0.0687016082829
0.0
0.0617575488239
0.114642453807
0.0753131219039
0.0603087025146
0.0765644194118
0.0685455555569
0.0
0.0755145354154
0.0668359820574
0.0
0.0
0.0691879227439
0.0818938408314
0.0
0.0835363859496
0.056319871013
0.0728511154365
0.0674699353882
0.0791449146106
0.0
0.0757476608717
0.0
0.0
0.0699706959026
0.067877814289
0.0770523579509
0.093253480214
0.071291505249
0.0959945155663
0.216802124761
0.0
1e+300
0.0978838990039
0.0
0.0
0.0840410198066
0.0783590570067
0.0
0.0821662593423
0.0657839157886
0.0895079856969
0.150723706221
0.0730957973414
0.0
0.093920616921
0.0
0.0
0.0812551538612
0.0821158570471
0.0755145354154
0.0882462309616
0.0888840711109
0.0687093213668
0.0802551206228
0.0849946060049
0.0
0.0891647466166
0.103257487732
0.0
0.0
0.0817263437868
0.086130436626
0.0
0.0950192225837
0.0635791220336
0.085474929643
0.0781608597954
0.0830950053956
0.0
0.126194829227
0.0
0.0
0.130100898877
0.0787087651231
0.0862349659696
0.0891647466166
0.0
0.0765154536631
0.0664051012827
0.0685009404495
0.0663456977688
0.0
0.0
0.0669354079287
0.0
0.0
0.0772342308342
0.0
0.0
0.0731231226331
0.134616330299
0.0
0.0
0.0
0.086702092516
0.0
0.0786978725369
0.0675431100041
0.0
0.0
0.0
0.0
0.0
0.071050438058
0.0714633351169
0.0935653298953
0.0657771665631
0.0689273345783
0.0
0.0716446587845
0.0804692480715
0.0
0.0
0.0667621966861
0.0696724405901
0.0
0.0753763192357
0.0541388810175
0.0692428862534
0.0643637021851
0.0676727460865
0.0
0.0937485223132
0.0
0.0
0.0875849788647
0.064734785843
0.0697408232945
0.0716446587845
0.0993012210965
0.0
0.100961703766
4.41432722479
0.0912952353489
0.102675838669
0.131767361343
0.0
0.321661576177
0.156461304616
0.0
0.0
0.233407722446
0.194281753435
0.0
0.113213143933
0.1411226513
0.261528570925
0.108772081789
0.0942752787641
0.134633069541
0.132033297563
0.130919524872
0.0708235195675
0.0859916246744
0.219139033484
0.0983376882551
0.131326612146
0.328369231856
0.0754828663136
0.0918751823162

