Topic 0
Mean 1.34408602151e+298
Median 0.103085827027
Sum 5e+300
0.0
0.0
0.0
0.0
0.0
0.0
0.0
0.113856301836
0.0
0.0
0.0
0.0
0.0
0.0
0.0
0.0
0.0966481921521
0.0
0.0
0.100256925606
0.0
0.0
0.0
0.0
0.0
0.0
0.0
0.0
0.0
0.361345529261
0.0
0.0
0.15313581916
0.0
0.0855645121989
0.0
0.0
0.106116564926
0.0
0.0
0.0982489812102
0.0
0.106029932722
0.0
0.142574956943
0.0
0.13069090724
0.0
0.0
0.0949722275675
0.0
0.0889437094431
0.0
0.111210893225
0.0864918535849
0.0
1e+300
0.0
0.0
0.103808387804
0.0
0.0966481921521
0.0
0.361345529261
0.150749529497
0.13069090724
0.0
0.0876244167895
0.0
0.0
0.153506376924
0.0
0.0850804281107
0.0
0.121444604229
0.192260642209
0.0812439741076
0.127325726733
0.0
0.0840101745315
0.0
0.0
0.0
0.0
0.0
0.0
0.0
0.113158777135
0.0893746037727
0.0915573399111
0.0
0.0
0.101753492249
0.0
0.0
0.10576145262
0.0
0.198428565604
0.0
0.0895419025333
0.0884350258837
0.0932493655636
0.101753492249
0.0890119073929
0.0
0.0
0.0
0.0
0.0
0.0
0.0
0.0
0.0
0.0
0.0
0.0
0.0
0.0
0.0
0.0
0.0
0.0
0.0
0.0
0.0
0.0
0.0
0.0
0.0
0.0
0.0
0.0
0.0
0.0
0.0
0.0
0.0
0.331051985431
0.0
0.0
0.215408111064
0.0
0.0912414265903
0.0
0.223909270395
0.161719713301
0.120995494361
0.331051985431
0.120293558582
0.127841863608
0.0957780888801
0.0
0.0
0.0
2.32785430981
0.0
0.0
0.108653693053
0.0
0.100834660167
0.0
0.427742685891
0.150749529497
0.138464618206
1e+300
0.127325726733
0.198813464976
0.106404572337
0.0
0.0
0.385937446911
0.0
0.340446461203
0.0
0.0
0.145348588012
0.0
0.10531178044
0.0
0.173773764497
0.12971395413
0.196530792436
0.101149632501
0.11948591829
0.0901992179701
0.0954311064994
0.0
0.0
0.446895203189
0.101149632501
0.0
0.0
0.0
0.0
0.0
0.0
0.0
0.0
0.0
0.0
0.0
0.0
0.0
0.0
0.0
0.0
0.0
0.0
0.0
0.0
0.0
0.19605336911
0.0
0.0
0.0906595416077
0.0
0.0851502214705
0.0
0.155256959024
0.0802597091986
0.11051204527
0.19605336911
0.0780671218436
0.082736047805
0.0890883028353
0.0
0.0
0.356968836868
0.214083628318
0.0870238086168
0.0
0.0
0.0970161511751
0.0
0.0
0.100652932271
0.0
0.199342934704
0.0
0.085852789049
0.106472959004
0.089255247191
0.0970161511751
0.0853654468835
0.0
0.0987198999264
0.0
0.0
0.0915692980642
0.101235253109
0.105748813347
0.0
0.085435708834
0.0
0.10255381307
0.0
0.0
0.13537832323
0.0
0.124385372861
0.0
0.0977743649279
0.21081269924
0.0911021541532
0.0992021387644
0.135447867115
0.121661760162
0.0794392354392
0.0
0.0
0.102180992456
0.103617840983
0.485673674233
0.0
0.0871264298879
0.124995507098
0.0
0.100150666363
0.0
0.0
0.112772478062
0.0
0.359983127318
0.0
0.120467164987
0.127214034725
0.0872333668669
0.126251746189
0.156163958703
0.127052632142
0.202816078575
0.0
0.0
0.135719953224
0.126251746189
0.118539630683
0.0
0.0808978191108
0.0870767201408
0.0966498174212
0.0
0.0972887645364
0.0
0.0
0.100946398186
0.0
0.200497317436
0.0
0.0860662052926
0.106801399481
0.0894859372905
0.0972887645364
0.0855764441178
0.0
0.0990021862903
0.0
0.0
0.0918121213408
0.101532129509
0.10607279463
0.0
0.0856470539732
0.304224688014
0.125448404629
0.0872962725315
0.0
0.10184955598
0.0
0.0
0.177961877336
0.0
0.0984286507784
0.0
0.156916456675
0.109555117796
0.0933300367245
0.108840692443
0.130368173245
0.0
0.103728941555
0.0
0.0
0.134811029011
0.108840692443
0.176288905169
0.0
0.0891619322149
0.0988103185704
0.119811232778
0.129242480874
0.0990931230102
0.0
0.0
0.0
0.0
0.0
0.0
0.0
0.0
0.0
0.0
0.0
0.0
0.0
0.0
0.0
0.0
0.0
0.0
0.0
0.0
0.0
0.0
0.0
0.0
0.0
0.0
0.0
0.0
0.0
0.0
0.0
0.0
0.0
0.0
0.0
0.0
0.0
0.0
0.0
0.0
0.0
0.0
0.0
0.0
0.0
0.0
0.0
0.0
0.0
0.0
0.0
0.0
0.0
0.0
0.0
0.0
0.0916990987844
0.0
0.0
0.0949415084329
0.0
0.112982827278
0.0
0.081662546544
0.100102839892
0.0847350371852
0.0916990987844
0.0812214929664
0.0
0.0932197506788
0.0
0.0
0.0868179043966
0.309733288254
0.0994624907481
0.0
0.0812850963984
0.113485999208
0.106987266199
0.0827691497116
0.113859207126
0.0933003705852
0.0
0.0
0.0
0.176249452924
0.0
0.0
0.11388375036
0.0
0.073458995342
0.0
0.151638830238
1.06092915026
0.0915929285695
0.176249452924
0.162764587609
0.153136830574
0.0763714155951
0.0
0.0
0.15906077018
0.190686987565
0.119088915629
0.0
0.458505234067
0.0736713713335
0.105503837953
0.0776408255193
0.0738284665677
0.259037987843
0.0
0.0
0.0705643383852
0.0
0.075681127384
0.0
0.0
0.0
0.0
0.0
0.0
0.0
0.0
0.0
0.0
0.0
0.0
0.0
0.0
0.0
0.0
0.0
0.0
0.0
0.0
0.0
0.0
0.0
0.0
0.0
0.0
0.0
0.0
0.0
0.0
0.127894522295
0.0
0.0
0.134291071906
0.0
0.395591236138
0.0
0.160047439801
0.14485537832
0.114742004752
0.127894522295
0.108392593293
0.0
0.130872048885
0.0
0.0
0.118594812941
0.135329662212
0.660900997996
0.0
0.108505898955
0.401829301853
0.260316794322
0.111166610521
0.406547688288
0.131031003064
0.0
0.0
0.158151756651
0.0902105753246
0.0
0.0
0.204381823638
0.0
0.0
0.146480886684
0.0
0.0866843952093
0.0
0.243271266591
0.141199994587
0.1232218172
0.204381823638
0.163233144564
0.119544786622
0.0907690654861
0.0
0.0
0.181622299523
0.224053342862
0.124794778105
0.0
20.8119039977
0.0869802805223
0.119218953433
0.0980212591433
0.0871993462512
0.33967740726
0.0
0.0
0.082682010798
0.533782697012
0.0
0.111009477652
0.0
1e+300
0.0
0.0
0.103808387804
0.0
0.0966481921521
0.0
0.361345529261
0.090775138984
0.13069090724
1e+300
0.0876244167895
0.093955730311
0.101753492249
0.0
0.0
0.331051985431
1e+300
0.0995243874444
0.0
0.19605336911
0.0970161511751
0.0992021387644
0.0915922607829
0.0972887645364
0.10184955598
0.0
0.0
0.0916990987844
0.201051536707
0.0
0.127894522295
0.258972754263
0.0
0.163208709128
0.0
0.0
0.134547177492
0.0
0.113640667055
0.0
0.221221916643
0.156297325081
0.0838259559606
0.0857431762909
0.183752065251
0.08049772781
0.121283873561
0.0
0.0
0.108331247338
0.0878431353822
0.505466684475
0.0
0.0779590418809
0.0824320571135
0.0898487440761
0.104171278014
0.0826287859019
0.162274470547
0.0
0.0
0.0785615487926
0.136228049295
0.0
0.165625205955
0.142616042266
0.0878431353822
0.0
0.0759788930622
0.0
0.0
0.0
0.0
0.0
0.0
0.0
0.0751131726379
0.14405043817
0.0820994664588
0.0
0.0772778276253
0.0
0.0
0.0
0.0761904041281
0.0840227379871
0.728024264261
0.0
0.0749352189528
0.0
0.0673702188029
0.075671785826
0.0
0.0
0.0
0.0
0.0
0.0721323300281
0.0
0.0
0.101348877248
0.0840227379871
0.0730943884642
0.0
0.0750318425394
0.0
0.0
0.0
0.0
0.0
0.0
0.0
0.0741874494943
0.0792819244448
0.0809947977938
0.0
0.0762983274956
0.0
0.0
0.0
0.0752381064859
0.082866071495
0.504029846695
0.0
0.0740138500479
0.0
0.0666245655401
0.0747323284686
0.0
0.0
0.0
0.0
0.0
0.0712782053069
0.0
0.0
0.308383925538
0.082866071495
0.0722174666747
0.0696152092015
0.0
0.0971125457348
0.0
0.0
0.108934995843
0.0
0.077432509273
0.0
0.084365123755
0.0855245257189
0.074241843944
0.0795340449683
0.071530699521
0.0
0.0806754806239
0.0
0.0
0.096778173085
0.0823475517485
0.0909272958234
0.0
0.0715800263256
0.0776685190739
0.0938173809742
0.111004946374
0.0778431438248
0.0807358558818
0.0
0.0
0.0742230705026
0.0631334506906
0.0
0.0962777993312
0.0775587523029
0.0795340449683
0.085889843053
0.0
0.0
0.0
0.0825286530457
0.0
0.0
0.131558086858
0.0
0.12507887571
0.0
0.186231095073
0.0737663835339
0.0765947727421
0.0822404929137
0.106605076789
0.0
0.134401238499
0.0
0.0
0.106385074581
0.0852523637099
0.153817815271
0.0
0.0737647765276
0.0802474344066
0.088505882978
0.113702732191
0.080433862126
0.141293768558
0.0
0.0
0.07657479064
0.0858596612977
0.0725334400565
0.143827309151
0.255946098443
0.0822404929137
0.276978207167
0.0
0.0
0.0796313110052

Topic 8
Mean 7.56429652042e+297
Median 0.0957839080691
Sum 5e+300
0.081765063748
0.0775066815701
0.0867686037656
0.0874028256874
0.073184288746
0.0697540451113
0.12575286883
0.0795511249817
0.0755145354154
0.150323225311
0.0849969670974
0.0786092967712
0.0682131304998
0.100162389425
0.082607107729
0.0882235246223
0.109758405813
0.094077015193
0.078315784932
0.0856515244065
0.0763786386695
0.118608197462
0.129752194392
0.300036066646
0.374944959441
0.148988434372
0.0981456255387
0.146806624586
0.237682992084
0.0872050234853
0.0816229454281
0.0738297595647
0.0835116836379
0.0721057388496
0.0964836881882
0.131086187817
0.0774291732929
0.0931017611682
0.149727931398
0.0696912606696
0.0754409584164
0.0681530881281
0.10156802404
0.29887789859
0.306863213167
0.0846255865087
0.095603010153
0.857728210087
0.167047373785
0.129044524932
0.141041530277
0.0874372587958
0.595794583259
0.0819057346034
0.12747539601
0.0747154821785
0.0896042804405
0.0788715029455
0.0745611493337
0.0728625210995
0.0805016543423
0.109429101682
0.136005943732
1.55493856985
0.256285846417
0.083799760094
0.0
0.0
0.0
0.0
0.0
0.0
0.0
0.0
0.0
0.0
0.0
0.0
0.0979870773241
0.0804616267047
0.0763345037463
0.0996094094693
0.0948245020272
0.273734952636
0.0867079518199
0.293653892264
0.0906294721873
0.0762593210081
0.125219791714
0.0929541730503
0.0
0.113648927337
0.0907285866994
0.0855151407707
0.0977230542232
0.109416404781
0.0947252451868
0.0987501448488
0.138449645459
0.104686041363
0.0854207974943
0.0942642178415
0.107638124948
0.0
0.127679583075
0.104502153139
0.122070709852
0.300036066646
0.262593390477
0.148988434372
0.0882846180321
0.137049075538
1e+300
0.112126173362
0.29887789859
0.595794583259
0.106998585661
0.0
0.102382406079
0.119604306064
0.0957839080691
0.0878374693375
0.113034905289
0.99889057753
0.176952899442
0.0921683763494
0.0953348273239
0.386289203502
0.0825681052371
0.112870128547
0.200593148953
0.0898427543784
0.0
0.104090606278
0.108320190804
0.253300363136
0.0990801894201
0.0819383756649
0.0971914695268
0.0867542888367
0.0958478230395
0.0843835169401
0.0884253307705
0.154534149396
0.0921983618665
0.097069622256
0.0872993477595
0.0944804849678
0.0
0.109578070505
0.177482032716
0.150874162586
0.098534535314
0.162505493146
0.0928327048438
0.0873819051058
0.100168471925
0.307006784994
0.0970211675903
0.101247893356
0.143409805221
0.0982713511549
0.0872834002853
0.0965375779654
0.0838503381658
0.0
0.114320587823
0.136222510665
0.123288079171
0.111332904963
0.115811267503
0.0777546839659
0.0940111531718
0.0822658975541
0.0699548514461
0.0757499335319
0.0684051507175
0.119494518499
0.119935743357
0.0841003104629
0.087937331796
0.0771433011299
0.0937694583528
0.0
0.0765750498615
0.0858171409699
0.113343055315
0.0832260938292
0.0779113954557
0.0876972586378
0.0830610307639
0.106841875281
0.111426402446
0.074220795929
0.0807773345379
0.072478679901
0.102387517274
0.193925236105
0.121942545067
0.111266278608
0.098615398916
0.240552894535
0.0
0.0817162873853
0.0959333440941
0.177254647327
0.113195277189
0.103584850339
0.0945068501345
0.0885509637011
0.0813201867795
0.0992738723708
0.0862677799113
0.0917237539022
0.0791299515176
0.131102659659
0.128128041
0.128635461785
0.0882871969136
0.0925254027298
0.168180955329
0.0990043989052
0.0
0.100287222468
0.0901811502732
0.121081783263
0.087395939585
0.0814916158984
0.0922596625956
0.107171842318
0.0932049841191
0.0856069474974
0.105737651156
0.0911075514342
0.0762470146283
0.0831831524906
0.0744096584688
0.139102990105
0.139701264144
0.093362871766
0.0981155150673
0.0848664332411
0.105431998165
0.0
0.0841792133533
0.0954834689059
0.130836862294
0.0922867154816
0.0857969477356
0.0978167462935
0.114744240739
0.0988800329469
0.122682189091
0.0735901078137
0.0874089707563
0.0606663910416
0.083208779006
0.0717918737217
0.490873484913
0.0670406499465
0.110530781915
0.072015913016
0.0606188946637
0.0876223724943
0.0744448102752
0.0
0.175828994599
0.0807721489087
0.0760418181617
0.0775962363727
0.0731298171588
0.0824355662853
0.0608182261073
0.0677486504245
0.0836812347719
0.0655188943747
0.0812229997709
0.884471319885
0.0760267370044
0.285299855744
0.121119087766
0.136926973394
0.0863110712083
0.240577303946
0.0808940088989
0.075952158994
0.13252214224
0.12718623372
0.0
0.104172048013
0.0900616451652
0.299266190656
0.120287528672
0.0806626364906
0.0921345890713
0.0762653443225
0.0813636943449
0.0955785994318
0.083805094382
0.206233052497
0.0774655672662
0.136371467908
0.0819423291876
0.0697207426375
0.075475506931
0.0713551974905
0.102147984416
0.11924924079
0.290487000214
0.0875677120211
0.0897769177242
0.0844667361108
0.0
0.0762946233089
0.0854650939053
0.112729757524
0.0828949432933
0.0776211143505
0.0873296500493
0.08837174019
0.0977961141757
0.093006447567
0.0986566124139
0.0785315987966
0.0821175246355
0.0844769705264
0.0711217167977
0.067877814289
0.114542840282
0.130341211998
0.0735544723448
0.076997575824
0.11376620729
0.0717311658745
0.0678183605114
0.101757460346
0.0657274322178
0.0
0.0830863725257
0.0940798568606
0.118696089031
0.129378703718
0.0838709766132
0.0963442264473
0.0680679486829
0.0721002323853
0.0707848823333
0.0740108325994
0.0648549496317
0.102978207378
0.0678462788432
0.0672906120099
0.11414130638
0.056319871013
0.0744790860954
0.0657839157886
0.100226026933
0.0617724201953
0.14538856932
0.0874730165749
0.0562789344068
0.0779956023412
0.78632744905
0.0
0.0813888061606
0.0732459274499
0.0693347133901
0.131483031387
0.0669055463142
0.0746111779687
0.0564507051866
0.102154370696
0.0748573831015
0.060478125815
0.114985086906
0.122839245627
0.138262560962
0.059911972322
0.0871738227445
0.212476404428
0.0764900756624
0.129189362919
0.149647105122
0.217123929554
0.0938121066598
0.162093561224
0.0853477600603
0.0813694752155
0.589942983735
0.106106588595
0.0
0.104442503847
0.097436867262
0.128202272159
0.148379736821
0.086528667344
0.0998678047262
0.0820632589758
0.124752222441
0.113994395714
0.0908590801298
0.0989391691541
0.150960660261
0.314668196861
0.114149858133
1.52468930735
0.0822843901692
0.0957554772449
0.0835985058894
0.0736000568702
0.080042624196
0.071886622695
0.118744782756
0.173853492765
1.61069635028
0.0894617168495
0.0967814541662
0.409286970059
0.0
0.109202028607
0.0913684624414
0.115888234911
0.0845902496734
0.081709337827
0.0935027134833
0.100527377658
0.113360269593
0.106568373646
0.114052756355
0.0635548062232
0.0774092875597
0.0899113551411
0.0715143169013
0.058800761906
0.0838838484782
0.0749607941204
0.0899573328953
0.0791449146106
0.0676851953069
0.0730957973414
0.0662333785992
0.113020784635
0.113415417974
0.0808413456388
0.0843804953571
0.0743923978777
0.0897360082021
0.0
0.0738638124531
0.0824264427426
0.107502399512
0.080033244144
0.0751064354468
0.0841594257
0.096394402483
0.0849453321069
0.101935194211
0.108762094847
0.0590954211188
0.0735756084353
0.0847803931564
0.0747944395936
0.0549634286454
0.0789573421545
0.0959059267906
0.0
0.203502692191
0.0
0.0
0.0
0.0802885489157
0.0
0.106886164625
0.0704507439721
0.0
0.0
0.124766625487
0.0
0.0
0.0
0.0
0.0
0.0
0.0
0.0
0.105007832952
0.0
0.0
0.0894901997897
0.0941766014323
0.133397626701
0.0
0.304973440347
0.205343953627
0.0
0.0
0.0640233629384
0.0769467706426
0.0670509044873
0.0586397767644
0.0626579433845
0.101144652777
0.0898721185786
0.0943149128638
0.0682645149384
0.0707710511637
0.0636082745737
0.0745001603719
0.0
0.0632214332519
0.0693913388561
0.0863475144126
0.0676873967326
0.064129574094
0.0706154761521
0.0790324051008
0.0711679515007
0.082718830411
0.0871583421568
0.336399549645
0.117205110145
0.0710521404736
0.0573081044492
0.258259298167
0.0857431138021
0.0787037455219
0.076147641721
0.078555017529
0.0874028256874
0.073184288746
0.0697540451113
1e+300
0.150323225311
0.0757627508141
0.078315784932
0.374944959441
0.0738297595647
0.0696912606696
0.167047373785
0.0674851282093
0.0
0.0859150812011
0.0977230542232
0.202061313339
0.99889057753
0.0867542888367
0.100168471925
0.0699548514461
0.074220795929
0.0728276831729
0.0762470146283
0.0665656838546
0.107359211478
0.0697207426375
0.114542840282
0.0613689446068
0.129189362919
0.0736000568702
0.0676851953069
0.0
0.0586397767644
0.0
0.0
0.0
0.0
0.0
0.0
0.0
0.0
0.0
0.0
0.0
0.0
0.0
0.0
0.0
0.0
0.0
0.0
0.0
0.0
0.0
0.0
0.0
0.0
0.0
0.0
0.0
0.0
0.0
0.0
0.0
0.0
0.0
0.0
0.0925699585134
0.148111553145
0.133153871354
0.0817219576958
0.0897423517302
0.0833602988619
0.129390910382
0.270841150955
0.162916512862
0.1329252769
0.115260770057
0.102272706263
0.0
0.129397006491
0.104227869621
1e+300
0.135687686336
0.122107635772
0.107014316145
0.108053970927
0.145453257339
0.115064966664
0.123839503064
0.0712573863995
0.0904666710529
0.134581049586
0.0791585046761
0.0780283382382
0.120476800085
0.145143870968
0.102732902662
0.0
0.0832433532834
0.0817219576958
0.0
0.0
0.0843984219522
0.0
0.0
0.0
0.1180820152
0.0
0.105760310492
0.112256289564
0.0
0.0
0.0722498497469
0.0
0.0
0.0
0.0
0.0
0.0
0.0
0.0
0.0659259618867
0.0
0.0
0.139120334056
0.139678905747
0.0760929775307
0.0
0.211006079358
0.116885226482
0.0
0.0
0.387141506497
0.103215796047
0.0
0.0
0.0
0.0960910046541
0.145083746048
0.103076365053
0.0844539381038
0.0930477376871
0.0822055955515
0.162310485636
0.169962874733
0.237901810403
0.112138116112
0.0951589936568
0.335874164196
0.0
0.0942958219485
0.108713098913
0.157020075095
0.130015540398
0.0963304573064
0.111748014831
0.130087262623
0.113137892084
0.140385243736
0.153669290968
0.0811108749002
0.124591400564
0.164695180924
0.0817190946537
0.544816452536
1e+300
0.442401294644
0.122451582655
0.148855398705
0.0957351486043
0.0844539381038
0.0
0.295697258747
0.0785120863579
0.0980501016881
0.134997303284
0.114211435071
0.118799705912
0.0948835225414
0.134568435504
0.119269036879
0.20252001832
0.0931036665911
0.114043212854
0.12800529244
0.193828257474
0.0
0.136150512464
0.111227409138
0.184408005839
0.116070576351
0.105987460554
0.114406383682
0.100902858192
0.660115772327
0.119765111063
0.114536314379
0.226258087675
0.458722291922
0.123665123849
0.0831316818916
1e+300
0.598005635323
0.102915036534
0.0962476189755
0.128978149089
0.183861682128
0.0859635291349
0.0
0.165970860616
0.103617716083
0.134113662375
0.109227021866
0.0994826344259
0.0957966949331
0.0969394970903
0.10531178044
0.127731231445
0.102474337841
0.1922770367
0.0783642445793
0.0956783176483
0.16267291171
0.104092316236
0.0
0.12371163993
0.105828526944
0.140729298687
0.15588697777
0.0930833848956
0.129918265214
0.088615896693
0.2098997807
0.149592993823
0.0989610046332
0.16685956964
0.136166334804
0.0931896579564
0.080078370669
0.175218929424
0.170663368549
0.0913008659988
0.0850050830688
0.0910168587252
0.111932713969
0.0827027349545
0.0
0.119914131213
0.0901992179701
0.110167299111
0.2200057654

Topic 3
Mean 6.83760683761e+297
Median 0.112580065565
Sum 4e+300
0.0
0.0
0.0
0.0
0.0
0.0
0.0
0.135719953224
0.0
0.0
0.0
0.100253434223
0.0
0.0
0.162308629553
0.0
0.202816078575
0.0
0.0
0.0957780888801
0.116005716432
0.0
0.0843373696647
0.0
0.0
0.0849820745472
0.0
0.0
0.0
0.359983127318
0.0
0.0
0.0912414265903
0.109416404781
0.198428565604
0.0
0.0
0.124771672586
0.0
0.0
0.166182858761
0.0947252451868
0.0863083583234
0.0802885489157
0.082607107729
0.0
0.372508380655
0.0
0.0
0.200567595059
0.166147008877
0.364410565683
0.0
0.237663214513
0.111298281505
0.0
0.104171278014
0.0
0.0
0.108331247338
0.0941460218717
0.121283873561
0.151588291393
0.113640667055
0.137454494674
0.158837006641
0.0
0.105228750325
0.0
0.0
0.147098680158
0.124540826963
0.0829252666712
0.0792729726432
0.0982066200851
0.07360077295
0.171187240213
0.0823905184838
0.0
0.156163958703
0.0
0.0
0.120293558582
0.0979917907898
0.0890119073929
0.0
0.0850804281107
0.150452788163
0.115835214431
0.183752065251
0.0732937809832
0.0
0.0915922607829
0.0
0.0
0.331051985431
0.180246009461
0.101753492249
0.0948432285867
0.0966481921521
0.0868365417627
0.138385820598
0.0878431353822
0.26440369803
0.0876244167895
0.0
0.105977411508
0.0
0.0
0.364058063792
0.0
0.0
0.110354138868
0.0
0.0996620527735
0.0
0.100990220657
0.0981019922474
0.0
0.674772958403
0.0
0.0905046995414
0.0
0.0
0.093068730741
0.0893083470379
0.0817883702314
0.0845385465134
0.0784571576939
0.0903022527151
0.215851721909
0.140822277375
0.0843453125746
0.093237060466
0.0918295863784
0.426653687092
0.0
0.125699870901
0.0
0.0
0.107761424924
0.0969680568814
0.0881663951653
0.0
0.0843076314165
0.0753081633155
0.232888069893
0.0944316463769
0.114124882081
0.0773582973295
0.0868049369619
0.0
0.0970085026275
0.0
0.0827190825797
0.0
0.0
0.187723854181
0.152478273321
0.0931562470663
0.0
0.0888589877379
0.122763990904
0.122953523449
0.114787504739
0.197125187538
0.128307120736
0.222571510104
0.0
0.101838592629
0.0804695384079
0.0
0.106615354581
0.0
0.0
0.236474009234
0.0732459274499
0.0681099078682
0.304973440347
0.0657839157886
0.100226026933
0.141077859788
0.301400774831
0.0986483998517
0.0827245462465
1e+300
0.674772958403
0.378578997984
0.061070338504
0.0862923584305
0.0
0.0827691497116
0.0
0.0
0.0868179043966
0.103115905788
0.0932197506788
0.0
0.112982827278
0.0789644699607
0.194074115929
0.0785615487926
0.0931008499893
0.0812214929664
0.0916990987844
0.0
0.0751640234504
0.0805169186381
0.0846581401073
0.0634529371376
0.0
0.0
0.0
0.0
0.0
0.0
0.0
0.0
0.0
0.0
0.0
0.0
0.0
0.0
0.0
0.0
0.0
0.0
0.0
0.0
0.0
0.0
0.255835232606
0.0
0.0
0.132739256821
0.164854506957
0.391495162535
0.148860635339
0.321661576177
0.122248003359
0.580602843834
0.17572193217
0.105210654665
0.115205488436
0.137487990413
0.104151195161
0.103387307263
0.113793088287
0.122244260455
0.1411226513
0.122353636917
0.0
0.0
0.215044318578
0.0
0.0
0.176203143512
0.119905607568
3.56669851118
0.0
0.210118215271
0.134188086434
0.405879372562
0.125553251715
0.0848991608858
0.357903553038
0.104741641593
0.0
0.104909058523
0.0904010484551
0.151503302505
0.105813599492
0.0957215428346
0.0
0.439765602397
0.0
0.126251746189
0.0
0.0
0.331051985431
0.180246009461
0.101753492249
0.0923999033286
0.0966481921521
0.0850032540544
0.138385820598
0.0857431762909
0.161680737242
0.127325726733
1e+300
0.567927926581
0.0895371909612
0.0868049369619
0.212141058086
1.07493801808
0.0916990987844
0.0
0.137487990413
0.104741641593
0.0
0.123169783448
0.0
0.0
0.174027650184
0.120867645156
0.147832365204
0.0
0.121537756847
0.0854423249776
0.21218092085
0.0984057977148
0.112226286407
0.0925595238817
0.194814638944
0.0
0.0932190103445
0.111026394003
0.134419724696
0.0627081366564
0.083388351649
0.0
0.174136883413
0.154224662319
0.194814638944
0.0
0.149137388602
0.0
0.0
0.280604645486
0.0824413840102
0.0759916193431
0.0897209951344
0.0731075471348
0.136926973394
0.0947162790642
0.144708703417
0.299279283664
0.519509165828
0.0979770072064
0.114619797297
0.160268954061
0.0673321080411
0.102894488215
0.443299588128
0.0702399809974
0.0
0.145546007512
0.211911877145
0.0953717689576
0.0693284732912
0.0
0.220203453438
0.0
0.0
0.194607816094
0.0862137534699
0.0791853855993
0.201415327458
0.0829052854476
0.0986879193478
0.15559287579
0.112299320651
0.0875562023582
0.0966859266802
0.106948315857
0.127091756996
0.121449859726
0.0932754229892
0.135538352387
1e+300
0.0792368872598
0.0
0.134633069541
0.110917851519
0.107852873932
0.0971508539365
0.124329617823
0.0
0.129242480874
0.0
0.0
0.134811029011
0.116130591867
0.103728941555
0.0
0.0984286507784
0.117816789041
0.149724175304
0.162274470547
0.0829890575659
0.130368173245
0.10184955598
0.0
0.134763254859
0.088238507943
0.416833439833
0.101256646793
0.0933003705852
0.0
0.1411193388
0.531206919401
0.108840692443
0.0916989259084
0.0993633145577
0.200845731675
0.0
0.139372624868
0.0
0.0
5.43652622944
0.131427973318
0.171804940925
0.0773454529802
0.156860238219
0.171422885948
0.200457357861
0.104377333314
0.131571680685
0.125482344554
0.485258514964
0.720132778831
0.0819388022494
0.106870208375
0.147610148884
0.0956811420444
0.0828991811406
0.0
0.257081642883
0.180499451406
0.485258514964
2.1061604858
0.139339397317
1.0143750423
0.107490861326
0.0
0.138782960417
0.0
0.0
0.091044915401
0.109133928654
0.0981106944491
0.0
0.0933558521792
0.0824459962415
0.131733732635
0.0820068612109
0.0793534965239
0.140081815704
0.0964277294147
0.0
0.0783118129373
0.0841398252122
0.0886725944378
0.0656817033738
0.0887301303556
0.0
0.130919889933
0.100885803189
1.39823569965
0.0872805151259
0.0729813313956
0.116867440914
0.118028176701
0.114009252393
0.0
0.104065268081
0.0
0.0
0.196683643612
0.131378314019
0.0840950539312
0.0
0.0805773316288
0.100608439476
0.220468193062
0.0951876679582
0.121231783612
0.189345655026
0.223654703838
0.0
0.0831990850328
0.0959444525869
0.147547510984
0.0865137922852
0.0771077450516
0.0
0.15254342374
0.402042760887
0.223654703838
0.13895223321
0.138768617214
0.0898961182672
0.114150462792
0.17104483674
0.120273312508
0.0
0.153164577636
0.0
0.0
0.960809756923
0.138852428012
0.13186191126
0.142172814907
0.122876712083
0.0986164369959
0.148110213339
0.141391500486
0.161999901671
0.154748108542
0.24621673297
0.0988131971871
0.0818321475466
0.0759070915175
0.181417562065
0.266331485944
0.0796232217797
0.0
0.176898737693
0.139847297044
0.24621673297
0.147340458839
0.0853731840514
0.320757047481
0.128271198353
0.16333945207
0.186606130881
0.163262757025
0.0
0.0854114061141
0.0
0.0
0.199247654333
0.121766120718
0.0800501789602
0.178747021599
0.0768562890978
0.0812613425013
0.101105428186
0.131901800745
0.148653084219
0.071038690422
0.266379329861
0.4401282388
0.144707855861
0.0704991209752
0.604538798578
0.266379329861
0.0736934636434
0.0
0.138567753423
0.0818880560677
0.247963483262
0.109968200263
0.152595749871
0.158619332357
0.0801096215841
0.148183439307
0.0767168098917
0.118601008806
0.139542041395
0.0
0.11554784388
0.0
0.0
0.120736735789
0.098285674511
0.0892543299427
0.0977265257709
0.0985307579606
0.126319766126
0.142726326433
0.199180074793
0.0879942887553
0.121020178746
0.107602673802
0.199627778461
0.169913007257
0.0884930370377
0.128811434463
0.196273658845
0.309733288254
0.0
0.115611904944
0.141446691405
0.123844328911
0.0919738411067
0.101057084044
0.13789747351
0.145495758215
0.156299925775
0.135879421235
0.181019034037
0.114770873135
0.099171575419
0.0
0.109181374174
0.0
0.0
0.109763685003
0.0
0.0
0.0880266563984
0.0
0.102490439341
0.0
0.117644452978
0.0800516635973
0.0
0.0959600049543
0.111868982969
0.127725902203
0.0
0.0
0.112580065565
0.0
0.0
0.10724407574
0.0
0.0934595592501
0.0
0.130914886678
1e+300
0.0
0.0780865596129
0.0
0.0
0.0805245980063
0.120343982288
0.0989126603483
0.0
0.0984473684551
0.0
0.0
0.107390411738
0.0818538145756
0.0754921115475
0.0
0.0726451196333
0.0658631358692
0.161338843185
0.080039075153
0.0912027201081
0.06742593321
0.0744917282638
0.0
0.081882632658
0.106191646132
0.0697773896416
0.0547082210267
0.0698130125691
0.0
0.0935269339585
0.077124515437
0.0744917282638
0.465033497632
0.0596801765212
0.0792068861676
0.0755449753186
0.154424614974
0.0725204941893
0.0811232346756
0.0663207953746
0.062155034812
0.0757314638427
0.0
0.0
0.0745497809291
0.0
0.0
0.190389120834
0.128539654859
0.0829228661393
0.0
0.0795005308869
0.0714490730069
0.105731702966
0.0711190374046
0.118810619701
0.0732919056889
0.324140247328
0.0
0.0683232939634
0.0727177034655
0.143976622362
0.0585076870349
0.0761211122182
0.0
0.105206790552
0.0848966447145
0.324140247328
0.135780794574
0.0642303440663
0.0664972652797
0.0829866533395
0.194331672331
0.079351298328
0.149189037395
0.158901931233
0.116282780382
0.0734561839096
0.0
0.0638731259976
0.0
0.10561841944
0.0
0.0
0.105760488241
0.117239029925
0.123250008573
0.0763860655516
0.151421700708
0.127430870905
0.191739298729
0.150536563101
0.0852444976778
0.183617135255
0.10270113896
0.0937187272137
0.351984683447
0.0940242655144
0.09613475669
0.11887268259
0.0961607613907
0.0
0.17987941786
0.127661448036
0.108196555966
0.147571698301
0.0784058280361
0.0840478202073
0.12495274669
0.105830245344
0.11727108272
0.0914820191836
0.101206408056
0.080635522172
0.100238773244
0.0771088150424
0.169032034295
0.0835511393727
0.0
0.118539630683
0.0
0.0
0.446895203189
0.105828526944
0.0954311064994
0.0910168587252
0.10531178044
0.127731231445
0.169559224941
0.505466684475
0.0878290712147
0.11948591829
0.0995243874444
0.116743211091
0.153903373746
0.100556603609
0.123891995244
0.175218929424
0.0994624907481
0.0
0.126191666257
0.399495048209
0.101149632501
0.195601576235
0.144983812837
0.286049880993
0.176288905169
0.223128498182
0.109037503949
0.0997884658493
0.117722046449
0.132130331441
0.228636635577
0.117826215641
0.0889124188619
0.0775892520547
0.354619320016

Topic 7
Mean 6.65557404326e+297
Median 0.0917589929897
Sum 4e+300
0.364515545688
0.0724601074924
0.0689382252707
0.0
0.0
0.0
0.189542260539
0.558216584177
0.0677047430072
0.0
0.0776264743472
0.120337536675
0.091815435258
0.0
0.117228332084
0.0916045593228
0.0817623600398
0.0670181355857
0.0
0.0645750014749
0.0714140843252
0.0909392360558
0.0812319101003
0.0666613308242
0.0
0.0642436727373
0.0710090777591
0.151837257159
0.0952986131872
0.125124139901
0.0917589929897
0.0
0.121766120718
0.12969603632
0.086103207576
0.0855151407707
0.158113857262
0.137373038828
0.0893653768736
0.0
0.127122299519
0.314962172734
0.0733453276824
0.0729181853396
0.0972930985281
0.0
0.0
0.0
0.0
0.0
0.0
0.0
0.0
0.0
0.0
0.0904827644571
0.0808674942565
0.0664157234025
0.0
0.0640155270385
0.0707304547863
0.150568990755
0.148779852169
0.085111377108
0.0726244101811
0.0
1.0871039028
0.548398363257
0.0693920590425
0.0
0.155599120066
0.0741159267132
0.0764911903449
0.0760267370044
0.0900616451652
0.111979490576
0.0
0.0757074351187
0.157694373732
0.106915053143
0.0716396338128
0.0
0.0688549304332
0.0766855906338
0.0902971741018
0.089650639355
0.0938844723212
0.0845677775915
0.0
0.0892069808299
0.0917365628393
0.0819934842905
0.195701632335
0.107060421342
0.0
0.175536801954
0.128468675174
0.0746945668715
0.0742516122661
0.455308262033
0.299990453449
0.0
0.0739470170021
0.140116643247
0.0804811224637
0.0852751750884
0.0818492430121
0.0730994951819
0.0
0.0602338441462
0.0783607504032
0.0596897955055
0.0594065917242
0.0785542095293
0.0968993818027
0.0
0.0592114559142
0.0827893871952
0.0633284075267
0.0689467449966
0.222926513389
0.130417053758
0.0589622598992
0.0
0.266379329861
0.062338282614
0.056574346243
0.056319871013
0.0732459274499
0.108674055463
0.0
0.0561444566569
0.122839245627
0.0598326762228
0.1272585326
0.0714542849839
0.0934848173468
0.0832569890116
0.0680190154689
0.0
0.0655037320564
0.0725516871593
0.105730474638
0.104845129186
0.0877623623941
0.0745458077547
0.0
0.104238847487
0.0777977759776
0.0921236097842
0.0759399955375
0.060482458908
0.0572859312659
0.0
0.0
0.0
0.0
0.0
0.0
0.0
0.0
0.0
0.0
0.0
0.0
0.0
0.0
0.0
0.0
0.0
0.0
0.0739961028864
0.0703271059506
0.0867796637586
0.0
0.0690438843002
0.282862440814
0.0683299904614
0.067959118996
0.0942361191347
2.77544277209
0.0
0.0677038736358
0.070799473124
0.0731406813662
0.0807393930983
0.0885553041182
0.0599753047561
0.069370741794
0.0
0.0904019629567
0.203788386141
0.0668597203265
0.0
0.182015332313
0.0712342333729
0.0638058539158
0.063482351261
0.0858418959414
0.33243796867
0.0
0.0632595714413
0.0922069564799
0.0679811381771
0.196179930705
0.0981059791524
0.384697063597
0.0647124368859
0.0
0.0911571297055
0.330122822267
0.165535092261
0.084642364603
0.0
0.149865821353
0.0917774678971
0.092019724742
0.0913483792207
0.117549565857
0.177518906634
0.0
0.0908878013764
0.143380002188
0.301913704812
0.0972674167666
0.0732795988653
0.0963797515802
0.0939172411209
0.0
0.0867457461837
0.0795822017915
0.739105668628
0.153129760281
0.0758069584945
0.0
0.15483721558
0.0814802883574
0.0719049107561
0.0714943338709
0.101173244135
0.134483994871
0.0
0.0712118973973
0.399817617294
0.0772518405096
0.12707852352
0.132367527018
0.105184492207
0.0730583310156
0.0
0.118931177456
0.136819410599
0.191173297993
0.102846787143
0.127614001643
0.113307840249
0.0
0.168518001691
0.132373122277
0.0855391273487
0.0849587144336
0.138188206368
0.121380572481
0.0
0.0845601758175
0.090437504547
0.117534728681
0.228454695008
0.119653799302
0.105884140182
0.0871764077439
0.0
0.108566484272
0.123279844382
0.0888157113005
1.24576189342
0.0849870201851
0.199700164773
0.0
0.0
0.178747021599
0.0
0.0
0.0
0.0
0.135732230552
0.0
0.0
0.0941766014323
0.0
0.192388439101
0.0
0.304973440347
0.0
0.0
0.0
0.200198232656
0.0778013262669
0.18960306533
0.0838791558611
0.125132575762
0.542063382447
0.0951811763817
0.0
0.148183439307
0.126157075109
0.0791660027777
0.0786686042651
0.131427973318
0.177359553861
0.0
0.0783267757461
0.141839339239
0.110870350543
0.130167772649
0.0917986025102
0.0956811420444
0.0805664023361
0.0
0.114100286936
0.161155961525
2.06065115894
0.188444118025
0.13417779325
0.0773454529802
0.0
0.0
0.0833546692134
0.0
0.0
0.0
0.0
0.0
0.0
0.0
0.0
0.0
0.0
0.0
0.0
0.0
0.0
0.0744139478633
0.0
0.0
0.0
0.0
0.0
0.0
0.0
0.0
0.138151947346
0.138654236618
0.0596689357901
0.0
0.128218662884
0.0631287424977
0.0572246262036
0.0569642808069
0.0743396364286
0.104470013676
0.0
0.0567848357121
0.09558785404
0.0605604991578
0.135089581685
0.132361867893
3.95606635065
0.057952768789
0.0
0.0607066229871
0.371190950771
0.0787619705563
0.116150846478
0.0849968315895
0.136982866091
0.133485452519
0.0
0.105582324399
0.5048048938
0.0664033545079
0.0
0.107273619525
0.113380905355
0.0749161518334
0.074470573077
0.117620336084
0.129154081734
0.0
0.0741641824267
0.0875198282479
0.0983688140796
0.116609998227
0.0769358730301
0.0561356174082
0.0761690426774
0.0
0.0920077838715
0.120342809354
0.139138228746
0.0988759425013
0.119817891773
0.0
0.335524428071
0.0
0.0567757936903
0.123647804058
0.193556689359
0.0708643388771
0.0
0.196292757111
0.0757979097925
0.105730474638
0.104845129186
0.0925574115224
0.0915024905867
0.0
0.104238847487
3.34000525717
0.0921236097842
0.0895920980838
0.0848936636404
0.248767378971
1e+300
0.0
0.0931749461389
0.0912497826316
0.177237927356
0.184233537626
0.0927621548565
0.137008941303
0.174889683414
0.0
0.132446451302
0.0803990476045
0.10813846324
0.10268790543
0.109760352554
0.0
0.085440835673
0.0892707592404
0.0768027366202
0.0763345037463
0.127679583075
0.152696409084
0.0
0.0760126169443
0.104172048013
0.0829339455252
0.110246075569
0.149973685779
0.0813888061606
0.0781200789453
0.0
0.13295507505
0.238932824517
0.100873057363
0.264292810187
0.218035751188
0.0
0.140402678974
0.0
0.0827414569941
0.108379971732
0.110003132755
1.0871039028
0.548398363257
0.0656202094403
0.0
0.155599120066
0.0698289229231
0.0626760314846
0.0623638560175
0.0838093519173
0.111979490576
0.0
0.0621488440593
1e+300
0.0667000970437
0.140116643247
0.0774762590397
0.122839245627
0.0635505726061
0.0
0.0668773940212
0.0922069564799
0.143380002188
0.399817617294
0.090437504547
0.0941766014323
0.141839339239
0.0
0.09558785404
0.0621380132631
0.750559116845
0.0958971283566
0.111915720643
0.237199456289
0.0
0.0
0.241321611045
0.0
0.0
0.0
0.0
0.0950478409537
0.0
0.0
0.224937188723
0.0
0.0929882066751
0.0
0.127439908305
0.0
0.0
0.0
0.0947751999792
0.39544638531
1e+300
0.0929068047677
0.0968573329528
0.383944258689
0.0
0.135246339121
0.0
0.321197896588
0.0
0.224937188723
0.112075218675
0.118443964828
0.0849494780707
0.0
0.0690102613893
0.0678987224991
0.078356999077
0.0778696832428
0.0810441945466
0.100645721542
0.0
0.077534747586
0.279326719376
0.0913008297925
0.112893931668
0.0572139333919
0.0822228281938
0.0797286753317
0.0
0.0651048455701
0.0672652355022
0.0875153400127
0.068342266283
0.0891539167375
0.0683074082702
0.132059729678
0.0682122340229
0.0690467927833
0.0880719862508
0.134124851605
0.0869429101177
0.0725945066231
0.0741770332211
0.138685353702
0.131273089614
0.0994906866854
0.0
0.0768562890978
0.109496669275
0.0759727328186
0.0755145354154
0.109416404781
0.106029932722
0.0
0.0751995124765
0.121119087766
0.121380044057
0.0916314570794
0.115147455422
0.0657839157886
0.0772615171811
0.0
0.102409489258
0.075769220509
0.202988731509
0.0874685233895
0.0840928543075
0.0
0.156860238219
0.0
0.0666647904176
0.114105886776
0.0809536135381
0.0948245020272
0.0741812760912
0.0
0.0720067094321
0.079362511374
0.0751571670616
0.0942540859842
0.0
0.0736934636434
0.103187189707
0.0728807475765
0.072458983703
0.103115905788
0.100102839892
0.0
0.0721688896267
0.0756968956325
0.0783793397726
0.0871709599322
0.0801301597391
0.0634529371376
0.0740659449043
0.0
0.104155843813
0.072693443093
0.0942140754252
0.0833951033902
0.0803209988703
0.0
0.0828991811406
0.0
0.0642721034908
0.0721542852805
0.0774522506338
0.0900558112853
0.071230559488
0.0
0.0692232074909
0.112982827278
0.136509839505
0.106974662674
0.0689991719706
0.0
0.0826451790537
0.0736678999907
0.164535229939
0.162401142049
0.0894009576018
0.0931437276909
0.0
0.160951103207
0.0878389773795
0.0995156231996
0.0788730020506
0.0612562090827
0.143488665092
0.110746823012
0.0
0.070390534273
0.0801549160138
0.0957961891322
0.075889409738
0.0937674093708
0.0816391761486
0.227030038262
0.0
0.134716605097
0.0956917773715
0.120888725436
0.07941573715
0.0878389773795
0.109650586511
0.101378091792
0.0785286216167
0.0752296115647
0.140227355806
0.150341846827
0.0981996895843
0.0
0.0718847470961
0.0804626394549
0.0911510645778
0.0904922887763
0.0996089614988
0.164054418167
0.0
0.0900402819249
0.109639722269
0.109152430526
0.0985883009936
0.0940359328996
0.106184094273
0.093012562832
0.0
0.0765687963361
0.104673750396
0.155899291825
0.0869115787806
0.144715709679
0.0
0.158592884748
0.0
0.0880596069557
0.104569200203
0.0959760799036
0.130717490378
0.0866025778753
0.0
0.139517411234
0.141199860402
0.0823293750699
0.123873352666
0.072928119134
0.0693617147142
0.107618356465
0.0
0.0681131685045
0.0757666441281
0.0674182947566
0.067057227855
0.0925107954161
0.0740904220161
0.0
0.0668086999177
0.0698211600197
0.0720970733114
0.15678246236
0.0627003965039
0.0592717770638
0.0684312529755
0.0
0.0723042672704
0.067257984346
0.0852816667106
0.0763193553251
0.114456424362
0.0
0.101287597213
0.0
0.0599859366248
0.0667961842323
0.0713119000642
0.117961308293
0.0660038011643
0.0
0.113514501045
0.0809179508976
0.0774196055809
0.0694234128437
0.0990612316907
0.122691640133
0.203788386141
0.0669397124979
0.0
0.182015332313
0.0713250425797
0.0638787015904
0.0635544616994
0.0859738019325
0.137608542008
0.0
0.0633311763653
0.13830035763
0.0680638378807
0.196179930705
0.107502177972
0.130629292585
0.0647873705892
0.0
0.0984674691756
1e+300
0.0796955590045
0.155812194034
0.138490641055
0.200198232656
0.102493965724
0.0
0.163298385882
0.0843092285071
0.0912497826316
0.248153615377
0.13830035763
0.0947751999792
0.0672652355022
0.0758719684811
0.072788013268
0.0801549160138
0.0710229377497
0.0673389329132

Topic 6
Mean 5.19031141869e+297
Median 0.0941726462277
Sum 3e+300
0.0739914039122
0.0
0.0
0.10813846324
0.094656785093
0.0
0.127679583075
0.0825853626319
0.0
0.0952986131872
0.0
0.0
0.0
0.0
0.0
0.0763345037463
0.0792914214281
0.0
0.0909392360558
0.0855151407707
0.0
0.0900558112853
0.0703444684149
0.0
0.079362511374
0.103115905788
0.0
0.072458983703
0.150590215573
0.102548678034
0.0
0.140814421905
0.100253434223
0.0
0.0865316051672
0.0827691497116
0.0827414569941
0.0556492066748
0.0
0.138151947346
0.0743396364286
0.0
0.0569642808069
0.0642721034908
0.0854673722452
0.169055754064
0.0789430672549
0.0
0.109380625542
0.126096104824
0.0
0.0763403800999
0.0839692899586
0.144680887316
0.0676105683198
0.10268790543
0.0840757115455
0.0
0.364515545688
0.125124139901
0.0
0.0812319101003
0.0751571670616
0.372038232479
0.138654236618
0.138233800105
0.0639954732599
0.062564181121
0.0
0.110263722978
0.0703249467069
0.0
0.0642312785059
0.0612490620693
0.0773140114098
0.109090791285
0.0608605833765
0.15500448633
0.0808300844506
0.103484874448
0.0
0.106145497065
0.091197348493
0.0
0.0871972422977
0.0764975934649
0.116170810597
0.0594309278421
0.0867761435852
0.093018156966
0.067384834998
0.0813888061606
0.0550340463957
0.0
0.222926513389
0.0732459274499
0.0
0.056319871013
0.0634529371376
0.106615354581
3.95606635065
0.0719479521444
0.130417053758
0.131033120419
0.0587298451773
0.112371458431
0.0685323090093
0.0
0.138878308703
0.099268157078
0.0
0.0705377296504
0.0820964180105
0.156640756477
0.0851774421895
0.118696107148
0.131445957357
0.0598706331546
0.074359362992
0.0879301930628
0.0972138494352
0.0883030092214
0.0
0.108686421935
0.132617429365
0.0
0.100892634829
0.232206942575
0.356108904257
0.0790541610947
0.147437286519
2.21446693948
0.144216593258
0.0982203439277
0.10195818156
0.117879065244
0.0986240816563
0.0618756473816
0.0
0.140933494344
0.0858847316497
0.0
0.0635057750373
0.0727241590913
0.0739223131919
0.0769425558245
0.0866340850094
0.0928549453418
0.0702710880763
0.0665867853255
0.179413322392
0.100701919228
0.0690755650989
0.0799456081359
0.102039554504
0.0
0.10462544847
0.0900730141613
0.0
0.086168820056
0.0757049270048
0.114352528115
0.0827104905092
0.0857575723936
0.0918487663027
0.0750510751891
0.115517874382
0.54762398568
0.0736101728357
0.0969174117125
0.0718509082911
0.0739914039122
1e+300
0.0
0.110263722978
0.0825853626319
0.0
0.0792914214281
0.0703444684149
0.232461572386
0.109090791285
0.0895782982114
0.260301330029
1e+300
0.103484874448
0.131033120419
0.108441289575
0.144216593258
0.0702710880763
0.102039554504
0.0900878931514
0.0650328329312
0.0
0.104339084726
0.131427973318
0.0
0.0668359820574
0.0928107636328
0.253367768058
0.0737595804671
0.145968607882
0.542063382447
0.140933813853
0.070257301937
0.0889940882823
0.112782479494
0.717758243508
0.0670615337458
0.0695881185865
0.196053920401
0.0
0.0
0.0
0.0849870201851
0.0
0.0
0.0
0.0
0.0843373696647
0.136982866091
0.0
0.199700164773
0.118387033412
0.0
0.304973440347
0.0
0.179371742975
0.0760255226342
0.081651760601
0.118387033412
0.0729164342568
0.0841792133533
0.109038959733
0.0
0.111996921884
0.0954834689059
0.0
0.0911075514342
0.0794906705433
0.123216437394
0.0612218339316
0.0906479375706
0.0974813237467
0.0696965121577
0.124570516202
0.060478125815
0.0771843663708
0.103210079496
0.0688431148605
0.122482150125
0.109038959733
0.0727739433789
0.0
0.0
0.0
0.0
0.0
0.0
0.0
0.0
0.0
0.0
0.0
0.0
0.0
0.0
0.0
0.0
0.0
0.0
0.0
0.0
0.0
0.0
0.0
0.0
0.123159720161
0.0707139891684
0.0
1.10913225263
0.103911871524
0.0
0.0728511154365
0.085247021897
0.161291894061
0.0806544991912
0.121347719088
0.134705636663
0.0615290136609
0.0769347873467
0.0869042770604
0.196797249359
0.225532304311
0.109280322934
0.0761330820854
0.110650255245
0.115173796733
0.0
0.0799628509648
0.0
0.0
0.0829878719852
0.0
0.0
0.0
0.0
0.0
0.0
0.0
0.0
0.0
0.0
0.0
0.0
0.0
0.0
0.0
0.0
0.0
0.0
0.0
0.0
0.0
0.0
0.0
0.099734058743
0.0761139342891
0.0
0.31822904278
0.116005716432
0.0
0.0785956458099
0.0932197506788
0.202816078575
0.0690546230926
0.143442857984
0.162489856983
0.0655771221638
0.0833698313045
0.0681099078682
0.198823808071
0.14225132404
0.0789077361579
0.0824292232474
0.128731263323
0.134895123158
0.0
0.0869373759609
0.0
0.446272174236
0.0
0.0744175706861
0.0788484285538
0.0
0.109192821346
0.0831166308566
0.0
0.07625187535
0.0707295508263
0.144352484986
0.0787942494904
0.350538895357
0.132386085436
0.262518714406
0.0866618057903
0.0964280905575
0.118474984139
0.124436108063
0.0688770445978
0.0856459012935
0.262518714406
0.112480495869
0.0778328224457
0.090523176399
0.0
0.121116615789
0.0
0.143120045593
0.109760352554
0.0648674666526
0.0
0.0724601074924
0.0917589929897
0.0
0.0666613308242
0.0942540859842
0.111849859059
0.0596689357901
0.102057656326
0.0689382252707
0.0570546015522
0.0700643381407
0.0589622598992
0.0747323338187
0.0947283444637
0.0668857032815
0.0693988081965
0.0648674666526
0.0835079916455
0.0
0.0725669282946
0.0
0.112080713719
0.0
0.0838389529001
0.0651947791488
0.0
0.0
0.0
0.0
0.0
0.0
0.0
0.0
0.0
0.0
0.0
0.0
0.0
0.0
0.0
0.0
0.0
0.0
0.0
0.0
0.0
0.0
0.0
0.0
0.0
0.0
0.0
0.0
0.0
0.0948245020272
0.0732207470303
0.0
0.138685353702
0.109416404781
0.0
0.0755145354154
0.112982827278
0.359983127318
0.0666647904176
0.118555130283
0.131273089614
0.063418163955
0.0799112723295
0.0657839157886
0.154010685524
0.117740021384
0.0758025913814
0.0790466822337
0.108323607908
0.112655192546
0.0
0.0831831524906
0.0
0.158504704305
0.0
0.198428565604
0.118334531735
0.0994906866854
0.0
0.0671231482086
0.132039578566
0.0
0.0837002914626
0.0741202485158
0.0
0.0714560745466
0.0641080481155
0.0898119708858
0.051672604039
0.0711730425702
0.0753185136741
0.0575821492055
0.0905292416658
0.0511417999985
0.0625995158298
0.0786933811387
0.0569983947596
0.0894212205415
0.132039578566
0.0596667438137
0.0
0.0947513386438
0.0
0.0644148103069
0.0760193639231
0.0688652804316
0.0710961077242
0.0595275123417
0.0
0.0664883097218
0.130717490378
0.0941726462277
0.0
0.140227355806
0.0996089614988
0.0
0.0904922887763
0.0823293750699
0.126870253762
0.0880596069557
0.134683338965
0.150341846827
0.0713673309176
0.10553708183
0.106184094273
2.5964637462
0.100187307753
0.0888204312086
0.104034285469
0.0941726462277
0.0964817064001
0.0
0.111319792131
0.0
0.128254843412
0.0
0.15319536895
0.131503691757
0.0981996895843
0.0
0.141199860402
0.083321519716
0.207906829974
0.0703083012
0.0
0.119900217701
0.152478273321
0.0
0.0724206100692
0.0846581401073
0.0827190825797
0.0828220958789
0.191566449437
0.139705104636
0.0612216410926
0.0764548242599
0.0862923584305
0.237482513335
0.149112216303
0.515895914473
0.0756630393122
0.0703083012
0.147610148884
0.0
0.0794444900623
0.0
0.138650050089
0.0
0.0931562470663
0.0706929866545
0.0768491677907
0.0
0.0888589877379
0.0640780081059
0.261390267816
0.0786877532604
0.0999992541896
0.0
0.102481513322
0.0884794631992
0.0
0.0847093001538
0.0745760354636
0.111796286331
0.0582645919178
0.0843118337307
0.0901923413275
0.0658893440581
0.112909860836
0.0575906007889
0.0725424492561
0.0950749573954
0.0651261233986
0.111191470154
0.0999992541896
0.0686331310829
0.0
0.119554181926
0.0
0.074991481645
0.0
0.0810926538821
0.0842038937238
0.0684489741391
0.0
0.0778167379193
0.087850447805
0.101914264077
0.0745353873576
0.248683075104
0.0804404194551
0.0
0.111806264566
0.117239029925
0.0
0.0777397518753
0.0961607613907
0.10561841944
0.0778585531606
0.117083276039
0.28484137473
0.0705790064695
0.0885887970787
0.11887268259
0.10526550346
0.0874266892456
0.0784527208997
0.0875274881104
0.0812638762666
0.0850012397923
0.0763860655516
0.0926277995545
0.0
0.106576247569
0.0
0.123250008573
0.0903985808144
0.0974439242645
0.0
0.151421700708
0.0723878767777
0.132542728027
0.09613475669
0.086021981424
0.140402678974
0.0896607401437
0.0
0.125132575762
0.131427973318
0.0
0.0786686042651
0.0828991811406
0.139372624868
0.133485452519
2.28314899838
0.542063382447
0.159418718679
0.0999030808245
0.0956811420444
0.137475689314
0.717758243508
0.0713850594843
0.0985554280976
0.159418718679
1e+300
0.0773454529802
0.105069748667
0.0
0.141045346757
0.0
0.171804940925
0.487924224621
0.0951811763817
0.0
0.156860238219
0.0797698786312
0.158592884748
0.147610148884
0.0966507802302
0.105830245344
0.134677116836
0.164205847957
0.0
0.223485364447
0.166147008877
0.0
0.153332191284
0.194074115929
0.372508380655
0.0868076141107
0.236559873682
0.187889822256
0.101074733744
0.20216458076
0.141077859788
0.238230432805
0.161346291167
0.0992897804271
0.196721125786
0.164205847957
0.15194787582
0.0
0.224504642174
0.0
0.249157749027
0.0
0.364410565683
0.235683194896
0.141340553816
0.0
0.237663214513
0.133818223523
0.220805258739
0.122953523449
0.189275945691
0.191739298729
0.200457357861
0.101568897443
0.0619163452568
0.0
0.0687972111249
0.0859631603472
0.0
0.0635486462917
0.0881492548427
0.103355622123
0.0571627335976
0.0949382826782
0.0656145755525
0.0547589771716
0.0666339188668
0.0565138515515
0.0708422775404
0.0885639323775
0.0637525222154
0.0660316834536
0.0619163452568
0.0786802020978
0.0
0.0688934980219
0.0
0.103552713629
0.0
0.0789739349443
0.0622144848491
0.430246292746
0.0
0.0927130523818
0.0570329278112
0.0915909661247
0.0727416706989
0.0651712110575
0.090933161369
0.0889596230756
0.128042841967
0.104442503847
0.0791031547166
0.0
0.144155555333
0.097436867262
0.0
0.0764900756624
0.0808398855645
6.63555547032
0.216944379112
0.12612993693
0.18349967454
0.279564426144
0.0869696152696
1.52468930735
0.131903510857
0.173813972552
0.0827383751621
0.0894458710437
0.279564426144
0.130906884581
0.205343953627
0.0908590801298
0.0
0.135186206427
0.0
0.163189629862
0.104834308089
0.084212902375
0.0
0.149647105122
0.0713031414972
0.135149976174
0.0907134210759
0.0844944612813
0.135310211534
0.348851187805
0.188826097555
0.0793056585675

Topic 5
Mean 4.94233937397e+297
Median 0.107761424924
Sum 3e+300
0.0
0.0
0.135719953224
0.0
0.162308629553
0.100253434223
0.0
0.0957780888801
0.202816078575
0.116005716432
0.0
5.43652622944
0.139372624868
0.131427973318
0.171804940925
0.0
0.0
0.0
0.0
0.0
0.0
0.0
0.132739256821
0.255835232606
0.164854506957
0.391495162535
0.257081642883
0.0
0.0
0.0806587214308
0.0803422675538
0.079465275068
0.073455802023
0.0735195262392
0.0
0.0904214846421
0.0
0.199247654333
0.0854114061141
0.121766120718
0.0800501789602
0.148183439307
0.0
0.138567753423
0.0607680624153
0.0
0.377556215591
0.11646737901
0.101173244135
0.091629199456
0.188444118025
0.0
0.124579490176
0.0672160468312
0.15483721558
0.0
0.364058063792
0.105977411508
0.0
0.0
0.720132778831
0.0
0.104151195161
0.0
0.4401282388
0.100102271654
0.0
0.960809756923
0.1090580588
0.138852428012
0.087095950101
0.345645758979
0.0
0.112016200266
0.0704013906439
0.124658500632
0.100678451539
0.0929643549125
0.0
0.0
0.0
0.0
0.0
0.0
0.0
0.0
0.0
0.0
0.0
0.0
0.0
0.0
0.0
0.0
0.0
0.0
0.0
0.0
0.0
0.0
0.0
0.0
0.0
0.0
0.0
0.0
0.187723854181
0.0827190825797
0.152478273321
0.0931562470663
0.147610148884
0.0
0.122244260455
0.0680341472479
0.604538798578
0.105489101311
0.0
0.157041038208
0.0
0.0
0.0
1.60789140075
0.144680887316
0.126096104824
0.143442857984
2.28314899838
0.0
0.168078318373
0.0714821586711
0.145469900468
0.147013532479
0.0
0.155184357813
0.0
0.0
0.191566449437
0.0
0.280604645486
0.149137388602
0.0824413840102
0.0759916193431
0.139339397317
0.0
0.145546007512
0.0584003195532
0.152595749871
0.145206914861
0.114619797297
0.118231943945
0.0
0.0
0.102894488215
0.0831316133016
0.0
0.107761424924
0.125699870901
0.0969680568814
0.0881663951653
0.106870208375
0.0
0.113793088287
0.0854264720192
0.0704991209752
0.0793275485547
0.0
0.0902029816577
0.0
0.0
0.0804695384079
0.0919849135015
0.0673321080411
0.0
0.151427521676
0.186001062855
0.10626533858
0.183959891748
0.42211510529
0.0
0.226543784034
0.0646267188022
0.127258023639
0.155853760749
0.0860770421833
0.108461551337
0.0
0.0
0.154946771422
0.174159783282
0.120679967775
0.075745882724
0.0
0.118695260258
0.0900385978392
0.0925574115224
0.0845049908486
0.174889683414
0.0
0.107766626357
0.0958942413512
0.196292757111
0.184233537626
0.121274061886
0.106327368134
0.0
0.0
0.119147357973
0.117303573542
0.685480364853
0.0950907820857
0.146465457122
0.0
0.199247654333
0.0854114061141
0.131201339593
0.0856785679315
0.127580899088
0.0
0.109682553105
0.069002507092
1e+300
0.0960012648482
0.4401282388
0.134565518043
0.0
0.0
1.06737581255
0.159142343772
0.0938476246843
0.0818277806663
0.133024871719
0.170655019258
0.0
0.220184834693
0.0964094534893
0.0836612701038
0.0770268989661
0.120381813758
0.0
0.0958941229491
0.070806774412
0.13014997091
1e+300
0.100102271654
0.0974853918457
0.0
0.0
0.0710865916226
0.112726596115
0.176659556957
0.10382435367
0.106195883689
0.150309450394
0.0815537731956
0.0
0.323925009719
0.120870054636
0.0984004568456
0.0850531875626
0.130677807075
0.0
0.108659760113
0.072399116288
0.12339290515
0.1158034388
0.122842631567
0.127242686005
0.0
0.0
0.159882163119
0.147118645433
0.111261739834
0.0935089241543
0.109541774977
0.112001716071
0.108066356578
0.0980891107361
0.0
0.108381493042
0.0897048593973
0.102342713679
0.0925873903678
0.094074928466
0.0
0.166812123535
0.0739368816762
0.160421041691
0.492068991495
0.115392334914
0.0906370394448
0.0
0.0
0.119141375222
0.0924363329436
0.0930231276264
0.0960901598519
0.0870724941859
0.133841621612
0.102707821983
0.0853470648689
0.14437289019
0.0
0.196683643612
0.104065268081
0.131378314019
0.0840950539312
0.17104483674
0.0
0.15254342374
0.0738505843207
0.118601008806
0.105547575204
0.0
0.790542624714
0.0
0.0
0.147547510984
0.145907355112
0.138768617214
0.0959444525869
0.108886096931
0.170053131951
0.127534103913
0.0778836422941
0.151781374517
0.0943993561591
0.0
0.156021921727
0.144352484986
0.0831166308566
0.143120045593
0.487924224621
0.0
0.167635273309
0.071404554457
0.133660349158
0.155617263062
0.0959059373814
0.121718095657
0.0
0.0
0.0706929866545
0.350538895357
0.126422584565
0.0918564475665
0.64467304784
0.155011167806
0.0787466791965
0.110617504821
0.127815721416
0.0923066039009
0.0786074961728
0.0
0.0936768756311
0.807494852447
0.0891812557115
0.162101521832
0.118857897065
0.0
0.194281753435
0.076328840037
0.0662909374485
0.0740389444078
0.0
0.0801195857425
0.0
0.0
0.075032787911
0.104555800178
0.0634831975254
0.116145138174
0.124551283477
0.0839524757405
0.0734428838015
0.393007014882
0.0827170839239
0.0847304864147
0.084617173181
0.104384185812
0.0
0.200567595059
0.372508380655
0.166147008877
0.364410565683
0.200457357861
0.0
0.580602843834
0.134915167563
0.101105428186
0.120307221617
0.0
0.147227706529
0.0
0.0
0.122953523449
0.236559873682
0.0947162790642
0.232888069893
0.371497244944
0.160710773462
0.126153034663
0.149011812102
0.156243695918
0.251923488719
0.220468193062
0.235683194896
0.187370785054
0.0
0.0813961026101
0.0808044693625
0.0
0.0
0.074363699586
0.0
0.0797384191419
0.0587212729433
0.0843724255232
0.0773433290002
0.104382516498
0.308655797848
0.0
0.0
0.0
0.0
0.0857333208694
0.0
0.0686950973941
0.124620465829
0.0843724255232
0.112645657651
0.0902520850774
0.124407384813
0.0
0.0748141066903
0.0
0.0
0.0
0.112948072596
0.132814026725
0.101147600634
0.0916081653461
0.111969391045
0.0
0.119592226131
0.08865373307
0.0726826504343
0.0821029604705
0.0
0.0938088451425
0.0
0.0
0.0833268736357
0.0957376130719
0.069321096358
2.34668826856
0.0782723399276
0.0991067116167
0.0847841595358
0.108630484057
0.097389626735
0.100192766526
0.10003436185
0.0955984592239
0.122192854955
0.258546527648
0.0
0.0
0.120293558582
0.156163958703
0.0979917907898
0.0890119073929
0.125482344554
0.0
0.115205488436
0.0657968320068
0.071038690422
0.191989631011
0.0
0.0955049828149
0.0
0.0
0.128307120736
0.137715391035
0.519509165828
0.0773582973295
0.126744401284
0.218031133332
0.114538656895
0.13740905615
0.121854069395
0.107535224391
0.189345655026
0.0682804819981
0.0723206687402
0.115835214431
0.0
0.0799953339181
0.0
0.096828046715
0.207582558434
0.117549565857
8.83274066461
0.175212995051
0.0
0.409652253483
0.0740718060616
0.0807823002619
0.0925897077651
0.129574028703
0.107126058976
0.0
0.0
0.0941492103416
0.145810811525
0.0793419669181
0.0890553250317
0.187872725552
0.11155786045
0.0865178002271
0.101864226656
0.0858801540875
0.0935681998097
0.0849034051219
0.145477265585
0.165132083126
0.380091940739
0.125719038864
0.0925682304131
0.0899180562315
0.0
0.100916430877
0.103692065581
0.0857824808529
0.120634775758
0.103896227578
0.0
0.17436263643
0.0893831174891
0.144107628845
0.109750243631
0.0972435422915
0.0956221758484
0.0
0.0
0.106496365988
0.121850258845
0.207692567313
0.086929063407
0.105417545556
0.176295572394
0.0968347723529
0.085915962695
0.111732353283
0.141255672136
0.139840840724
0.085466394327
0.0918920229642
0.138701559307
0.0756255791736
0.0902730754803
0.141626234002
0.122305181204
0.0
0.112815348548
0.0761037740211
0.0929715246167
0.08485004898
0.0762136920156
0.0
0.108328429993
0.0634947034125
0.068362601
0.0949622870406
0.0
0.0734359603001
0.0
0.0
0.119834464328
0.139632681205
0.0928544986087
0.0741954985939
0.0906614354475
0.150191829522
0.107738629984
0.0661454651614
0.106751606875
0.101519508088
0.163777636434
0.065804545133
0.0695490055473
0.108885036778
0.0
0.0766179362291
0.113062780796
0.0856730509045
0.157727300015
0.0
0.16652318846
0.119254738001
0.138188206368
0.0879315347912
0.13417779325
0.0
0.113402158094
0.0789845725532
0.168518001691
1.24576189342
0.10525489186
0.141925333489
0.0
0.0
0.233648649351
0.16953989
0.0863209443866
0.122407869344
0.158189324627
0.0927621548565
0.187143518428
0.34823213167
0.132745256993
0.0880156185406
0.134126034615
0.0844503363606
0.104551722035
0.190525719224
0.0803837449786
0.129144289124
0.166352364912
0.0888157113005
0.0964034183186
0.0740291029109
0.0
0.105760488241
0.10561841944
0.117239029925
0.123250008573
0.105830245344
0.0
0.17987941786
0.0727076590883
0.080635522172
0.15602076312
0.0937187272137
0.0887967255617
0.0
0.0
0.09613475669
0.117083276039
0.0784058280361
0.0940242655144
0.100266332734
0.0853506577453
0.0851423808389
0.117947764253
0.111917119523
0.188909629835
0.0914820191836
0.0903985808144
0.0934016979574
0.191739298729
0.0734764329578
0.0979487578016
0.183617135255
0.124994147835
0.109624267329
0.084324149871
0.138655390242
0.0
0.093068730741
0.0905046995414
0.0893083470379
0.0817883702314
0.0819388022494
0.0
0.103387307263
0.0744793987228
0.144707855861
0.0805723769264
0.426653687092
0.112454627223
0.0
0.0
0.101838592629
0.0797704231614
0.160268954061
0.0970085026275
0.0774548135634
0.117348349381
0.0895862509601
0.106670449366
0.119723508051
0.212272248612
0.0831990850328
0.0793203176727
0.0854437268882
0.215851721909
0.133121702016
0.101191608919
0.093237060466
0.118321949942
0.0811586802763
0.0886808326451
0.0887854893175
0.351984683447
0.0
0.127824025523
0.127035013609
0.0775359242288
0.0718041948108
0.0750384480521
0.0
0.124419915416
0.0558952399788
0.0852420899347
0.110604331561
0.105716864506
0.770664004619
0.0
0.0
0.09245995468
0.0761851493903
0.139657611706
0.064023878259
0.0994691134332
0.0898504594053
0.0852420899347
0.078073498311
0.0984791433597
0.0870720079742
0.0793065057228
0.0754970910966
0.0605340920637
0.0882981601399
0.0806529095981
0.0658196117907
0.0883759788321
0.0749714951451
0.14655028023
0.127244395578
0.0811727422996
0.0741351047192
0.081790111525
0.0
0.194607816094
0.220203453438
0.0862137534699
0.0791853855993
1.0143750423
0.0
0.134633069541
0.0769682141786
0.158619332357
0.278191862238
0.127091756996
0.0974765731556
0.0
0.0
0.135538352387
0.0887515928978
0.124329617823
0.0932754229892
0.130026229944
0.104836024609
0.0986154782754
0.0931006166747
1e+300
0.155170940813
0.0898961182672
0.161278496139
0.0825343166055
0.15559287579
0.112633883006
0.0971363686437
0.0966859266802
0.101854597979
0.139856867791
0.0819372874576
0.102705059234
0.0840478202073
0.121449859726
0.100098513835

Topic 4
Mean 4.3795620438e+297
Median 0.0982566884388
Sum 3e+300
0.109416404781
0.0728820963197
0.105597894517
0.0840928543075
0.138188206368
0.0990143803844
0.0795511249817
0.0907285866994
0.0793562192555
0.0975442885101
0.0755145354154
0.0855151407707
0.0741976301336
0.0849587144336
0.0867686037656
0.0985307579606
0.098285674511
0.640959330361
0.11710449733
0.095249872254
0.0788551163379
0.0
0.0
0.0
0.0
0.0
0.0
0.0
0.307006784994
0.136222510665
0.0838762635679
0.099077096029
0.0928327048438
0.0873819051058
0.119751180948
0.0
0.121119087766
0.0900616451652
0.1247006703
0.090437504547
0.884471319885
0.0760267370044
0.161211838505
0.0
0.0921345890713
0.0793234694166
0.0904325815141
0.0979587527747
0.290550585036
0.300649787208
0.0786153378196
0.103497863482
0.0
0.0925228343831
0.455475002602
0.12575286883
0.113648927337
0.074736065831
0.0865707426728
0.081765063748
0.0775066815701
0.101949842852
0.0
0.162505493146
0.0812229997709
0.0815245795238
0.199342934704
0.109888245439
0.0730911449382
0.0843712839262
0.0798002470739
0.0757389813252
0.0989132195652
0.0
0.568432517784
0.0792838394423
0.0795711654781
0.126376526109
0.178201951499
0.154833919591
0.196295699832
0.12418512398
0.113005859191
0.0946824496963
0.282949968647
0.0
0.262250776468
0.114775384133
0.108990070038
0.221175555026
0.179456924426
0.11480806448
0.0781624743859
0.346316160751
0.0900381172555
0.13046434696
0.0735725472759
0.520668371033
0.0
0.144681728451
0.114721572147
0.114285012276
0.0861580935301
0.115327662594
0.163901664867
0.154010685524
0.099268157078
0.0915914559965
0.0779669749795
0.0740474227121
0.0705377296504
0.118186448803
0.0
0.101792514061
0.152407935451
0.107538312865
0.0886367533981
0.0863324589656
0.111837963041
0.0869941218431
0.0982566884388
0.102961873776
0.0931777235894
0.111829278947
0.146530503201
0.097891855139
0.219533868608
0.0
0.119346589579
0.204158556085
0.124691765608
0.101656450831
0.0986370212139
0.231817118326
0.0881808031278
0.176210804836
0.0684179543358
0.0765263264326
0.123476526542
0.120820917458
0.0774473262252
0.058239473993
0.175162649907
0.0
0.0780178489319
0.133277148183
0.106390154058
0.0700492207428
0.0686021457854
0.154512210638
0.138459396356
0.0643071393152
0.065837196656
0.112982827278
0.103115905788
0.0700318442852
0.0803209988703
0.0761674951583
0.072458983703
0.309733288254
0.0
0.141794979473
0.0756968956325
0.0759587685417
0.128396368257
0.113485999208
0.239864244179
0.0799656570407
0.0820964180105
0.307041064562
0.0659001424292
0.0856515244065
0.0987501448488
0.0839612853763
0.125261445459
0.109758405813
0.094077015193
0.0899748484232
0.0
0.101247893356
0.0863110712083
0.11176168185
0.0882235246223
0.085940388853
0.111180892921
0.0831617558787
0.0793050220397
0.128182646993
0.0640893496
0.081741800058
0.0924317070152
0.166113884827
0.0896918358013
0.11215906855
0.123064981611
0.0892870871164
0.0945399241447
0.0
0.110860669116
0.0912137928557
0.107284090302
0.0954341608056
0.092768204487
0.141462860598
0.0827068555414
0.0850837554709
0.146708516065
0.0769773064884
0.0878948881885
0.109858253613
0.105588478838
0.0766201437642
0.100661527622
0.0910846494392
0.0930732431389
0.0849904023602
0.12452018355
0.0
0.0781153612915
0.297336049848
0.0837557092257
0.0701278208068
0.0686775302087
0.106456782886
0.0913981025619
0.105700289632
0.105991993009
0.0729755060997
0.0659697025178
0.0853163932696
0.0931450312556
0.138685353702
0.0952986131872
0.120387923985
0.102846787143
0.438832688855
0.0909392360558
0.183445346898
0.0
0.097622754931
1.0871039028
0.299073106363
0.0854583260405
0.0833143293833
0.120184415441
0.0996447993117
0.138878308703
0.158831879593
0.0773422924445
0.079362511374
0.116517969909
0.131626816734
0.0982489791819
0.200497317436
0.110238128954
0.0732457727956
0.0845773893124
0.0799846004195
0.0759050280879
0.099196614181
0.0
0.577920801198
0.0794658117931
0.0797544606855
0.126839505181
0.304224688014
0.180391937647
0.115713102286
0.0865482696332
0.0989188331223
0.0687383458096
0.113859207126
0.0861542413793
0.0930174365576
0.0688140300257
0.0835152970272
0.10531178044
0.105828526944
0.138331367905
0.0966083519886
0.0994826344259
0.0957966949331
0.228636635577
0.0
0.129918265214
0.136166334804
0.128474195143
0.109227021866
0.105748813347
0.146740534143
0.201818018741
0.139484221373
0.114384357897
0.126501426345
0.0994624907481
0.102474337841
0.0995646545627
0.269560120965
0.164923056118
0.10607279463
0.082029963463
0.0939671283472
0.129327140944
0.0926441750086
0.0941527255561
0.0678191138786
0.11295519638
0.0
0.0962260096069
0.192194491974
0.17298956392
0.0843860691906
0.0822948787431
0.279720489874
0.15923918839
0.110111499643
1.28783181967
0.0868205534643
0.0784369403772
0.0758849851729
0.127652772338
0.0621015095629
0.163320288039
0.0824909525296
0.108117389933
0.0657967146597
0.0961585131655
0.346316160751
0.082068107052
0.13046434696
0.0678398952956
0.520668371033
0.0
0.0746276425752
0.114721572147
0.114285012276
0.0673040039382
0.0659670453564
0.0972474090483
1e+300
0.0837260937189
0.0995996053378
0.138459396356
0.0634648449694
0.0811253559135
0.108720325038
0.0823005799033
0.0996447993117
0.0660929734798
0.109665429825
0.120118905361
0.0
0.0
0.154475188079
0.0838791558611
0.203502692191
0.0
0.0977265257709
0.0
0.0
0.0941766014323
0.166692661841
0.0
0.0
0.200198232656
0.127739984665
0.0
0.0
0.13573509906
0.0
0.0
0.163893922878
0.0
0.0849870201851
0.0
0.0910168587252
0.120624477352
0.127739984665
0.148988434372
0.119604306064
0.0985747397277
0.118518655004
0.122070709852
0.300036066646
0.106968429731
0.0
0.123288079171
0.299266190656
0.106527680866
0.104502153139
0.101313960527
0.138337713303
0.0974744972576
0.149211147002
0.145297690958
0.0722671172023
0.095529427578
0.137049075538
0.127114952018
0.118580330887
0.342547044279
0.101611299411
0.140729298687
0.0876257307189
0.0876604262154
0.0
0.0720067094321
0.0810441945466
0.0983086899801
0.0891539167375
0.105807438093
0.0778696832428
0.121246428171
0.0
0.0827189519438
0.279326719376
0.0939285563007
0.0738158575896
0.0722107594129
0.103828769467
0.0894542001857
0.0674676368936
0.122826283532
0.0717309337909
0.0692232074909
0.0958958330803
0.105900223803
0.715294177648
0.112075218675
0.072361680862
0.0879579583285
0.0740095252915
0.0921023384622
0.0683074082702
0.105163135454
0.0784571576939
0.0893083470379
0.128811525856
0.0887854893175
0.0907639939416
0.0797686439027
0.169913007257
0.0
0.0913463663675
0.149562923696
0.15340176409
0.0806098002169
0.0786994647327
0.118248778722
0.118191661289
0.112143034859
0.103007475319
0.137983580369
0.0751640234504
0.0987920912085
0.0908322626602
0.0733797272459
0.132012400368
0.0788787614215
0.153903373746
0.09344923422
0.118191661289
0.0845385465134
0.108656422544
0.0810724452679
0.158504704305
0.103911871524
0.0986336298443
0.11951720723
0.076600913381
0.0728511154365
0.130179723817
0.0
0.106681223297
0.232314765495
0.105377969354
0.0923206114941
0.0898234959075
0.117767274339
0.0907459184261
0.196797249359
1.68449688629
0.0901597348093
0.085247021897
0.0822411869191
0.088472552745
0.107797917386
1.10913225263
0.0900571366059
0.11910379282
0.120450226501
0.0895721154282
0.0
0.153425597578
0.0883924445108
0.0985809092519
0.0
0.0
0.0
0.0
0.0
0.0
0.0
0.0
0.0
0.0
0.0
0.0
0.0
0.0
0.0
0.0
0.0
0.0
0.0
0.0
0.0
0.0
0.0
0.0
0.0
0.0
0.0
0.0
0.0
0.0
0.0
0.0
0.082607107729
0.0947252451868
0.113053294262
0.144691016806
0.0786092967712
0.0682131304998
0.126319766126
0.0
0.0970211675903
0.136926973394
0.137315806576
0.0849969670974
0.0828757699955
0.106104942732
0.103468653676
0.113075713043
0.216810889966
0.0734316279239
0.0789644699607
0.0763786386695
0.0817243922222
0.0624317284934
0.121609552561
0.0830746249305
0.127731231445
0.182528492068
0.0959215646298
0.0802885489157
0.0882846180321
0.0653379316618
0.0903022527151
0.124006199649
0.0
0.12507887571
0.0913070858538
0.359674507378
0.0802603552815
0.0818736992511
0.0776042893548
0.168473923424
0.0
0.0934384370573
0.275031591511
0.0842842543051
0.0822346079764
0.0802474344066
0.101834691278
0.277803347353
0.11243703598
0.106466017813
0.0608690827636
0.07657479064
0.0883500129961
0.0905563816021
0.183024341166
0.104043360156
0.080433862126
0.153817815271
0.101858933731
0.0779277245549
0.0
0.114316258706
0.176037953466
0.0870868931533
0.114813572496
0.0
0.13433632775
0.0805898256059
0.106913695901
0.12915307688
0.11380103258
0.126778975706
0.0777168030519
0.161744545143
0.0
0.094250284677
0.113200818522
0.111447092065
0.082862782654
0.0808455062088
0.138851258019
0.127283249042
0.0924331376578
0.122446352258
0.113226454707
0.0771191861586
0.0956640847903
0.105617669881
0.456301828245
0.163130630684
0.0810347263937
0.345821576552
0.131140006835
0.127283249042
0.124204837235
0.104884495941
0.411642800238
0.0881862803067
0.112563258581
0.0
0.102822072248
0.0780285005957
0.16145571614
0.0973016083948
0.0673005666666
0.0767486693177
0.0729476673709
0.0695390528255
0.0885971866343
0.0
0.227521860821
0.0725159014095
0.072756192574
0.110010639008
0.162485222362
0.148158335323
0.101542279236
0.0783680824735
0.0883755310062
0.06347605735
0.100111848394
0.0780448790558
0.0836349529554
0.0635405916266
0.0758730798748
0.163251367597
0.0940420691387
0.0750266770276
0.0612135502476
0.0
0.0905184129816
0.0665534379454
0.0720267290573
0.0812340256558
0.0
0.0755091910956
0.0733211710658
0.073820136571
0.117205982327
0.121289426478
0.086986651392
0.111829278947
0.352364459659
0.097891855139
0.154455559331
0.0
0.105680157987
0.187562865563
0.247940309179
0.0915699697467
0.0891127558396
0.231817118326
0.0861287594929
0.109184048337
1e+300
0.065837196656
0.0846066025507
0.128182646993
0.156840441895
0.139677407787
0.158831879593
0.0893427090087
0.145332354404
0.0876877960829
0.0995996053378
0.0
0.145297690958
0.135571289898
0.399985367873
0.108145471182
0.0
0.0883736930582
0.197465957166
0.122446352258
0.0806522767453
0.0739974241448
0.114742692714
0.0732475090424
0.177737179903
0.0649499484648
0.0622338638887
0.0872371268165
0.0
0.0853568804234
0.0806966221129
0.137230607612
0.0759093153531
0.0742129293964
0.0923095126233
0.0782215226011
0.103248640407
0.0869128749506
0.0573329238886
0.0710610261316
0.0698153876512
0.0962042337
0.0724082395518
0.0830565348535
0.0743723452318
0.135002125314
0.0838180391288
0.0676861014374
0.0
0.0785207349505
0.0705875702295
0.162801318376
0.0916411695371
0.0
0.0844445169216
0.081626266679
0.0825913421861
0.0682504922585
0.156638656284
0.0666647904176
0.0743396364286
0.287090431095
0.0849968315895
0.0862649089739
0.0569642808069
0.914496954932
0.0
0.0757463547416
0.09558785404
0.0790949815992
0.0682125820951
0.0668396511825
0.575385037711
0.331773372185
0.0851774421895
0.0769691788876
0.147005275084
0.0642721034908
0.0625485054212
0.0856821733106
0.0528752980789
0.138151947346
0.0669689361357
0.162312782263
0.0980564479999
0.331773372185
0.136982866091
0.0703139555815
0.0690467927833
1e+300
0.0806544991912
0.0
0.0813120004618
0.0727939960769
0.134469395739
0.0619642139458
0.079981682363
0.0767496623127

Topic 9
Mean 3.46620450607e+297
Median 0.100701919228
Sum 2e+300
0.106615354581
0.0
0.0
0.0865316051672
0.056319871013
0.0
0.309102939073
0.14538856932
0.0
0.300036066646
0.0754276215607
0.130932813873
0.0
0.0
0.0929683352402
0.099705658818
0.354291639274
0.0
0.0892870871164
0.135466101344
0.07559487242
0.118034785476
0.059911972322
0.0
0.067877814289
0.11376620729
0.0746287221303
0.0812435536152
0.150590215573
0.0813888061606
0.0
0.0763345037463
0.293653892264
0.0
0.105135813175
0.0830863725257
0.0
0.0
0.0
0.0
0.0
0.0
0.0
0.0
0.0
0.109181374174
0.112580065565
0.0
0.0
0.1083066814
0.0783650056273
0.0854328406825
0.0
0.0
0.0
0.0897048593973
0.289712508066
0.0
0.0791466575088
0.113418997078
0.0800777937557
0.159382078244
0.0780663901804
0.118974576811
0.0
0.0912030403836
0.202816078575
0.0681099078682
0.0
0.0785956458099
0.190532327692
0.0
0.0970905283485
0.140496343131
0.099734058743
0.0
0.0
0.0925873903678
0.0
0.0
0.0
0.0
0.0
0.0
0.0
0.0
0.0
0.0
0.0
0.0
0.0
0.0854673722452
3.95606635065
0.0
0.0569642808069
0.345921872985
0.143582720097
0.0856821733106
0.060641737464
0.0827414569941
0.0
0.0892584058103
0.152039029362
0.0690546230926
0.0
0.121555781817
0.0847397984624
0.0
0.0901964242692
0.137570376451
0.0
0.10460290593
0.073408444187
0.0970413083017
0.0
0.0
0.0936495232679
0.0861073682198
0.0
0.0685686865141
0.142801975806
0.614039957009
0.0
0.083976914447
0.265425464531
0.119621092414
0.160060580438
0.092221428586
0.158706313753
0.0
0.0812501588164
0.145416499459
0.113193061163
0.0
0.131503782038
0.133376626841
0.111631371738
0.0575468064186
0.0
0.0846145844981
0.124993963635
0.0
0.0971690438772
0.0696680081501
0.078606018199
0.0
0.0
0.0876463325872
0.0810058491616
0.0
0.0582197668844
1.36727911866
0.0867342482979
0.126870253762
0.106184094273
0.0
0.0904922887763
0.153655624882
0.0
0.180876902553
1.69488505883
0.130717490378
0.0
0.0
1.18527651488
0.15319536895
0.0
0.0880596069557
0.109962564953
0.134768964125
0.101777197707
0.0810182553665
0.10536262547
0.0
0.0
0.913033594928
0.0747984431646
0.0812112497572
0.0
0.0
0.0
0.0844170197209
0.771432762869
0.0
0.0
0.18169469984
0.0
0.161237809195
0.0
0.0
0.115374271906
0.100275856598
0.0
0.0835363859496
0.27715645433
0.0721984080077
0.0987382253985
0.073204747365
0.0988036365704
0.0
0.0960632179525
0.153571200398
0.0858272351212
0.0
0.0813447945446
0.099732131899
0.219601696775
0.0929520215697
0.106482783883
0.0773043930975
0.100253434223
0.0732459274499
0.0
0.0855151407707
0.138449645459
0.0
0.166113884827
0.0940798568606
0.127679583075
0.0
0.0
0.102342713679
0.116005716432
0.0
0.0743396364286
0.0944831970073
0.12812384718
0.088376134032
0.0996089614988
0.0
0.113609407969
0.161291894061
0.0869042770604
0.0
0.0728511154365
0.190589823206
0.0
0.088472552745
0.11923232965
0.123159720161
0.0
0.0
0.114706766473
0.446272174236
0.0
0.0806544991912
0.107340400803
0.188654587256
0.0749172414401
0.128254843412
0.0
0.227970941962
0.103911871524
0.140814421905
0.222926513389
0.0
0.0909392360558
0.139305908454
0.125097067306
0.131626816734
0.107658934716
0.10813846324
0.0
0.106752411104
0.114739648388
0.31822904278
0.0
0.138151947346
0.116923682152
0.155277596468
0.102342917935
0.140227355806
0.0816175961383
0.112665365097
0.0952986131872
1.10913225263
0.128710885161
0.0617724201953
0.0
0.094077015193
0.146806624586
0.0693062033163
0.109858253613
0.076997575824
0.0867079518199
0.0
0.0
0.0978398346217
0.0896371966294
0.0
0.0625485054212
0.136990176473
0.0967046314607
0.124514811516
0.115785247354
0.0
0.10449829983
0.0987501448488
0.0822411869191
0.116517969909
0.0
0.0
0.0
0.0
0.0
0.0731249872388
0.0
0.0817399821881
0.0
0.0
0.0
0.0
0.0
0.0
0.0
0.0
0.0
0.0
0.0
0.0
0.0
0.0
0.0
0.0
0.0753978863332
0.106817505728
0.0946903987114
0.0
0.0818196716988
0.118989647876
0.0692570488424
0.0935012034431
0.0681104647728
0.0986240816563
0.0
0.0774254267283
0.0931284680523
0.0789077361579
0.0
0.0776301550164
0.489679499066
0.136384955713
0.103911393311
0.0977604106408
0.0739419752757
0.098104780455
0.0858847316497
0.109280322934
0.11922917694
0.47673773306
0.0
0.13073049131
0.0813905900266
0.0
0.0689363030131
0.125514570568
0.0
0.0827646052494
0.112014161853
0.112371458431
0.0
0.0
0.105291967692
0.158859538736
0.0
0.0758835684952
0.0990523085297
0.164156913055
0.0707835245918
0.119941006979
0.0
0.121298534263
0.0961255759639
0.196797249359
0.118121785294
0.0772864618763
0.0
0.100701919228
0.104258672608
0.056782780339
0.0
0.0973406438932
0.157322744167
0.0
0.194279514424
0.0685513513459
0.133362035475
0.0
0.0
0.0765071936077
0.0795000941268
0.0
0.057437888458
0.0867844018836
0.0987762019865
0.0816047571818
0.128081029589
0.0
0.0806014448776
0.0865869389795
0.104459226602
0.0874718631213
0.0903711123095
0.0
0.079002085791
0.0696311176848
0.0987749244906
0.0539283264344
0.0
0.077016294737
0.10909458222
0.0
0.100994951664
0.0644339766312
0.0720064544403
0.0
0.0
0.0907471311643
0.0740150853763
0.0
0.0545188833468
0.217208440365
0.0964121001434
0.096284854837
0.131126930085
0.0
0.0838629980368
0.0801202204287
0.068898833126
0.106596018807
0.204191561806
0.0
0.254238441311
0.0653870293842
0.0745147640894
0.156163958703
0.0827245462465
0.0
0.0698908588822
0.315620899887
0.0
0.0841443624139
0.0755089966569
0.701787662526
0.0
0.0
0.107535224391
0.0890119073929
0.0
0.0770418318932
0.101035066569
0.169675282121
0.0717902960954
0.103344028602
0.0
0.152237443554
0.0979917907898
0.293605101647
0.113121311052
0.0784882869553
0.0
0.102751952052
0.176592058332
0.104989984982
0.066245210748
0.494508258574
0.110267696197
0.0
0.0881422704083
0.132848223044
0.112808001815
0.0840945813841
0.107940986209
0.0978981316889
0.0
0.900768275396
0.0924809023605
0.150789806862
0.0
0.13685042387
0.0876322923403
0.208735575462
0.0750396910418
0.115282931463
0.0831101523836
0.129535966421
0.092876697402
0.156322922459
0.136524364767
0.082388771831
0.0
0.0889209795731
0.13934303894
0.0848810810856
0.0690023856132
0.1432990882
0.117121512784
0.0589718446214
0.0
0.0877317702768
0.13191790452
0.0701107342086
0.101302453643
0.0779918644144
0.120148543403
0.0
0.0
0.0909953188563
0.0838583328551
0.0
0.0596787516583
0.123937485041
0.0900125917721
0.113636835115
0.106321116758
0.0
0.0967274762672
0.0917822079442
0.0773505995604
0.106938631851
0.131384310924
0.0763510340142
0.10865231429
0.0729518736818
0.0845003297105
0.100341812629
0.102585535011
0.0774811397523
0.192722824711
0.0693347133901
0.0
0.300036066646
1e+300
0.0
0.127114952018
0.118696089031
0.102382406079
0.0
0.0
0.10750561514
0.190532327692
0.0
0.0703139555815
0.128966004978
0.116616689658
0.117850025265
0.129571732753
0.0
0.115768894354
0.119604306064
0.153425597578
0.342547044279
0.137049075538
0.0
0.112497745537
0.125514570568
0.144086647453
0.103612634623
0.0911154248975
0.124807146731
0.123985692819
0.123216437394
0.060478125815
0.0
0.0911075514342
0.139701264144
0.0
0.105830314456
0.0740108325994
0.0841792133533
0.0
0.0
0.0946321294296
0.0869373759609
0.0
0.0612218339316
0.130783180765
0.0935697378179
0.119365604622
0.111319792131
0.0
0.100847285303
0.0954834689059
0.0799628509648
0.111996921884
0.139102990105
0.0
0.113877981628
0.0752710151473
0.0876275769923
0.104782323992
0.0764105139679
0.080102365087
0.1256643165
0.130836862294
0.111849859059
0.0589622598992
0.0
0.0666613308242
0.175272904065
0.0
0.0795069590579
0.0717533429266
0.109760352554
0.0
0.0
0.076461623154
0.0838389529001
0.0
0.0596689357901
0.0719877230618
0.105564021327
0.0683871174469
0.0981996895843
0.0
0.0717918239748
0.0917589929897
0.112080713719
0.0724601074924
0.0744383674168
0.0
0.0668857032815
0.0740402354533
0.099684679806
0.0633368027691
0.112691973827
0.0710513475752
0.0704090341141
0.0857025222864
0.0725669282946
0.149137388602
0.443299588128
0.0
0.0616032240833
0.110883076521
0.0797049896837
0.0870278942561
0.0659267537346
0.0941103077656
0.0
0.130914886678
0.0930231276264
0.0759916193431
0.0
0.0910009631055
0.0845848537663
0.127901702568
0.063074159949
0.0851427004509
0.0859740218669
0.149302062622
0.0824413840102
0.187588076536
1.0871039028
0.0681865521227
0.0
0.085784856813
0.131792891223
0.062157485316
0.0587532855955
0.519509165828
0.156132300168
0.0647901754167
0.0775194761258
0.0666129408338
0.0647786062667
0.156640756477
0.0879301930628
0.0
0.0705377296504
0.651208988379
0.0
0.0850837554709
0.116671384633
0.112371458431
0.0
0.0
0.133491512566
0.198823808071
0.0
0.0851774421895
0.0990523085297
0.164156913055
0.0724729766222
2.5964637462
0.0
0.121298534263
0.099268157078
0.196797249359
0.138878308703
0.0793050220397
0.0
0.100701919228
1e+300
0.0712653714775
0.0668260769719
0.176592058332
0.13934303894
0.0747477319231
0.149211147002
0.0771843663708
0.0747323338187
0.131792891223
0.11457050088
0.123893930384
0.0
0.097891855139
0.197556537866
0.0
0.156840441895
0.100135751903
0.0992763634472
0.0
0.0
0.314187757035
0.125353493834
0.0
0.079981682363
0.121084533774
0.166459408861
0.111233806571
0.157473445946
0.0
0.687865917417
0.121289426478
0.108145471182
0.158831879593
0.128182646993
0.0
0.106453433651
0.102173644012
0.0938857077811
0.116276173359
0.0911825340976
0.0987738342364
0.116683957344
0.145297690958
0.122732250966
0.0768066971214
0.0775680465821
0.109184048337
0.10561841944
0.11887268259
0.0
0.0777397518753
0.151813240713
0.0690036088832
0.109690189347
0.0987889197623
0.248683075104
0.0
0.0771088150424
0.188909629835
0.123250008573
0.0
0.0778585531606
0.091686169148
0.112259076731
0.0859243092303
0.132542728027
0.0736531589559
0.148361413245
0.117239029925
0.106576247569
0.111806264566
0.0956988590608
0.0
0.0830436763061
0.524486065039
0.215463621704
0.0889023894101
0.183617135255
0.097463148951
0.206298603945
0.106147600484
0.0926277995545
0.0974439242645
0.0784058280361
0.10526550346
0.324391329475

Topic 2
Mean 1.52207001522e+297
Median 0.0913070858538
Sum 1e+300
0.195701632335
0.0804080538861
0.581963147688
0.125124139901
0.455308262033
0.11326389145
0.0751571670616
0.0871709599322
0.117089926315
0.103115905788
0.193556689359
0.0895920980838
0.0830406507242
0.0925574115224
0.0774522506338
0.0812319101003
0.0742516122661
0.0773274077041
0.0855151407707
0.072458983703
0.104845129186
0.0703271059506
0.0807393930983
0.552612863139
0.0942361191347
0.104155843813
0.0931749461389
0.067959118996
0.303164406926
0.152071738608
0.128906709617
0.105597894517
0.0700318442852
0.11718610348
0.0741976301336
0.065819629804
0.0
0.0
0.0
0.0
0.0
0.0
0.0
0.0
0.0
0.364515545688
0.0819934842905
0.0852404324698
0.0952986131872
0.079362511374
0.123647804058
0.0909392360558
0.0739961028864
0.120387923985
0.0
0.153714851055
0.406456871595
0.141432879085
0.138852428012
0.0796232217797
0.128624988732
0.0687041529249
0.0742226970899
0.0973409050598
0.0
0.118435426104
0.0805792811551
0.0949439872925
0.0754887090857
0.114172970826
0.0708421000686
0.0939751913407
0.0933461910526
0.0665348499951
0.128049673077
0.0723533090521
0.0888662642633
0.086058773742
0.0781028240145
0.070365460465
0.073121745934
0.080401153603
0.0687535284876
0.0795862262241
0.073957398503
0.0646892224676
0.0707982747301
0.071169772659
0.0871529880354
0.0742908539096
0.0806147737802
0.134154404047
0.0978512292325
0.0818038129899
0.0939870105197
0.0659945359238
0.130499808232
0.0694698789041
0.0811960444771
0.281944590975
0.0633945133589
0.13200279633
0.18117730695
0.066410573233
0.071736794576
0.0720204330614
0.0829792346263
0.109649821994
0.0973016083948
0.100111848394
0.0741252581311
0.0695390528255
0.0917208607858
0.0673005666666
0.0
0.0758730798748
0.0761113339094
0.0680485166078
0.0661191754145
0.063563629571
0.0913362400994
0.109711484853
0.161719399014
0.136222510665
0.141794979473
0.094748234555
0.0873819051058
0.125529524501
0.0838762635679
0.0
0.097622754931
0.0980175375867
0.0850412037446
0.0820491696703
0.0781501830124
0.227521860821
0.0
0.0
0.0
0.0
0.0
0.0
0.0
0.0
0.0
0.0
0.0
0.0
0.0
0.0
0.0
0.0
0.0
0.115862246233
0.155555314348
0.155152501887
0.106913695901
0.0771191861586
0.104388465508
0.0777168030519
0.0720421682974
0.12915307688
0.0
0.163130630684
0.129433159391
0.129989615634
0.0794906038387
0.188251744721
0.073820136571
0.094250284677
0.0
0.131273089614
0.0916314570794
0.125281620685
0.109416404781
0.112982827278
0.0809536135381
0.0755145354154
0.102409489258
0.0728820963197
0.0
0.138685353702
0.122876712083
0.0737600614643
0.071498637543
0.0685197040729
0.16145571614
0.307006784994
0.0
0.0805898256059
0.0
0.0
0.0
0.0
0.0
0.0
0.0
0.0
0.0
0.0765864567388
0.0
0.0
0.0695955134785
0.0684997970625
0.061267338859
0.0
0.0
0.0
0.0
0.0
0.5048048938
0.116609998227
0.076980487219
0.117620336084
0.0721542852805
0.0803990476045
0.074470573077
0.0920077838715
0.0733608351609
0.0
0.105582324399
0.142543130331
0.0812248758582
0.123463770282
0.0988915355899
0.0692583693334
0.0869391609962
0.0
0.0878764720598
0.114105886776
0.0
0.0788712106104
0.0922070567555
0.126360093219
0.110238128954
0.113859207126
0.0814025512038
0.0759050280879
0.103128992515
0.0732457727956
0.0
0.0835152970272
0.0838040551974
0.0741325750745
0.071848605189
0.0688410514521
0.163251367597
0.577920801198
0.0
0.0810347263937
0.200497317436
0.0
0.0755707253188
0.548398363257
0.140116643247
0.0810261438031
0.0900616451652
0.0756968956325
3.34000525717
0.0760267370044
0.070799473124
0.1247006703
0.0
1.0871039028
0.11283405819
0.0701434622226
0.0777339677203
0.122658632989
0.0725159014095
0.0921345890713
0.0
0.113200818522
0.121119087766
0.0
0.0875198282479
0.0794658117931
0.292993312611
0.0880106373273
0.0878815474695
0.0932691002465
0.0779499775575
0.152046110202
0.0828452486886
0.0727666589219
0.218334250818
0.0
0.11026702007
0.150221604524
0.0759075100529
0.0746539483621
0.120601589516
0.0745810175157
0.0954941489463
0.0
0.11925427959
0.081497516862
0.0
0.0751768690511
0.0819525243045
0.178819497533
0.1277699944
0.0854598252289
0.0895599191195
0.10073009888
0.0830937818046
0.0794623705768
0.0776156325027
0.0772295452504
0.0705982117915
0.0
0.342547044279
0.108037743589
0.0849806915866
0.0834126401226
0.0675035106368
0.079276413353
0.103330330589
0.0
0.0786927106822
0.148988434372
0.0
0.141634019178
0.0876574652957
0.299266190656
0.0783831525505
0.106974662674
0.0788730020506
0.0804909803191
0.0894009576018
0.0752296115647
0.120888725436
0.162401142049
0.070390534273
0.117770870019
0.0
0.136509839505
0.0751462068983
0.0979956288855
0.0805440850909
0.12886298757
0.0720869540387
0.0914432542034
0.0
0.101119124274
0.0785286216167
0.0
0.0956917773715
0.07895099581
0.0878389773795
0.086487046335
0.084902142607
0.199700164773
0.192388439101
0.0
0.0
0.0
0.137008941303
0.0
0.0
0.154475188079
0.0
0.0849870201851
0.142172814907
0.0
0.0722936153754
0.145467780699
0.0
0.0
0.0
0.124204837235
0.0
0.0
0.0
0.0
0.0941766014323
0.0814667891503
0.0
0.0816391761486
0.0890815380872
0.0717715866232
0.0746413778516
0.0822422193932
0.0700953552168
0.0944832149415
0.0996702849603
0.0658757274372
0.0722219270938
0.0
0.0924340014458
0.0851339036971
0.122765612381
0.0819061148544
0.0731988314346
0.0673592182091
0.0839673834974
0.0
0.0812897387474
0.108670757701
0.0
0.080829290404
0.0733152497164
0.08896219749
0.0762386227197
0.100453906192
0.104988998912
0.0
0.0930642194054
0.0988611998541
0.0986983471337
0.0882421598575
0.0744073799476
0.139125803635
0.0788551163379
0.0696701727791
0.747343681066
0.0
0.096791234953
0.184851049207
0.0725441233628
0.0761737382699
0.21976717866
0.0713316388497
0.0902312669035
0.0
0.112584941294
0.114656477766
0.0
0.0840947378466
0.0780458948666
0.161211838505
0.195295362667
0.10554744556
0.0821475863159
0.0
0.0854255635104
2.21446693948
0.131334426551
0.0949392417843
0.132617429365
0.232206942575
0.177021424733
0.100892634829
0.0787446254826
0.0845270603384
0.0
0.108686421935
0.165180691885
0.0859308173624
0.0817378430177
0.140524729514
0.08087369879
0.10606064922
0.0
0.11192423284
0.117740021384
0.0
0.135980106967
0.0896144995382
0.143238283097
0.0795023444753
0.114914197079
0.106346174481
0.179371742975
0.0912613660817
0.0882521061863
0.120337536675
0.128468675174
0.579474248626
0.12969603632
0.103187189707
0.0757979097925
0.0710090777591
0.282862440814
0.0778837048264
0.0
0.0776264743472
0.132982494781
0.0824510320896
0.0674467861229
0.0912603249869
0.0973650776433
0.136346943332
0.0
0.0785971409369
0.109496669275
0.0
0.113380905355
0.110319604007
0.0741159267132
0.0762745359809
0.0811926211966
0.0736678999907
0.0
0.0687376127384
0.0728792729538
0.127252640734
0.352417460465
0.0785796698073
0.0820328239988
0.0913070858538
0.07657479064
0.194412171072
0.0776042893548
0.0715668712761
0.359674507378
0.0793654609503
0.104043360156
0.0948852194918
0.0718827529072
0.0785962396519
0.0802084475327
0.0733211710658
0.0934384370573
0.0
0.0780285005957
0.12507887571
0.0760594291033
0.0895688126042
0.080433862126
0.275031591511
0.18779873018
0.114316258706
0.0807910245844
0.0
0.0910800920355
0.168473923424
0.0917928102947
0.0749573302732
0.16026629261
0.0803447612333
0.0839583573118
0.0936989620877
0.0782500020288
0.19786146246
0.0676793157141
0.0730280425742
0.0893857372666
0.0
0.107438994181
0.097504600126
0.0662666287563
0.0930206852082
0.103980339776
0.0748556229074
0.0959448147428
0.0
0.0820260110273
0.0818255287045
0.0
0.0674134158407
0.0822842164599
0.186795709725
0.0761020191613
0.076868401228
0.0762524286221
0.0809833485666
0.0846005635024
0.0975363714471
0.148760735801
0.0765617779609
0.101543907732
0.130417053758
0.1272585326
0.0671554420825
0.0732459274499
0.0634529371376
0.248767378971
0.056319871013
0.0599753047561
0.350920855777
0.0
0.222926513389
0.266331485944
0.0553381648798
0.0880680774286
0.390572292229
0.0612024721734
0.0746111779687
0.0
0.138197832449
0.0657839157886
0.0
0.0561356174082
0.0660800591031
0.122839245627
0.130453352003
0.0625414096575
0.143488665092
0.304973440347
0.0744928654926
0.0736390189895
0.10195818156
0.062338282614
0.0759005895351
0.10131107175
0.138654236618
0.135089581685
0.0680736866032
0.0743396364286
0.0642721034908
0.132446451302
0.0569642808069
0.0607066229871
0.287090431095
0.0
0.138151947346
0.0807460674116
0.0559601811241
0.0740649126966
0.165881716569
0.0619642139458
0.0757463547416
0.0
0.134469395739
0.0666647904176
0.0
0.0567757936903
0.0669689361357
0.09558785404
0.224700546236
0.0633370621787
0.134716605097
0.136982866091
0.0756244176739
0.0707112278893
0.0790541610947
0.0631287424977
0.0727939960769
0.0820247050846
3.95606635065
0.0836594468082
0.0762746800515
0.0795240331011
0.0882096729768
0.0743842799014
0.108924546857
0.158512397042
0.0696499200673
0.0762177173671
0.0
0.0939925312841
0.0704327010889
0.0965661142229
0.0759642490301
0.0712376677375
0.0713104088103
0.0901972991941
0.0
0.0799359245539
0.0776079781033
0.0
0.0765057536358
0.0780204807886
0.078149073975
0.0853716685531
0.0798288978588
0.172402446681
0.0
0.103349878276
0.0811406764747
0.104664741998
0.0728571118363
0.0798168986214
0.0693560508586
0.0574761794524
0.0581474794539
1.04582762537
0.0834999469436
0.083297562959
0.092876697402
0.0776757009487
0.214232159918
0.0881422704083
0.0725275899155
0.116232084705
0.0
0.136524364767
0.102770807771
0.0803308144877
0.0741862631504
0.36793270956
0.0743298985927
0.0950828415582
0.0
0.108167359926
0.321343609292
0.0
0.0965629316617
0.0816494123991
0.156132300168
0.121123223727
0.120422711563
0.092276279708
0.0866065774424
0.0926418422812
0.123317873114
0.131805092934
0.0760119032938
0.129794349837
0.14134223893
0.110267696197
0.13685042387
0.0910076780783
0.117574051314
0.128956252605
0.128679296881
0.107386445644
0.106080230749
0.111601255069
0.0745420407661
0.0967057694902
0.14506716448
0.0
0.110835433632
0.134894643451
0.0728319532543
0.089910742181
0.10574081357
0.1477197971
0.260879894535
0.0
0.128924794818
0.177567907215
0.0
0.0742196105105
0.179742242028
0.11399141755
0.101869810311
0.0858447784426
0.108613383578
0.12166002018
0.0922193264661
0.12199294782
0.111475881534
0.10300122455
0.128327431529
0.0931680509007
0.318054976
0.169571158381
0.0765811829108
0.108888990217
0.1277699944
0.0986700423978
0.104176511868
0.119604306064
0.095529427578
0.161161786388
0.300036066646
0.0878595955468
0.0985747397277
0.0
0.342547044279
0.108037743589
0.141806132902
0.098151175113
0.090401239752
0.0905184129816
0.123288079171
0.0
0.104884495941
0.148988434372
0.0
0.141634019178
0.101611299411
0.299266190656
0.114445733897
1e+300
0.354024968748
0.0
0.317915920464
0.106968429731
0.152008173362
0.0930252128386
0.114316258706
0.0873924927884
0.0693347133901
0.0703139555815
0.33605287551
0.124807146731
0.0991835620654

Topic 1
Mean 0.171751059866
Median 0.0896218780824
Sum 80.722998137
0.0
0.0
0.11797228833
0.0
0.0883527364317
0.100276280295
0.0
0.163763354036
0.0866951178454
0.0816565047899
0.0
0.0
0.0
0.0
0.0
0.0
0.0883200921352
0.108934995843
0.077444054036
0.0690857074488
0.0
0.0
0.0
0.0
0.0
0.0
0.0
0.0
0.0
0.0906222984806
0.0859098603647
0.100439079942
0.302338825014
0.0
0.0685861344428
0.0
0.0
0.11304923266
0.127341822139
0.0846755927333
0.145273747765
0.0
0.0840416510788
0.0
0.0741980790829
0.0
0.119640866003
0.141550202801
0.169190928163
0.107559561592
0.0
0.0796382358211
0.0
0.080152586652
0.223127733484
0.0
0.0908139810436
0.093101007957
0.0690904376576
0.062359652655
0.0
0.0815970028316
0.0
0.0619523326143
0.125674320716
0.070831471049
0.0
0.067631568487
0.0800185136273
0.0757067902217
0.0676998493244
0.0
0.0647785574834
0.0
0.067220048542
0.094263448203
0.0635777437797
0.0588289181591
0.0
0.0851489402593
0.10576145262
0.0983575501383
0.0852572012497
0.0
0.0806754806239
0.0
0.0844976620501
0.163189629862
0.120634775758
0.0716508135107
0.0787919771703
0.0
0.0
0.0
0.0
0.0
0.0
0.0
0.0
0.0
0.0
0.0
0.0
0.0
0.0
0.0
0.250761135092
0.0997755854916
0.086937678356
0.18952430326
0.0
0.096058761112
0.0
0.245837256885
0.348851187805
0.103896227578
0.0875263255159
0.10822300016
0.171804940925
0.0
0.0
0.169074871129
0.112772478062
0.0867946800982
0.124590885509
0.0
0.111004946374
0.0
0.0758201689814
6.63555547032
0.103692065581
0.0837312141906
0.130302368759
0.202816078575
0.0
0.139372624868
0.0
0.183546310473
0.215408111064
0.0912574566093
0.189108557096
0.0
0.096778173085
0.0
0.198900159037
0.12728864944
0.100916430877
0.0997807137756
0.0741692937886
0.0957780888801
0.0
5.43652622944
0.135719953224
0.0
0.360200265904
0.124652143144
0.0722208401389
0.0963795866274
0.0
0.0760484720311
0.0
0.0644575844462
0.181884947315
0.0941943074574
0.0679775275235
0.086608135415
0.0750231924259
0.0
0.147839499175
0.0981950924089
0.10290728359
0.0
0.108928021599
0.0
0.0
0.145292033609
0.0
0.0
0.0
0.0
0.230936791444
0.139856867791
0.0
0.0
0.0
0.0
0.0850744788601
0.0936107116387
0.0944056567505
0.146433038541
0.0
0.13515523903
0.0959198371393
0.0736484984737
0.166399703335
0.0
0.0837541842118
0.0
0.0655924003202
0.104834308089
0.085466394327
0.0859936147364
0.0621015056535
0.143120045593
0.0
0.487924224621
0.144352484986
0.156021921727
0.0772227816605
0.0856644909154
0.0
0.191016890691
0.11805739883
0.0804065856742
0.0990831735407
0.0
0.0716528840037
0.0
0.112334282194
0.19078846808
0.113733016846
0.0644437517096
0.0803401156286
0.0702739009901
0.0
0.116012677992
0.0889445424765
0.258107552402
0.098361878483
0.0837918858732
0.102862234804
0.0
0.0973776013124
0.123052137776
0.0843213174589
0.074506631667
0.0
0.120950686838
0.0
0.073925912644
0.0922023377888
0.086929063407
0.0892681620502
0.0695214149368
0.0881663951653
0.0
0.106870208375
0.125699870901
0.107761424924
0.0826695095786
0.0
0.0918564475665
0.0775012213934
0.0
0.0
0.0
0.0
0.0
0.0
0.0
0.0
0.0
0.0
0.0
0.0
0.0
0.0
0.0
0.0
0.0
0.0
0.0
0.0
0.0
0.0
0.0
0.0
0.093330492347
0.118684145066
0.109439457916
0.134236926889
0.0
0.0879830595953
0.0
0.132363593906
0.097436867262
0.0857824808529
0.0773571089307
0.0857476146984
0.116005716432
0.0
0.131427973318
0.100253434223
0.162308629553
0.0813028224716
0.0
0.0831166308566
0.0996466951222
0.0969680568814
0.0
0.0
0.0669681908994
0.0781873237562
0.0622546449981
0.0567366704376
0.0
0.0773335825737
0.0
0.0563992961674
0.0645457526859
0.0618551868166
0.0630303902797
0.0726591103643
0.0643258443905
0.0
0.0713251238523
0.0796255821995
0.0717209933969
0.0867545523726
0.0
0.0643098704946
0.065353985974
0.0841903710176
0.0
0.0688879085758
0.0
0.148552160631
0.154228793155
0.0985494518491
0.104348631485
0.0
0.0809488891961
0.0
0.0846392523305
0.190575308228
0.173656401989
0.0718663926051
0.101434847922
0.0892543299427
0.0
0.156299925775
0.11554784388
0.120736735789
0.592517258333
0.110399226106
0.0862233671806
0.321417630896
0.0884930370377
0.0
0.098285674511
0.10163574521
0.0
0.0809291971398
0.0908210815951
0.225796124891
0.0752749427581
0.0
0.0716806902572
0.0
0.090954606995
0.077833186843
0.143911940556
0.0644662432811
0.0701898895213
0.0892442871634
0.0
0.079740340362
0.0796200225343
0.083359591483
0.067183395778
0.0
0.068417138806
0.0742114830333
0.0775337530349
0.0
0.098273496655
0.0584751900109
0.0894022466772
0.0
0.0
0.0
0.0
0.0
0.0
0.0
0.0
0.0
0.0
0.0
0.0639201004977
0.0
0.0
0.0
0.0
0.0
0.0
0.0
0.0
0.0
0.0
0.0
0.0
0.0
0.0562093338888
0.0
0.0
0.0
0.135052720016
0.0995400274048
0.0725743624476
0.065183960481
0.0
0.0981604187453
0.0
0.064739040988
0.103810985424
0.0744978521993
0.0847550377962
0.061336032495
0.0754047546141
0.0
0.124770224525
0.101265505721
0.155885319104
0.071347380839
0.0
0.122158477657
0.067464566855
0.185175318858
0.0
0.0817511242022
0.0724773384065
0.0756435524129
0.067489216845
0.0
0.0
0.130805876172
0.110115622627
0.0841064707016
0.229323720385
0.0
0.108429771446
0.0
0.223909986906
1.05774978861
0.0964034183186
0.0822576150345
0.104280373228
0.0879315347912
0.0
0.13417779325
0.119254738001
0.16652318846
0.0977794651059
0.0930465289084
0.0844503363606
0.101219456002
0.122407869344
0.0
0.138188206368
0.0803617187055
0.11710449733
0.0773520656671
0.0
0.0991180213032
0.0
0.0746967747445
0.128027873746
0.0707672223676
0.0637224246221
0.0
0.0783752914448
0.0
0.0632971680831
0.0716133911755
0.0893831174891
0.0698306515015
0.0600402426908
0.073455802023
0.0
0.0735195262392
0.0803422675538
0.0806587214308
0.0696000936301
0.0
0.071404554457
0.11038640162
0.0854264720192
0.0
0.079465275068
0.0610905875992
0.0736823966043
0.0659237188135
0.0649551980084
0.0733915513551
0.0789845725532
0.0
0.0985023842845
0.155990477649
0.0858522404458
0.0801904861327
0.0
0.0720654662324
0.0
0.0795181851688
0.0875673125838
0.104931726578
0.064777295816
0.0705587857585
0.0898415094875
0.0
0.0802167954418
0.0800950365985
3.27618188607
0.0862869970399
0.0
0.0687675897865
0.229620294539
0.0779841294117
0.0
0.106822112977
0.0587310000628
0.122558854734
0.0788262393142
0.0
0.0678302024695
0.0815840369339
0.0662490305966
0.0
0.105242889543
0.110639504106
0.0700494236424
0.078023600026
0.0
0.0605914190719
0.0
0.0627222947206
0.278402415391
0.109458985409
0.0553549770069
0.0595227651519
0.102936887926
0.0
0.0904961378447
0.090341204277
0.0922766925865
0.0737055009815
0.0813576303517
0.0761863427251
0.094848223797
0.0647214119628
0.0
0.0785613091234
0.0508789377488
0.133171109235
0.0653003811324
0.0
0.057569163471
0.0719164594899
0.0564261617938
0.0956225000588
0.0
0.109913494382
0.117498203726
0.0924481580359
0.10954203102
0.0
0.0966940713213
0.0
0.108291343095
0.133137549376
0.0841201060884
0.0996913149593
0.0749539052721
0.0970905283485
0.0
0.251036150664
0.099705658818
0.127542839613
15.2517179494
0.0938684569844
0.14903805736
0.128800422796
0.107657160995
0.0
0.166113884827
0.0716747935449
0.0945399241447
0.0843519924384
0.0
0.101160797139
0.11215906855
0.0827122665517
0.0905734863839
0.0724064861751
0.0
0.0
0.0
0.0
0.0
0.0
0.0
0.0
0.0
0.0
0.0
0.0
0.0
0.0
0.0
0.0
0.0
0.0
0.0
0.0
0.0
0.0
0.0
0.0
0.0
0.0
0.0
0.0
0.0
0.0
0.0
0.0
0.0
0.0
0.0
0.0
0.152429107261
0.0
0.0
0.237646726004
0.0
0.0
0.0
0.0
0.104873264105
0.132593341529
0.0
0.0
0.0
0.0
0.0739795617012
0.124029611582
0.124781621626
0.096402395166
0.259451124738
0.0744253135743
0.0697105644756
0.0
0.0
0.0
0.0
0.0924139685266
0.0
0.0
0.0
0.0799350821807
0.0
0.0
0.0711528511901
0.0805409362929
0.0
0.0
0.0870571021049
0.103366810072
0.0982251911693
0.26440369803
0.0
0.101879877479
0.0
0.257232884316
0.108605843005
0.0787363910663
0.0784322901735
0.0662211401427
0.0829252666712
0.0
0.131571680685
0.105228750325
0.147098680158
0.0786402394448
0.0874122969541
0.119995041587
0.0936986582298
0.114124882081
0.0
0.124540826963
0.0744851685474
0.0879942887553
0.0891353056153
0.0
0.0936162662296
0.540042639077
0.0754510732725
0.0766266633689
0.0685037100441
0.102998317816
0.0
0.0757410591297
0.0
0.0970745438779
0.099692312185
0.0726552808857
0.065249230421
0.0
0.0955101944741
0.0
0.0648034225161
0.137989722762
0.0745831192754
0.266115614333
0.061393820462
0.0754921115475
0.0
0.154424614974
0.0984473684551
0.107390411738
0.0714255848298
0.0
0.0915867340388
0.067534486371
0.106191646132
0.0
0.0818538145756
0.0710222375966
0.0757314638427
0.0675591874908
0.0668360646863
0.0901831155808
0.096416547896
0.0734743033783
0.0679008823175
0.0576200685089
0.107286864172
0.0
0.0
0.0912027201081
0.0
0.0
0.0
0.0
0.0
0.0
0.0
0.0
0.0
0.0
0.0
0.0
0.0
0.0
0.0
0.0
0.0
0.0
0.0
0.0
0.0
0.0
0.0
0.0
0.0
0.0
0.0
0.0
0.0
0.0
0.0
0.0
0.0
0.0
0.0
0.0
0.0
0.0
0.0

