Topic 1
Mean 0.229058153922
Median 0.2
Sum 28.4032110863
0.0
0.111111111111
0.0
0.333333333333
0.0
0.1
0.0
0.0
0.0
0.0
0.2
0.0
0.0909090909091
0.2
0.0
0.2
0.0
0.125
0.2
0.0
0.25
0.5
0.0
0.1
0.25
0.0
0.142857142857
0.166666666667
0.0833333333333
0.0
0.0714285714286
0.0909090909091
0.0
0.166666666667
0.142857142857
0.0833333333333
0.2
0.0
0.0909090909091
0.333333333333
0.0
0.142857142857
0.166666666667
0.2
0.0833333333333
0.0
0.0
0.0
0.0
0.0
0.0
0.0
0.0
0.0
0.0
0.25
0.0
0.1
1.0
0.0
0.166666666667
0.2
0.25
0.0909090909091
0.25
0.0
0.333333333333
0.0
0.1
1.0
0.0
0.166666666667
0.2
0.25
0.0909090909091
0.25
0.0
1.0
0.0769230769231
0.0
0.0666666666667
0.0833333333333
0.0
0.0833333333333
0.1
0.0769230769231
0.0625
0.25
0.0
0.333333333333
0.0769230769231
0.5
0.0
0.1
0.333333333333
0.0
0.166666666667
0.25
0.2
0.111111111111
0.25
0.0
0.333333333333
0.25
0.1
0.333333333333
0.0
0.0909090909091
0.25
0.0
0.142857142857
0.166666666667
0.2
0.0833333333333
0.2
0.0
0.25
0.25
0.25
0.25
0.25
0.0
0.1
0.333333333333
0.0
0.2
0.2
0.25
0.0909090909091
0.25
0.0
0.333333333333
0.333333333333
0.333333333333
0.5
0.333333333333
0.2
0.0
0.0909090909091
0.25
0.0
0.142857142857
0.166666666667
0.2
0.0833333333333
0.2
0.0
0.25
0.25
0.0833333333333
0.2
0.2
0.333333333333
0.333333333333
0.0
0.1
0.333333333333
0.0
0.166666666667
0.2
0.25
0.0909090909091
0.25
0.0
0.333333333333
0.333333333333
0.0588235294118
0.25
0.333333333333
1.0
0.25
0.0
0.0
0.0
0.333333333333
0.0
0.0
0.0
0.0
0.0
0.25
0.0
0.333333333333
0.0
0.0
0.0
0.25
0.0
0.0
0.0

Topic 0
Mean 0.222805426411
Median 0.166666666667
Sum 23.1717643468
0.0
0.0
0.0
0.0
0.0
0.111111111111
0.0
0.0
0.166666666667
0.1
0.0
0.0
0.111111111111
0.142857142857
0.0833333333333
0.0
0.0
0.0
0.0
0.0
0.0
0.0
0.0
0.25
0.111111111111
0.25
0.25
0.0
0.0
0.0
0.111111111111
0.111111111111
0.0833333333333
0.111111111111
0.0
0.111111111111
0.0
0.0
0.166666666667
0.111111111111
1.0
0.25
0.0
0.333333333333
0.125
0.0
0.0
0.125
0.333333333333
0.25
0.25
0.0
0.2
0.125
0.2
0.0
0.0
0.1
0.0714285714286
0.0833333333333
0.0714285714286
0.0
0.125
0.0833333333333
0.0666666666667
0.142857142857
0.0
0.0
0.0
0.0
0.0
0.0
0.0
0.0
0.0
0.0
0.0
0.0
0.0
0.0
0.125
0.125
0.333333333333
0.333333333333
0.0
0.25
0.125
0.25
0.25
0.0833333333333
0.0
0.0
0.0
0.111111111111
0.25
0.166666666667
0.166666666667
0.0
0.2
0.166666666667
0.142857142857
0.2
0.0714285714286
0.0
0.166666666667
0.0
0.0
0.166666666667
0.111111111111
1.0
0.25
0.0
0.333333333333
0.111111111111
1.0
0.2
0.0769230769231
0.0
0.25
0.142857142857
0.0
0.0
0.333333333333
0.166666666667
0.5
0.333333333333
0.0
0.333333333333
0.125
1.0
0.25
0.0833333333333
0.0
0.333333333333
0.166666666667
1.0
0.0
0.0
0.2
0.125
0.125
0.125
0.0
0.25
0.2
0.125
0.166666666667
0.142857142857
0.0
0.0
0.166666666667
0.0833333333333
0.142857142857
0.0
0.0
0.142857142857
0.125
0.333333333333
0.333333333333
0.0
0.25
0.2
0.25
0.25
0.0833333333333
0.0
0.333333333333
0.166666666667
0.25
0.333333333333
0.166666666667
0.0
0.0
0.0
0.0
0.0
0.0
0.0
0.0
0.0
0.0
0.0
0.0
0.0
0.0
0.0
0.0
0.0
0.0
0.0

Topic 9
Mean 0.170913156709
Median 0.111111111111
Sum 11.2802683428
0.0
0.0
0.0833333333333
0.0
0.0
0.0
0.0
0.0
0.0
0.0
0.0
0.0
0.0
0.0
0.0
0.0
0.0714285714286
0.2
0.0
0.0
0.0
0.0
0.0666666666667
1.0
0.0
0.0
0.0
0.166666666667
0.0
0.0
0.0
0.0
0.0
0.0
0.0
0.0
0.0
0.0625
0.0714285714286
0.0
0.0
0.0
0.0909090909091
0.0833333333333
0.0
0.0
0.0833333333333
0.333333333333
0.0
0.0
0.0
0.2
0.25
0.0
0.0909090909091
0.0
0.1
0.333333333333
0.0
0.0
0.0
0.2
0.25
0.0
0.111111111111
0.333333333333
0.0
0.0714285714286
0.1
0.0
0.0
0.0
0.111111111111
0.111111111111
0.0
0.2
0.125
0.142857142857
0.0
0.0
0.0
0.0
0.0
0.0
0.0
0.0
0.0
0.0
0.0
0.0
0.0
0.0
0.0
0.0
0.0
0.0
0.0
0.0
0.0
0.0
0.0
0.0
0.0
0.0
0.0
0.0
0.0
0.0
0.0
0.0
0.0
0.0
0.0
0.0
0.0
0.0
0.0
0.0
0.0
0.0
0.0
0.0714285714286
0.5
0.0
0.0
0.0
0.111111111111
0.5
0.0
0.111111111111
0.111111111111
0.333333333333
0.142857142857
0.0
0.0
0.0
0.0
0.0666666666667
0.0909090909091
0.0
0.0
0.0
0.0769230769231
0.0714285714286
0.0
0.0666666666667
0.0769230769231
0.0833333333333
0.0769230769231
0.0
0.0
0.0
0.0769230769231
0.0
0.1
0.166666666667
0.0
0.0
0.0
0.142857142857
0.166666666667
0.0
0.0909090909091
0.142857142857
0.142857142857
0.111111111111
0.0
0.0
0.0
0.142857142857
0.0909090909091
0.0
0.0769230769231
0.5
0.0
0.0
0.0
0.166666666667
0.333333333333
0.0
0.0909090909091
0.25
0.25
0.111111111111
0.0
0.0
0.0
0.2
0.25
0.142857142857

Topic 4
Mean 0.170820714924
Median 0.142857142857
Sum 27.160493673
0.1
0.2
0.166666666667
0.125
0.111111111111
0.0769230769231
0.0769230769231
0.0909090909091
0.166666666667
0.0769230769231
0.0714285714286
0.0909090909091
0.1
0.0769230769231
0.166666666667
0.111111111111
0.5
0.2
0.125
0.0909090909091
0.0909090909091
0.0909090909091
0.5
0.142857142857
0.1
0.166666666667
0.142857142857
0.333333333333
0.0625
0.0833333333333
0.0769230769231
0.0666666666667
0.1
0.0909090909091
0.0833333333333
0.0909090909091
0.142857142857
0.25
0.142857142857
0.166666666667
0.25
0.25
0.2
0.2
0.0769230769231
0.0833333333333
0.5
0.142857142857
0.0909090909091
0.111111111111
0.1
0.333333333333
0.333333333333
0.0833333333333
0.2
0.333333333333
0.25
0.333333333333
0.142857142857
0.25
0.111111111111
0.2
0.2
0.0909090909091
0.25
0.2
0.333333333333
0.25
0.333333333333
0.142857142857
0.111111111111
0.1
0.25
0.142857142857
0.0833333333333
0.25
0.125
1.0
0.0833333333333
0.166666666667
0.0909090909091
0.0909090909091
0.0909090909091
0.111111111111
0.2
0.25
0.0833333333333
0.142857142857
0.0833333333333
0.25
0.125
0.0769230769231
0.2
0.125
0.0833333333333
0.2
0.0769230769231
0.166666666667
0.166666666667
0.0714285714286
0.166666666667
0.166666666667
0.2
0.111111111111
0.125
0.0
0.0
0.166666666667
0.0
0.0
0.0
0.25
0.0
0.0
0.25
0.0
0.25
0.0
0.0
0.2
0.0
0.0
0.0
0.0
0.0
0.0
0.0
0.0
0.0
0.0
0.0
0.0
0.0
0.0
0.0
0.0
0.0833333333333
0.25
0.142857142857
0.0909090909091
0.333333333333
0.125
0.2
0.2
0.0833333333333
0.2
0.2
0.2
0.125
0.125
0.166666666667
0.25
0.0
0.0769230769231
0.0909090909091
0.111111111111
0.0769230769231
0.2
0.25
0.0909090909091
0.166666666667
0.1
0.111111111111
0.111111111111
0.111111111111
0.111111111111
0.0909090909091
0.0769230769231
0.0
0.0
0.142857142857
0.0909090909091
0.333333333333
0.2
0.1
0.333333333333
0.0666666666667
0.333333333333
0.25
0.0833333333333
0.25
0.25
0.25
0.142857142857
0.0909090909091
0.2
0.0
0.0
0.25
0.333333333333

Topic 2
Mean 0.168545593921
Median 0.125
Sum 22.4165639916
0.0909090909091
0.142857142857
0.0909090909091
0.0
0.0
0.0
0.25
0.0909090909091
0.111111111111
0.0
0.333333333333
0.1
0.125
0.0
0.25
0.0
0.0
0.0
0.0
0.0
0.0
0.25
0.0909090909091
0.111111111111
0.0
0.2
0.25
0.0
0.0
0.0
0.0
0.0
0.0
0.0
0.0
0.0
0.25
0.0909090909091
0.142857142857
0.0
0.2
0.25
0.0
0.2
0.0
0.0833333333333
0.0714285714286
0.125
0.0
0.0833333333333
0.0909090909091
0.0
0.0833333333333
0.0
0.111111111111
0.333333333333
0.1
0.142857142857
0.0
0.25
0.333333333333
0.0
0.25
0.0
0.5
0.1
0.25
0.1
0.142857142857
0.0
0.333333333333
0.333333333333
0.0
0.2
0.0
0.25
0.125
0.333333333333
0.0769230769231
0.0666666666667
0.0769230769231
0.0
0.0625
0.142857142857
0.0
0.0909090909091
0.0
0.0769230769231
0.0625
0.0769230769231
0.0769230769231
0.25
0.1
0.166666666667
0.0
0.2
0.5
0.0
0.2
0.0
0.333333333333
0.0909090909091
0.25
0.2
0.25
0.166666666667
0.111111111111
0.125
0.0
0.0909090909091
0.2
0.0
0.142857142857
0.0
0.111111111111
0.0833333333333
0.111111111111
0.166666666667
0.142857142857
0.25
0.111111111111
0.0769230769231
0.2
0.0
0.0714285714286
0.0833333333333
0.0
0.0909090909091
0.0
0.0909090909091
0.0714285714286
0.0909090909091
0.0909090909091
0.0666666666667
0.125
0.1
0.333333333333
0.1
0.125
0.0
0.25
0.333333333333
0.0
0.25
0.0
0.25
0.0
0.333333333333
0.25
0.333333333333
0.25
0.125
0.0
0.111111111111
0.0769230769231
0.2
0.0
0.0714285714286
0.0833333333333
0.0
0.0909090909091
0.0
0.0909090909091
0.0714285714286
0.0909090909091
0.0909090909091
0.0666666666667
0.125
0.1
0.333333333333
0.0
0.25
0.0909090909091
0.111111111111
0.0
0.2
0.25
0.0
0.2
0.0
0.333333333333
0.0833333333333
0.5
0.2
0.25
0.2
0.111111111111
0.0909090909091
0.25
0.0909090909091

Topic 6
Mean 0.168484745707
Median 0.142857142857
Sum 22.7454406704
0.0
0.0
0.0
0.0
0.0
0.142857142857
0.0
0.0
0.125
0.166666666667
0.0
0.0
0.166666666667
0.111111111111
0.111111111111
0.0
0.0
0.0
0.0
0.0
0.0
0.0
0.0
0.111111111111
0.25
0.111111111111
0.111111111111
0.0
0.0
0.0
0.25
0.166666666667
0.142857142857
0.125
0.0
0.125
0.0
0.0
0.142857142857
0.25
0.166666666667
0.166666666667
0.0
0.25
0.2
0.0
0.0
0.0909090909091
0.1
0.1
0.1
0.0
0.125
0.25
0.142857142857
0.0
0.0
0.25
0.166666666667
0.111111111111
0.111111111111
0.0
0.142857142857
0.125
0.166666666667
0.125
0.0
0.0
0.333333333333
0.142857142857
0.111111111111
0.2
0.0
0.111111111111
0.25
0.166666666667
0.1
0.25
0.0
0.0
0.25
0.25
0.111111111111
0.2
0.0
0.142857142857
0.25
0.25
0.1
0.25
0.333333333333
0.0
0.0
0.0833333333333
0.0909090909091
0.0909090909091
0.111111111111
0.0
0.0909090909091
0.1
0.125
0.0833333333333
0.0909090909091
0.0909090909091
0.1
0.0
0.0
0.111111111111
0.25
0.25
0.166666666667
0.0
0.2
0.142857142857
0.333333333333
0.111111111111
0.125
0.125
0.166666666667
0.1
0.0
0.0
0.25
0.166666666667
0.125
0.125
0.0
0.125
0.333333333333
0.166666666667
0.111111111111
0.333333333333
0.25
0.25
0.1
0.0
0.0
0.0
0.333333333333
0.2
0.111111111111
0.25
0.0
0.111111111111
0.25
0.2
0.1
0.25
0.333333333333
0.25
0.111111111111
0.25
0.25
0.0
0.0
0.0769230769231
0.166666666667
0.0833333333333
0.0833333333333
0.0
0.125
0.0909090909091
0.142857142857
0.0769230769231
0.0833333333333
0.0833333333333
0.125
0.0714285714286
0.333333333333
0.0909090909091
0.0833333333333
0.0
0.0
0.2
0.166666666667
0.125
0.166666666667
0.0
0.142857142857
0.333333333333
0.25
0.1
0.25
0.2
0.25
0.0909090909091
0.333333333333
0.25
0.25
0.142857142857

Topic 3
Mean 0.161585905762
Median 0.125
Sum 24.3994717701
0.0
0.0
0.166666666667
0.0
0.2
0.5
0.0
0.166666666667
0.111111111111
0.0833333333333
0.0
0.1
0.1
0.125
0.0769230769231
0.0
0.2
0.333333333333
0.2
0.111111111111
0.0769230769231
0.0
0.142857142857
0.1
0.0833333333333
0.0666666666667
0.0769230769231
0.1
0.0
0.111111111111
0.166666666667
0.2
0.0833333333333
0.142857142857
0.0833333333333
0.0833333333333
0.0
0.142857142857
0.125
0.166666666667
0.0833333333333
0.142857142857
0.0833333333333
0.0833333333333
0.2
0.0
0.166666666667
0.5
0.5
0.0909090909091
0.0
0.25
0.1
0.125
0.0
0.0
0.5
0.25
0.166666666667
0.166666666667
0.111111111111
0.25
0.142857142857
0.166666666667
0.166666666667
0.166666666667
0.0
0.166666666667
0.111111111111
0.0909090909091
0.0714285714286
0.0833333333333
0.111111111111
0.166666666667
0.0909090909091
0.0909090909091
0.333333333333
0.166666666667
0.0
0.2
0.2
0.2
0.0833333333333
0.1
0.2
0.0625
0.111111111111
0.111111111111
0.25
0.142857142857
0.0666666666667
0.0
0.0833333333333
0.1
0.0769230769231
0.0625
0.0714285714286
0.25
0.0833333333333
0.0769230769231
0.0769230769231
0.333333333333
0.142857142857
0.0909090909091
0.0588235294118
0.0
0.2
0.333333333333
0.333333333333
0.0909090909091
0.142857142857
0.25
0.0909090909091
0.2
0.333333333333
0.333333333333
0.166666666667
0.1
0.25
0.0833333333333
0.0
0.111111111111
0.25
0.125
0.0833333333333
0.1
0.0833333333333
0.0833333333333
0.142857142857
0.111111111111
0.125
0.25
0.0909090909091
0.0769230769231
0.0769230769231
0.125
0.0
0.142857142857
0.25
0.333333333333
0.0833333333333
0.0833333333333
0.2
0.0909090909091
0.333333333333
0.111111111111
0.5
0.142857142857
0.25
0.333333333333
0.25
0.25
0.111111111111
0.0
0.0
0.0
0.0
0.0
0.0
0.0
0.0
0.0
0.0
0.0
0.0
0.0
0.0
0.0
0.0
0.0
0.0
0.0
0.125
0.166666666667
0.166666666667
0.0769230769231
0.0833333333333
0.166666666667
0.111111111111
0.166666666667
0.1
0.2
0.125
0.125
0.333333333333
0.0714285714286
0.2
0.25
0.166666666667
0.0

Topic 8
Mean 0.161146117612
Median 0.142857142857
Sum 28.0394244644
0.2
0.1
0.333333333333
0.111111111111
0.125
0.0909090909091
0.25
0.2
0.0909090909091
0.111111111111
0.1
0.166666666667
0.0833333333333
0.25
0.1
0.125
0.0909090909091
0.0714285714286
0.0833333333333
0.111111111111
0.0769230769231
0.25
0.2
0.0909090909091
0.125
0.333333333333
0.1
0.0909090909091
0.25
0.333333333333
0.1
0.125
0.333333333333
0.111111111111
0.0909090909091
0.333333333333
0.25
0.333333333333
0.1
0.333333333333
0.333333333333
0.142857142857
0.0909090909091
0.333333333333
0.333333333333
0.125
0.0909090909091
0.0714285714286
0.0833333333333
0.142857142857
0.0769230769231
0.111111111111
0.0909090909091
0.1
0.166666666667
0.142857142857
0.142857142857
0.1
0.2
0.1
0.5
0.0769230769231
0.1
0.142857142857
0.111111111111
0.0769230769231
0.0
0.25
0.0
0.0
0.0
0.0
0.0
0.25
0.333333333333
0.0
0.0
0.0
0.166666666667
0.111111111111
0.0833333333333
0.1
0.166666666667
0.0909090909091
0.333333333333
0.25
0.166666666667
0.111111111111
0.142857142857
0.0909090909091
0.0
0.111111111111
0.0833333333333
0.0666666666667
0.0769230769231
0.0769230769231
0.0714285714286
0.0909090909091
1.0
0.0833333333333
0.0909090909091
0.0833333333333
0.0714285714286
0.0
0.0714285714286
0.166666666667
0.166666666667
0.111111111111
0.111111111111
0.111111111111
0.1
0.142857142857
0.166666666667
0.125
0.166666666667
0.142857142857
0.125
0.0
0.1
0.166666666667
0.5
0.142857142857
0.1
0.142857142857
0.125
0.142857142857
0.2
0.166666666667
0.142857142857
0.166666666667
0.166666666667
0.142857142857
0.0
0.166666666667
0.111111111111
0.2
0.2
0.142857142857
0.0909090909091
0.111111111111
0.142857142857
0.1
0.111111111111
0.166666666667
0.166666666667
0.142857142857
0.125
0.1
0.0
0.142857142857
0.142857142857
0.25
0.142857142857
0.25
0.25
0.1
0.125
0.25
0.166666666667
0.142857142857
0.25
0.333333333333
0.333333333333
0.142857142857
0.142857142857
0.0
0.2
0.0833333333333
0.125
0.166666666667
0.166666666667
0.166666666667
0.142857142857
0.1
0.125
0.2
0.111111111111
0.111111111111
0.25
0.166666666667
0.166666666667
0.111111111111
0.111111111111
0.0
0.166666666667
0.0833333333333
0.125
0.142857142857
0.166666666667
0.2

Topic 7
Mean 0.131937409569
Median 0.1
Sum 22.5612970363
0.0
0.0769230769231
0.0
0.111111111111
0.0
0.0909090909091
0.0909090909091
0.0
0.0769230769231
0.2
0.0909090909091
0.0
0.0769230769231
0.2
0.333333333333
0.0714285714286
0.0
0.0909090909091
0.111111111111
0.0909090909091
0.0909090909091
0.1
0.0
0.1
0.125
0.0833333333333
0.0833333333333
0.25
0.125
0.0
0.1
0.166666666667
0.125
0.125
0.2
0.166666666667
0.0714285714286
0.0
0.0714285714286
0.0833333333333
0.0714285714286
0.0714285714286
0.0833333333333
0.1
0.0909090909091
0.0909090909091
0.0
0.0769230769231
0.111111111111
0.0909090909091
0.0909090909091
0.142857142857
0.166666666667
0.125
0.142857142857
0.0909090909091
0.0
0.0909090909091
0.111111111111
0.0909090909091
0.0909090909091
0.2
0.25
0.125
0.1
0.142857142857
0.0833333333333
0.0
0.0833333333333
0.1
0.0833333333333
0.0833333333333
0.125
0.142857142857
0.111111111111
0.333333333333
0.142857142857
0.125
0.0714285714286
0.0
0.0714285714286
0.125
0.0714285714286
0.0714285714286
0.0833333333333
0.0909090909091
0.0909090909091
0.0666666666667
0.0714285714286
0.0833333333333
0.0769230769231
0.333333333333
0.0
0.0909090909091
0.111111111111
0.0909090909091
0.0909090909091
0.166666666667
0.25
0.125
0.5
0.166666666667
0.166666666667
0.5
0.0833333333333
0.111111111111
0.0
0.0909090909091
0.333333333333
0.2
0.2
0.0833333333333
0.1
0.166666666667
0.0833333333333
0.111111111111
0.111111111111
0.1
0.0833333333333
0.111111111111
0.0909090909091
0.0
0.0909090909091
0.111111111111
0.0909090909091
0.0909090909091
0.166666666667
0.2
0.25
0.0833333333333
0.125
0.166666666667
0.111111111111
0.0833333333333
0.142857142857
0.111111111111
0.0714285714286
0.0
0.0714285714286
0.125
0.0714285714286
0.0714285714286
0.1
0.111111111111
0.1
0.0769230769231
0.0833333333333
0.0833333333333
0.0769230769231
0.2
0.0833333333333
0.0833333333333
0.0833333333333
0.125
0.0
0.1
0.333333333333
0.333333333333
0.333333333333
0.0909090909091
0.111111111111
0.2
0.0909090909091
0.125
0.125
0.111111111111
0.0909090909091
0.125
0.333333333333
0.125
0.0909090909091
0.1
0.0
0.1
0.166666666667
0.1
0.1
0.166666666667
0.2
0.333333333333
0.125
0.166666666667
0.166666666667
0.333333333333
0.111111111111
0.142857142857
0.125
0.142857142857
0.111111111111
0.142857142857

Topic 5
Mean 0.126072993484
Median 0.1
Sum 23.953868762
0.0909090909091
0.111111111111
0.0909090909091
0.25
0.0909090909091
0.0909090909091
0.1
0.0833333333333
0.0833333333333
0.2
0.111111111111
0.0769230769231
0.0909090909091
0.0909090909091
0.111111111111
0.2
0.0909090909091
0.111111111111
0.1
0.142857142857
0.1
0.1
0.0833333333333
0.166666666667
0.0833333333333
0.0769230769231
0.111111111111
0.0769230769231
0.166666666667
0.0833333333333
0.1
0.2
0.0909090909091
0.111111111111
0.166666666667
0.0909090909091
0.2
0.0909090909091
0.142857142857
0.0909090909091
0.0909090909091
0.111111111111
0.2
0.166666666667
0.2
0.111111111111
0.0909090909091
0.142857142857
0.142857142857
0.0833333333333
0.0909090909091
0.0833333333333
0.1
0.0833333333333
0.111111111111
0.2
0.0909090909091
0.111111111111
0.25
0.0909090909091
0.111111111111
0.2
0.0769230769231
0.2
0.333333333333
0.0833333333333
0.2
0.1
0.142857142857
0.166666666667
0.1
0.111111111111
0.333333333333
0.166666666667
0.166666666667
0.25
0.166666666667
0.2
0.142857142857
0.0909090909091
0.25
0.1
0.1
0.166666666667
0.142857142857
0.25
0.125
0.166666666667
0.111111111111
0.142857142857
0.25
0.166666666667
0.111111111111
0.111111111111
0.125
0.1
0.111111111111
0.0909090909091
0.166666666667
0.0833333333333
0.2
0.111111111111
0.0833333333333
0.125
0.142857142857
0.0666666666667
0.0588235294118
0.0666666666667
0.0666666666667
0.2
0.0769230769231
0.0714285714286
0.0625
0.0833333333333
0.0666666666667
0.0666666666667
0.0833333333333
0.0909090909091
0.0714285714286
0.0666666666667
0.0833333333333
0.0714285714286
0.125
0.0714285714286
0.0714285714286
0.0769230769231
0.0833333333333
0.333333333333
0.0833333333333
0.111111111111
0.0833333333333
0.0833333333333
0.125
0.166666666667
0.0833333333333
0.2
0.125
0.1
0.166666666667
0.1
0.1
0.111111111111
0.1
0.166666666667
0.125
0.25
0.125
0.125
0.166666666667
0.25
0.125
0.333333333333
0.333333333333
0.0833333333333
0.0714285714286
0.1
0.0714285714286
0.0666666666667
0.0714285714286
0.0666666666667
0.0909090909091
0.0666666666667
0.25
0.0833333333333
0.0666666666667
0.1
0.1
0.0833333333333
0.0555555555556
0.0769230769231
0.111111111111
0.125
0.1
0.333333333333
0.1
0.1
0.166666666667
0.0909090909091
0.111111111111
0.1
0.125
0.166666666667
0.1
0.125
0.142857142857
0.125
0.0714285714286
0.0909090909091
0.142857142857
0.0909090909091

