Topic 3
Mean 0.20462962963
Median 0.166666666667
Sum 1.22777777778
0.0
0.0
0.166666666667
0.0
0.2
0.5
0.0
0.166666666667
0.111111111111
0.0833333333333

Topic 6
Mean 0.144841269841
Median 0.142857142857
Sum 0.434523809524
0.0
0.0
0.0
0.0
0.0
0.142857142857
0.0
0.0
0.125
0.166666666667

Topic 8
Mean 0.161237373737
Median 0.118055555556
Sum 1.61237373737
0.2
0.1
0.333333333333
0.111111111111
0.125
0.0909090909091
0.25
0.2
0.0909090909091
0.111111111111

Topic 1
Mean 0.181481481481
Median 0.111111111111
Sum 0.544444444444
0.0
0.111111111111
0.0
0.333333333333
0.0
0.1
0.0
0.0
0.0
0.0

Topic 0
Mean 0.125925925926
Median 0.111111111111
Sum 0.377777777778
0.0
0.0
0.0
0.0
0.0
0.111111111111
0.0
0.0
0.166666666667
0.1

Topic 4
Mean 0.119112276612
Median 0.105555555556
Sum 1.19112276612
0.1
0.2
0.166666666667
0.125
0.111111111111
0.0769230769231
0.0769230769231
0.0909090909091
0.166666666667
0.0769230769231

Topic 2
Mean 0.129449254449
Median 0.10101010101
Sum 0.776695526695
0.0909090909091
0.142857142857
0.0909090909091
0.0
0.0
0.0
0.25
0.0909090909091
0.111111111111
0.0

Topic 7
Mean 0.107795907796
Median 0.0909090909091
Sum 0.646775446775
0.0
0.0769230769231
0.0
0.111111111111
0.0
0.0909090909091
0.0909090909091
0.0
0.0769230769231
0.2

Topic 5
Mean 0.119141414141
Median 0.0909090909091
Sum 1.19141414141
0.0909090909091
0.111111111111
0.0909090909091
0.25
0.0909090909091
0.0909090909091
0.1
0.0833333333333
0.0833333333333
0.2

Topic 9
Mean 0.0833333333333
Median 0.0833333333333
Sum 0.0833333333333
0.0
0.0
0.0833333333333
0.0
0.0
0.0
0.0
0.0
0.0
0.0

