Topic 0
Mean 4.7619047619
Median 4.0
Sum 100.0
0.0
0.0
0.0
0.0
0.0
3.0
0.0
0.0
3.0
5.0
0.0
0.0
4.0
4.0
6.0
0.0
0.0
0.0
0.0
0.0
0.0
0.0
0.0
5.0
4.0
4.0
4.0
0.0
0.0
0.0
4.0
5.0
4.0
5.0
0.0
5.0
0.0
0.0
3.0
5.0
16.0
4.0
0.0
4.0
3.0

Topic 8
Mean 3.2
Median 3.0
Sum 144.0
4.0
5.0
3.0
3.0
3.0
3.0
4.0
3.0
3.0
2.0
4.0
3.0
2.0
2.0
3.0
2.0
2.0
2.0
2.0
3.0
2.0
5.0
3.0
3.0
3.0
4.0
4.0
2.0
4.0
3.0
5.0
3.0
3.0
3.0
3.0
4.0
4.0
5.0
3.0
4.0
3.0
3.0
3.0
3.0
4.0

Topic 6
Mean 3.47619047619
Median 3.0
Sum 73.0
0.0
0.0
0.0
0.0
0.0
4.0
0.0
0.0
3.0
4.0
0.0
0.0
3.0
3.0
4.0
0.0
0.0
0.0
0.0
0.0
0.0
0.0
0.0
5.0
4.0
5.0
3.0
0.0
0.0
0.0
3.0
3.0
4.0
3.0
0.0
4.0
0.0
0.0
3.0
3.0
3.0
2.0
0.0
4.0
3.0

Topic 5
Mean 2.95555555556
Median 3.0
Sum 133.0
3.0
3.0
3.0
3.0
3.0
3.0
3.0
3.0
5.0
2.0
3.0
2.0
5.0
2.0
3.0
2.0
3.0
4.0
3.0
3.0
3.0
2.0
4.0
4.0
3.0
3.0
3.0
3.0
2.0
3.0
3.0
2.0
2.0
2.0
2.0
2.0
3.0
3.0
4.0
3.0
3.0
4.0
3.0
3.0
3.0

Topic 4
Mean 2.86666666667
Median 3.0
Sum 129.0
3.0
4.0
4.0
2.0
3.0
3.0
2.0
3.0
3.0
3.0
1.0
3.0
3.0
3.0
4.0
3.0
6.0
3.0
2.0
3.0
2.0
1.0
3.0
2.0
1.0
2.0
2.0
3.0
2.0
3.0
3.0
2.0
3.0
2.0
3.0
2.0
3.0
4.0
4.0
3.0
4.0
3.0
4.0
3.0
4.0

Topic 3
Mean 2.91666666667
Median 3.0
Sum 105.0
0.0
0.0
4.0
0.0
3.0
7.0
0.0
4.0
2.0
3.0
0.0
3.0
4.0
4.0
2.0
0.0
3.0
5.0
3.0
3.0
3.0
0.0
3.0
4.0
4.0
3.0
2.0
3.0
0.0
3.0
3.0
3.0
1.0
3.0
1.0
1.0
0.0
3.0
3.0
2.0
1.0
3.0
2.0
1.0
3.0

Topic 2
Mean 3.47619047619
Median 3.0
Sum 73.0
4.0
4.0
3.0
0.0
0.0
0.0
4.0
3.0
4.0
0.0
4.0
4.0
5.0
0.0
4.0
0.0
0.0
0.0
0.0
0.0
0.0
3.0
3.0
3.0
0.0
2.0
3.0
0.0
0.0
0.0
0.0
0.0
0.0
0.0
0.0
0.0
4.0
3.0
4.0
0.0
3.0
3.0
0.0
3.0
0.0

Topic 1
Mean 2.85714285714
Median 3.0
Sum 80.0
0.0
4.0
0.0
2.0
0.0
2.0
0.0
0.0
0.0
0.0
3.0
0.0
3.0
2.0
0.0
3.0
0.0
2.0
3.0
0.0
3.0
4.0
0.0
3.0
4.0
0.0
4.0
4.0
3.0
0.0
2.0
1.0
0.0
4.0
2.0
2.0
5.0
0.0
3.0
2.0
0.0
3.0
2.0
4.0
1.0

Topic 9
Mean 3.6
Median 2.0
Sum 36.0
0.0
0.0
5.0
0.0
0.0
0.0
0.0
0.0
0.0
0.0
0.0
0.0
0.0
0.0
0.0
0.0
2.0
2.0
0.0
0.0
0.0
0.0
3.0
16.0
0.0
0.0
0.0
2.0
0.0
0.0
0.0
0.0
0.0
0.0
0.0
0.0
0.0
1.0
2.0
0.0
0.0
0.0
1.0
2.0
0.0

Topic 7
Mean 2.45714285714
Median 2.0
Sum 86.0
0.0
2.0
0.0
3.0
0.0
3.0
0.0
0.0
1.0
1.0
1.0
0.0
1.0
2.0
2.0
2.0
0.0
3.0
4.0
1.0
2.0
2.0
0.0
4.0
5.0
1.0
2.0
4.0
2.0
0.0
4.0
7.0
2.0
2.0
3.0
4.0
1.0
0.0
2.0
3.0
1.0
1.0
2.0
3.0
3.0

