Topic 0
Mean 4.47619047619
Median 4.0
Sum 470.0
0.0
0.0
0.0
0.0
0.0
3.0
0.0
0.0
3.0
5.0
0.0
0.0
4.0
4.0
6.0
0.0
0.0
0.0
0.0
0.0
0.0
0.0
0.0
5.0
4.0
4.0
4.0
0.0
0.0
0.0
4.0
5.0
4.0
5.0
0.0
5.0
0.0
0.0
3.0
5.0
16.0
4.0
0.0
4.0
3.0
0.0
0.0
3.0
5.0
5.0
6.0
0.0
6.0
4.0
4.0
0.0
0.0
4.0
3.0
5.0
4.0
0.0
4.0
3.0
3.0
3.0
0.0
0.0
0.0
0.0
0.0
0.0
0.0
0.0
0.0
0.0
0.0
0.0
0.0
0.0
3.0
4.0
4.0
4.0
0.0
3.0
5.0
4.0
5.0
3.0
0.0
0.0
0.0
3.0
4.0
4.0
4.0
0.0
3.0
4.0
4.0
4.0
3.0
0.0
3.0
0.0
0.0
3.0
5.0
16.0
4.0
0.0
4.0
3.0
16.0
4.0
3.0
0.0
4.0
4.0
0.0
0.0
11.0
5.0
4.0
4.0
0.0
5.0
4.0
6.0
3.0
3.0
0.0
5.0
3.0
10.0
0.0
0.0
4.0
4.0
5.0
6.0
0.0
5.0
7.0
3.0
4.0
4.0
0.0
4.0
4.0
3.0
5.0
0.0
0.0
3.0
4.0
4.0
4.0
0.0
4.0
3.0
4.0
4.0
3.0
0.0
3.0
3.0
4.0
3.0
4.0
0.0
0.0
0.0
0.0
0.0
0.0
0.0
0.0
0.0
0.0
0.0
0.0
0.0
0.0
0.0
0.0
0.0
0.0
0.0

Topic 9
Mean 3.23076923077
Median 3.0
Sum 210.0
0.0
0.0
5.0
0.0
0.0
0.0
0.0
0.0
0.0
0.0
0.0
0.0
0.0
0.0
0.0
0.0
2.0
2.0
0.0
0.0
0.0
0.0
3.0
16.0
0.0
0.0
0.0
2.0
0.0
0.0
0.0
0.0
0.0
0.0
0.0
0.0
0.0
1.0
2.0
0.0
0.0
0.0
1.0
2.0
0.0
0.0
3.0
4.0
0.0
0.0
0.0
2.0
4.0
0.0
2.0
0.0
5.0
5.0
0.0
0.0
0.0
3.0
4.0
0.0
2.0
4.0
0.0
3.0
5.0
0.0
0.0
0.0
3.0
5.0
0.0
1.0
4.0
4.0
0.0
0.0
0.0
0.0
0.0
0.0
0.0
0.0
0.0
0.0
0.0
0.0
0.0
0.0
0.0
0.0
0.0
0.0
0.0
0.0
0.0
0.0
0.0
0.0
0.0
0.0
0.0
0.0
0.0
0.0
0.0
0.0
0.0
0.0
0.0
0.0
0.0
0.0
0.0
0.0
0.0
0.0
0.0
3.0
5.0
0.0
0.0
0.0
2.0
3.0
0.0
1.0
5.0
4.0
5.0
0.0
0.0
0.0
0.0
3.0
4.0
0.0
0.0
0.0
2.0
4.0
0.0
1.0
4.0
4.0
3.0
0.0
0.0
0.0
4.0
0.0
4.0
3.0
0.0
0.0
0.0
2.0
3.0
0.0
1.0
3.0
5.0
3.0
0.0
0.0
0.0
4.0
3.0
0.0
2.0
3.0
0.0
0.0
0.0
2.0
2.0
0.0
0.0
2.0
3.0
3.0
0.0
0.0
0.0
2.0
2.0
2.0

Topic 8
Mean 3.24210526316
Median 3.0
Sum 616.0
4.0
5.0
3.0
3.0
3.0
3.0
4.0
3.0
3.0
2.0
4.0
3.0
2.0
2.0
3.0
2.0
2.0
2.0
2.0
3.0
2.0
5.0
3.0
3.0
3.0
4.0
4.0
2.0
4.0
3.0
5.0
3.0
3.0
3.0
3.0
4.0
4.0
5.0
3.0
4.0
3.0
3.0
3.0
3.0
4.0
4.0
2.0
3.0
2.0
4.0
2.0
2.0
4.0
3.0
4.0
4.0
2.0
2.0
2.0
3.0
4.0
2.0
3.0
3.0
3.0
2.0
4.0
3.0
2.0
2.0
3.0
3.0
3.0
4.0
3.0
4.0
4.0
2.0
4.0
3.0
4.0
2.0
3.0
4.0
4.0
3.0
4.0
3.0
2.0
5.0
3.0
4.0
2.0
3.0
2.0
3.0
2.0
2.0
18.0
3.0
3.0
3.0
3.0
2.0
3.0
5.0
3.0
3.0
3.0
4.0
3.0
4.0
4.0
4.0
3.0
3.0
3.0
3.0
4.0
4.0
5.0
4.0
3.0
2.0
3.0
2.0
2.0
3.0
5.0
4.0
3.0
2.0
3.0
3.0
3.0
3.0
5.0
3.0
4.0
3.0
3.0
3.0
2.0
4.0
4.0
3.0
3.0
2.0
4.0
3.0
3.0
4.0
3.0
5.0
4.0
4.0
3.0
3.0
4.0
2.0
4.0
4.0
4.0
3.0
2.0
3.0
3.0
2.0
3.0
3.0
3.0
4.0
3.0
2.0
2.0
4.0
3.0
3.0
4.0
3.0
4.0
2.0
3.0
5.0
3.0
3.0
4.0
2.0
3.0
3.0

Topic 7
Mean 2.74556213018
Median 3.0
Sum 464.0
0.0
2.0
0.0
3.0
0.0
3.0
0.0
0.0
1.0
1.0
1.0
0.0
1.0
2.0
2.0
2.0
0.0
3.0
4.0
1.0
2.0
2.0
0.0
4.0
5.0
1.0
2.0
4.0
2.0
0.0
4.0
7.0
2.0
2.0
3.0
4.0
1.0
0.0
2.0
3.0
1.0
1.0
2.0
3.0
3.0
2.0
0.0
2.0
5.0
2.0
2.0
3.0
3.0
3.0
2.0
2.0
0.0
3.0
3.0
1.0
2.0
3.0
3.0
4.0
2.0
3.0
2.0
0.0
2.0
4.0
2.0
2.0
4.0
4.0
4.0
4.0
3.0
3.0
1.0
0.0
2.0
2.0
2.0
2.0
2.0
2.0
3.0
1.0
3.0
2.0
4.0
3.0
0.0
3.0
5.0
2.0
2.0
4.0
4.0
4.0
3.0
6.0
4.0
4.0
3.0
2.0
0.0
2.0
4.0
0.0
2.0
4.0
3.0
3.0
2.0
1.0
2.0
3.0
1.0
4.0
2.0
0.0
4.0
6.0
1.0
2.0
4.0
4.0
5.0
3.0
4.0
5.0
4.0
2.0
4.0
3.0
2.0
0.0
1.0
3.0
2.0
2.0
2.0
2.0
3.0
2.0
4.0
2.0
3.0
3.0
3.0
2.0
3.0
3.0
0.0
1.0
4.0
1.0
3.0
2.0
2.0
3.0
1.0
2.0
2.0
2.0
2.0
2.0
3.0
2.0
2.0
2.0
0.0
3.0
5.0
2.0
2.0
4.0
4.0
4.0
2.0
4.0
3.0
5.0
3.0
4.0
3.0
4.0
3.0
2.0

Topic 6
Mean 3.19852941176
Median 3.0
Sum 435.0
0.0
0.0
0.0
0.0
0.0
4.0
0.0
0.0
3.0
4.0
0.0
0.0
3.0
3.0
4.0
0.0
0.0
0.0
0.0
0.0
0.0
0.0
0.0
5.0
4.0
5.0
3.0
0.0
0.0
0.0
3.0
3.0
4.0
3.0
0.0
4.0
0.0
0.0
3.0
3.0
3.0
2.0
0.0
4.0
3.0
0.0
0.0
2.0
1.0
3.0
1.0
0.0
2.0
4.0
1.0
0.0
0.0
4.0
4.0
5.0
4.0
0.0
4.0
3.0
3.0
2.0
0.0
0.0
2.0
2.0
4.0
3.0
0.0
4.0
2.0
2.0
2.0
2.0
0.0
0.0
4.0
5.0
6.0
5.0
0.0
5.0
4.0
3.0
3.0
5.0
3.0
0.0
0.0
3.0
3.0
6.0
4.0
0.0
3.0
3.0
2.0
3.0
4.0
2.0
5.0
0.0
0.0
3.0
3.0
4.0
2.0
0.0
4.0
4.0
3.0
3.0
3.0
2.0
3.0
3.0
0.0
0.0
3.0
3.0
3.0
3.0
0.0
4.0
3.0
2.0
2.0
3.0
2.0
4.0
3.0
2.0
0.0
0.0
4.0
3.0
5.0
5.0
0.0
4.0
4.0
3.0
2.0
4.0
3.0
4.0
4.0
3.0
3.0
0.0
0.0
3.0
4.0
2.0
3.0
0.0
3.0
2.0
2.0
1.0
3.0
2.0
4.0
2.0
1.0
2.0
3.0
0.0
0.0
3.0
3.0
4.0
3.0
0.0
4.0
3.0
4.0
2.0
4.0
2.0
4.0
3.0
7.0
2.0
3.0
2.0

Topic 5
Mean 2.81382978723
Median 3.0
Sum 529.0
3.0
3.0
3.0
3.0
3.0
3.0
3.0
3.0
5.0
2.0
3.0
2.0
5.0
2.0
3.0
2.0
3.0
4.0
3.0
3.0
3.0
2.0
4.0
4.0
3.0
3.0
3.0
3.0
2.0
3.0
3.0
2.0
2.0
2.0
2.0
2.0
3.0
3.0
4.0
3.0
3.0
4.0
3.0
3.0
3.0
2.0
2.0
2.0
1.0
2.0
1.0
2.0
1.0
1.0
1.0
3.0
3.0
4.0
3.0
3.0
3.0
4.0
4.0
2.0
3.0
2.0
3.0
5.0
5.0
4.0
4.0
4.0
5.0
4.0
3.0
4.0
2.0
4.0
3.0
3.0
4.0
2.0
3.0
4.0
3.0
3.0
2.0
3.0
2.0
3.0
5.0
3.0
2.0
3.0
3.0
2.0
3.0
3.0
3.0
2.0
3.0
1.0
2.0
3.0
3.0
2.0
2.0
2.0
2.0
4.0
3.0
2.0
3.0
3.0
4.0
0.0
5.0
3.0
2.0
2.0
2.0
2.0
2.0
2.0
3.0
3.0
1.0
4.0
3.0
3.0
0.0
2.0
2.0
2.0
2.0
5.0
2.0
3.0
4.0
3.0
2.0
4.0
3.0
3.0
2.0
3.0
1.0
4.0
4.0
4.0
3.0
3.0
2.0
2.0
1.0
2.0
2.0
3.0
1.0
2.0
2.0
2.0
1.0
1.0
2.0
2.0
2.0
2.0
1.0
1.0
1.0
3.0
3.0
10.0
2.0
5.0
4.0
3.0
3.0
2.0
4.0
3.0
3.0
5.0
3.0
3.0
2.0
2.0
5.0
2.0

Topic 4
Mean 3.15204678363
Median 3.0
Sum 539.0
3.0
4.0
4.0
2.0
3.0
3.0
2.0
3.0
3.0
3.0
1.0
3.0
3.0
3.0
4.0
3.0
6.0
3.0
2.0
3.0
2.0
1.0
3.0
2.0
1.0
2.0
2.0
3.0
2.0
3.0
3.0
2.0
3.0
2.0
3.0
2.0
3.0
4.0
4.0
3.0
4.0
3.0
4.0
3.0
4.0
2.0
3.0
3.0
2.0
3.0
3.0
3.0
7.0
5.0
4.0
5.0
3.0
3.0
2.0
4.0
3.0
4.0
2.0
4.0
4.0
3.0
2.0
4.0
3.0
3.0
4.0
5.0
3.0
3.0
3.0
4.0
4.0
9.0
2.0
4.0
2.0
2.0
3.0
3.0
3.0
2.0
2.0
3.0
2.0
2.0
3.0
2.0
3.0
4.0
2.0
4.0
3.0
3.0
3.0
3.0
4.0
4.0
2.0
3.0
2.0
2.0
3.0
4.0
2.0
4.0
5.0
4.0
3.0
3.0
5.0
7.0
2.0
3.0
3.0
4.0
0.0
0.0
0.0
0.0
0.0
0.0
0.0
0.0
0.0
0.0
0.0
0.0
0.0
0.0
0.0
0.0
3.0
3.0
4.0
3.0
3.0
2.0
3.0
2.0
3.0
4.0
3.0
4.0
3.0
2.0
3.0
3.0
0.0
2.0
3.0
3.0
2.0
4.0
6.0
3.0
2.0
2.0
4.0
3.0
3.0
3.0
3.0
3.0
6.0
0.0
3.0
2.0
4.0
3.0
2.0
3.0
3.0
3.0
2.0
3.0
6.0
4.0
3.0
3.0
3.0
4.0
4.0
0.0
3.0
4.0

Topic 3
Mean 2.88235294118
Median 3.0
Sum 441.0
0.0
0.0
4.0
0.0
3.0
7.0
0.0
4.0
2.0
3.0
0.0
3.0
4.0
4.0
2.0
0.0
3.0
5.0
3.0
3.0
3.0
0.0
3.0
4.0
4.0
3.0
2.0
3.0
0.0
3.0
3.0
3.0
1.0
3.0
1.0
1.0
0.0
3.0
3.0
2.0
1.0
3.0
2.0
1.0
3.0
0.0
3.0
4.0
4.0
3.0
3.0
3.0
2.0
5.0
3.0
0.0
4.0
4.0
4.0
3.0
4.0
3.0
3.0
3.0
3.0
4.0
0.0
4.0
4.0
3.0
2.0
3.0
2.0
2.0
3.0
3.0
4.0
3.0
0.0
3.0
3.0
3.0
2.0
2.0
3.0
2.0
2.0
2.0
3.0
2.0
3.0
0.0
3.0
4.0
4.0
3.0
3.0
4.0
3.0
3.0
3.0
3.0
4.0
4.0
3.0
0.0
2.0
3.0
2.0
1.0
2.0
2.0
1.0
3.0
4.0
2.0
3.0
2.0
2.0
3.0
0.0
3.0
6.0
5.0
2.0
4.0
4.0
3.0
2.0
2.0
3.0
4.0
4.0
3.0
3.0
2.0
0.0
2.0
3.0
3.0
2.0
2.0
2.0
2.0
2.0
2.0
4.0
2.0
2.0
3.0
3.0
2.0
2.0
0.0
0.0
0.0
0.0
0.0
0.0
0.0
0.0
0.0
0.0
0.0
0.0
0.0
0.0
0.0
0.0
0.0
0.0
0.0
3.0
3.0
2.0
2.0
3.0
2.0
2.0
3.0
3.0
3.0
3.0
3.0
2.0
3.0
2.0
2.0
3.0
0.0

Topic 2
Mean 2.84090909091
Median 3.0
Sum 375.0
4.0
4.0
3.0
0.0
0.0
0.0
4.0
3.0
4.0
0.0
4.0
4.0
5.0
0.0
4.0
0.0
0.0
0.0
0.0
0.0
0.0
3.0
3.0
3.0
0.0
2.0
3.0
0.0
0.0
0.0
0.0
0.0
0.0
0.0
0.0
0.0
4.0
3.0
4.0
0.0
3.0
3.0
0.0
3.0
0.0
4.0
2.0
2.0
0.0
1.0
2.0
0.0
2.0
0.0
3.0
3.0
3.0
4.0
0.0
3.0
4.0
0.0
3.0
0.0
6.0
3.0
5.0
5.0
5.0
0.0
5.0
5.0
0.0
3.0
0.0
4.0
2.0
4.0
2.0
2.0
2.0
0.0
1.0
2.0
0.0
1.0
0.0
2.0
0.0
1.0
3.0
3.0
3.0
3.0
0.0
3.0
3.0
0.0
4.0
0.0
3.0
2.0
3.0
3.0
3.0
4.0
4.0
3.0
0.0
3.0
4.0
0.0
6.0
0.0
3.0
2.0
3.0
5.0
4.0
5.0
2.0
1.0
2.0
0.0
1.0
2.0
0.0
2.0
0.0
2.0
2.0
2.0
2.0
0.0
2.0
2.0
3.0
3.0
4.0
0.0
3.0
3.0
0.0
3.0
0.0
2.0
2.0
3.0
4.0
1.0
2.0
2.0
2.0
1.0
1.0
1.0
0.0
0.0
1.0
0.0
1.0
0.0
2.0
2.0
2.0
2.0
0.0
1.0
1.0
2.0
1.0
4.0
3.0
4.0
0.0
4.0
4.0
0.0
3.0
0.0
3.0
2.0
3.0
4.0
1.0
3.0
3.0
2.0
3.0
1.0

Topic 1
Mean 3.125
Median 3.0
Sum 425.0
0.0
4.0
0.0
2.0
0.0
2.0
0.0
0.0
0.0
0.0
3.0
0.0
3.0
2.0
0.0
3.0
0.0
2.0
3.0
0.0
3.0
4.0
0.0
3.0
4.0
0.0
4.0
4.0
3.0
0.0
2.0
1.0
0.0
4.0
2.0
2.0
5.0
0.0
3.0
2.0
0.0
3.0
2.0
4.0
1.0
0.0
0.0
0.0
0.0
0.0
0.0
0.0
0.0
0.0
0.0
2.0
0.0
2.0
4.0
0.0
3.0
4.0
4.0
3.0
3.0
0.0
4.0
0.0
4.0
3.0
0.0
3.0
4.0
4.0
2.0
3.0
0.0
8.0
4.0
0.0
4.0
3.0
0.0
3.0
3.0
4.0
3.0
3.0
0.0
4.0
3.0
7.0
0.0
5.0
3.0
0.0
4.0
4.0
5.0
2.0
3.0
0.0
4.0
5.0
4.0
3.0
0.0
2.0
2.0
0.0
2.0
2.0
3.0
2.0
3.0
0.0
2.0
3.0
3.0
3.0
3.0
0.0
4.0
3.0
0.0
4.0
3.0
4.0
3.0
4.0
0.0
3.0
3.0
4.0
5.0
4.0
3.0
0.0
3.0
2.0
0.0
3.0
3.0
4.0
3.0
2.0
0.0
3.0
3.0
4.0
4.0
3.0
4.0
2.0
0.0
3.0
3.0
0.0
3.0
3.0
4.0
2.0
3.0
0.0
4.0
5.0
5.0
4.0
4.0
5.0
4.0
2.0
0.0
1.0
2.0
0.0
2.0
2.0
2.0
1.0
2.0
0.0
2.0
2.0
2.0
2.0
2.0
2.0
2.0
2.0

