Topic 6
Mean 0.510470422987
Median 0.5
Sum 10.7198788827
0.0
0.0
0.0
0.0
0.0
0.428571428571
0.0
0.0
0.461538461538
0.615384615385
0.0
0.0
0.705882352941
0.4
0.555555555556
0.0
0.0
0.0
0.0
0.0
0.0
0.0
0.0
0.307692307692
0.769230769231
0.333333333333
0.333333333333
0.0
0.0
0.0
0.571428571429
0.631578947368
0.5
0.555555555556
0.0
0.428571428571
0.0
0.0
0.4
0.666666666667
0.444444444444
0.444444444444
0.0
0.666666666667
0.5

Topic 3
Mean 0.466067533499
Median 0.5
Sum 16.778431206
0.0
0.0
0.615384615385
0.0
0.5
0.947368421053
0.0
0.666666666667
0.5
0.266666666667
0.0
0.307692307692
0.307692307692
0.533333333333
0.25
0.0
0.75
0.875
0.636363636364
0.555555555556
0.25
0.0
0.6
0.545454545455
0.347826086957
0.125
0.142857142857
0.470588235294
0.0
0.333333333333
0.615384615385
0.666666666667
0.266666666667
0.571428571429
0.266666666667
0.153846153846
0.0
0.571428571429
0.5
0.666666666667
0.266666666667
0.571428571429
0.266666666667
0.153846153846
0.714285714286

Topic 8
Mean 0.483001918962
Median 0.444444444444
Sum 21.7350863533
0.5
0.4
0.875
0.333333333333
0.363636363636
0.285714285714
0.666666666667
0.363636363636
0.285714285714
0.333333333333
0.307692307692
0.666666666667
0.266666666667
0.823529411765
0.307692307692
0.588235294118
0.285714285714
0.235294117647
0.266666666667
0.555555555556
0.25
0.555555555556
0.363636363636
0.285714285714
0.461538461538
0.714285714286
0.307692307692
0.444444444444
0.714285714286
0.5
0.4
0.461538461538
0.705882352941
0.4
0.315789473684
0.777777777778
0.588235294118
0.75
0.307692307692
0.833333333333
0.588235294118
0.571428571429
0.333333333333
0.666666666667
0.727272727273

Topic 4
Mean 0.47029420337
Median 0.444444444444
Sum 21.1632391516
0.4
0.8
0.285714285714
0.588235294118
0.428571428571
0.142857142857
0.333333333333
0.235294117647
0.444444444444
0.142857142857
0.315789473684
0.285714285714
0.421052631579
0.25
0.631578947368
0.555555555556
0.888888888889
0.526315789474
0.588235294118
0.421052631579
0.4
0.352941176471
0.4
0.625
0.307692307692
0.631578947368
0.6
0.588235294118
0.272727272727
0.352941176471
0.380952380952
0.222222222222
0.571428571429
0.545454545455
0.363636363636
0.545454545455
0.625
0.705882352941
0.588235294118
0.666666666667
0.470588235294
0.444444444444
0.75
0.666666666667
0.4

Topic 1
Mean 0.476844831882
Median 0.444444444444
Sum 13.3516552927
0.0
0.428571428571
0.0
0.875
0.0
0.307692307692
0.0
0.0
0.0
0.0
0.5
0.0
0.285714285714
0.444444444444
0.0
0.5
0.0
0.363636363636
0.5
0.0
0.666666666667
0.923076923077
0.0
0.4
0.545454545455
0.0
0.4
0.444444444444
0.266666666667
0.0
0.235294117647
0.285714285714
0.0
0.666666666667
0.5
0.266666666667
0.571428571429
0.0
0.375
0.833333333333
0.0
0.521739130435
0.444444444444
0.533333333333
0.266666666667

Topic 2
Mean 0.393129782571
Median 0.4
Sum 8.25572543399
0.285714285714
0.5
0.285714285714
0.0
0.0
0.0
0.4
0.333333333333
0.266666666667
0.0
0.5
0.4
0.307692307692
0.0
0.4
0.0
0.0
0.0
0.0
0.0
0.0
0.4
0.375
0.333333333333
0.0
0.347826086957
0.428571428571
0.0
0.0
0.0
0.0
0.0
0.0
0.0
0.0
0.0
0.4
0.285714285714
0.533333333333
0.0
0.5
0.625
0.0
0.347826086957
0.0

Topic 0
Mean 0.478065126594
Median 0.4
Sum 10.0393676585
0.0
0.0
0.0
0.0
0.0
0.333333333333
0.0
0.0
0.705882352941
0.25
0.0
0.0
0.333333333333
0.5
0.25
0.0
0.0
0.0
0.0
0.0
0.0
0.0
0.0
0.769230769231
0.333333333333
0.636363636364
0.4
0.0
0.0
0.0
0.555555555556
0.333333333333
0.25
0.333333333333
0.0
0.555555555556
0.0
0.0
0.705882352941
0.307692307692
1.0
0.4
0.0
0.625
0.461538461538

Topic 5
Mean 0.395765728599
Median 0.352941176471
Sum 17.8094577869
0.375
0.333333333333
0.285714285714
0.8
0.375
0.285714285714
0.5
0.352941176471
0.266666666667
0.777777777778
0.545454545455
0.235294117647
0.266666666667
0.285714285714
0.6
0.347826086957
0.333333333333
0.266666666667
0.421052631579
0.421052631579
0.421052631579
0.307692307692
0.266666666667
0.615384615385
0.266666666667
0.25
0.5
0.25
0.4
0.153846153846
0.181818181818
0.333333333333
0.444444444444
0.5
0.588235294118
0.166666666667
0.347826086957
0.285714285714
0.533333333333
0.285714285714
0.380952380952
0.5
0.5
0.666666666667
0.588235294118

Topic 7
Mean 0.372710201019
Median 0.307692307692
Sum 13.4175672367
0.0
0.25
0.0
0.428571428571
0.0
0.285714285714
0.375
0.0
0.25
0.714285714286
0.375
0.0
0.25
0.714285714286
0.875
0.133333333333
0.0
0.166666666667
0.2
0.166666666667
0.166666666667
0.266666666667
0.0
0.4
0.307692307692
0.266666666667
0.266666666667
0.461538461538
0.461538461538
0.0
0.307692307692
0.545454545455
0.461538461538
0.461538461538
0.714285714286
0.666666666667
0.235294117647
0.0
0.235294117647
0.266666666667
0.235294117647
0.235294117647
0.4
0.470588235294
0.4

Topic 9
Mean 0.354558700673
Median 0.27619047619
Sum 3.54558700673
0.0
0.0
0.352941176471
0.0
0.0
0.0
0.0
0.0
0.0
0.0
0.0
0.0
0.0
0.0
0.0
0.0
0.235294117647
0.375
0.0
0.0
0.0
0.0
0.222222222222
1.0
0.0
0.0
0.0
0.375
0.0
0.0
0.0
0.0
0.0
0.0
0.0
0.0
0.0
0.210526315789
0.222222222222
0.0
0.0
0.0
0.285714285714
0.266666666667
0.0

