Topic 0
Mean 0.503596633497
Median 0.473389355742
Sum 52.3740498837
0.0
0.0
0.0
0.0
0.0
0.333333333333
0.0
0.0
0.705882352941
0.25
0.0
0.0
0.333333333333
0.5
0.25
0.0
0.0
0.0
0.0
0.0
0.0
0.0
0.0
0.769230769231
0.333333333333
0.636363636364
0.4
0.0
0.0
0.0
0.555555555556
0.333333333333
0.25
0.333333333333
0.0
0.555555555556
0.0
0.0
0.705882352941
0.307692307692
1.0
0.4
0.0
0.625
0.461538461538
0.0
0.0
0.461538461538
0.833333333333
0.625
0.545454545455
0.0
0.461538461538
0.4
0.352941176471
0.0
0.0
0.526315789474
0.235294117647
0.352941176471
0.235294117647
0.0
0.631578947368
0.47619047619
0.222222222222
0.666666666667
0.0
0.0
0.0
0.0
0.0
0.0
0.0
0.0
0.0
0.0
0.0
0.0
0.0
0.0
0.222222222222
0.222222222222
0.5
0.5
0.0
0.4
0.222222222222
0.4
0.4
0.153846153846
0.0
0.0
0.0
0.4
0.769230769231
0.470588235294
0.333333333333
0.0
0.5
0.615384615385
0.428571428571
0.666666666667
0.315789473684
0.0
0.285714285714
0.0
0.0
0.705882352941
0.25
1.0
0.4
0.0
0.625
0.25
1.0
0.352941176471
0.190476190476
0.0
0.4
0.25
0.0
0.0
0.857142857143
0.545454545455
0.823529411765
0.727272727273
0.0
0.769230769231
0.461538461538
1.0
0.6
0.25
0.0
0.666666666667
0.428571428571
1.0
0.0
0.0
0.666666666667
0.363636363636
0.363636363636
0.363636363636
0.0
0.8
0.666666666667
0.461538461538
0.571428571429
0.666666666667
0.0
0.0
0.615384615385
0.266666666667
0.461538461538
0.0
0.0
0.571428571429
0.4
0.555555555556
0.5
0.0
0.6
0.714285714286
0.615384615385
0.736842105263
0.285714285714
0.0
0.5
0.571428571429
0.4
0.615384615385
0.615384615385
0.0
0.0
0.0
0.0
0.0
0.0
0.0
0.0
0.0
0.0
0.0
0.0
0.0
0.0
0.0
0.0
0.0
0.0
0.0

Topic 8
Mean 0.491434052575
Median 0.5
Sum 85.5095251481
0.5
0.4
0.875
0.333333333333
0.363636363636
0.285714285714
0.666666666667
0.363636363636
0.285714285714
0.333333333333
0.307692307692
0.666666666667
0.266666666667
0.823529411765
0.307692307692
0.588235294118
0.285714285714
0.235294117647
0.266666666667
0.555555555556
0.25
0.555555555556
0.363636363636
0.285714285714
0.461538461538
0.714285714286
0.307692307692
0.444444444444
0.714285714286
0.5
0.4
0.461538461538
0.705882352941
0.4
0.315789473684
0.777777777778
0.588235294118
0.75
0.307692307692
0.833333333333
0.588235294118
0.571428571429
0.333333333333
0.666666666667
0.727272727273
0.588235294118
0.285714285714
0.235294117647
0.266666666667
0.666666666667
0.25
0.555555555556
0.352941176471
0.421052631579
0.631578947368
0.571428571429
0.5
0.4
0.777777777778
0.307692307692
0.933333333333
0.25
0.307692307692
0.571428571429
0.4
0.25
0.0
0.4
0.0
0.0
0.0
0.0
0.0
0.4
0.5
0.0
0.0
0.0
0.666666666667
0.333333333333
0.266666666667
0.307692307692
0.666666666667
0.285714285714
0.875
0.666666666667
0.588235294118
0.555555555556
0.625
0.285714285714
0.0
0.428571428571
0.153846153846
0.125
0.142857142857
0.333333333333
0.133333333333
0.444444444444
1.0
0.352941176471
0.375
0.352941176471
0.133333333333
0.0
0.133333333333
0.545454545455
0.545454545455
0.428571428571
0.333333333333
0.4
0.307692307692
0.625
0.615384615385
0.461538461538
0.631578947368
0.6
0.461538461538
0.0
0.307692307692
0.615384615385
0.96
0.5
0.307692307692
0.5
0.588235294118
0.5
0.777777777778
0.5
0.526315789474
0.631578947368
0.6
0.5
0.0
0.666666666667
0.5
0.714285714286
0.6
0.375
0.285714285714
0.333333333333
0.571428571429
0.352941176471
0.428571428571
0.615384615385
0.761904761905
0.5
0.461538461538
0.307692307692
0.0
0.571428571429
0.5
0.666666666667
0.5
0.714285714286
0.842105263158
0.4
0.363636363636
0.8
0.615384615385
0.571428571429
0.666666666667
0.857142857143
0.615384615385
0.571428571429
0.571428571429
0.0
0.666666666667
0.153846153846
0.461538461538
0.615384615385
0.545454545455
0.555555555556
0.461538461538
0.307692307692
0.363636363636
0.714285714286
0.444444444444
0.428571428571
0.8
0.705882352941
0.705882352941
0.428571428571
0.333333333333
0.0
0.666666666667
0.153846153846
0.363636363636
0.533333333333
0.571428571429
0.666666666667

Topic 1
Mean 0.479498973782
Median 0.444444444444
Sum 59.457872749
0.0
0.428571428571
0.0
0.875
0.0
0.307692307692
0.0
0.0
0.0
0.0
0.5
0.0
0.285714285714
0.444444444444
0.0
0.5
0.0
0.363636363636
0.5
0.0
0.666666666667
0.923076923077
0.0
0.4
0.545454545455
0.0
0.4
0.444444444444
0.266666666667
0.0
0.235294117647
0.285714285714
0.0
0.666666666667
0.5
0.266666666667
0.571428571429
0.0
0.375
0.833333333333
0.0
0.521739130435
0.444444444444
0.533333333333
0.266666666667
0.0
0.0
0.0
0.0
0.0
0.0
0.0
0.0
0.0
0.0
0.521739130435
0.0
0.285714285714
0.909090909091
0.0
0.6
0.444444444444
0.6
0.266666666667
0.769230769231
0.0
0.875
0.0
0.285714285714
0.909090909091
0.0
0.333333333333
0.444444444444
0.5
0.266666666667
0.769230769231
0.0
1.0
0.285714285714
0.0
0.125
0.153846153846
0.0
0.352941176471
0.307692307692
0.333333333333
0.117647058824
0.4
0.0
0.5
0.142857142857
0.947368421053
0.0
0.4
0.75
0.0
0.615384615385
0.666666666667
0.761904761905
0.5
0.533333333333
0.0
0.631578947368
0.4
0.4
0.571428571429
0.0
0.375
0.571428571429
0.0
0.285714285714
0.363636363636
0.533333333333
0.235294117647
0.625
0.0
0.5
0.4
0.4
0.533333333333
0.705882352941
0.0
0.285714285714
0.714285714286
0.0
0.666666666667
0.5
0.526315789474
0.266666666667
0.615384615385
0.0
0.526315789474
0.714285714286
0.5
0.923076923077
0.5
0.434782608696
0.0
0.333333333333
0.4
0.0
0.4
0.615384615385
0.5
0.222222222222
0.347826086957
0.0
0.5
0.4
0.333333333333
0.571428571429
0.333333333333
0.526315789474
0.571428571429
0.0
0.222222222222
0.571428571429
0.0
0.285714285714
0.4
0.4
0.210526315789
0.4
0.0
0.5
0.571428571429
0.111111111111
0.4
0.4
1.0
0.4
0.0
0.0
0.0
0.5
0.0
0.0
0.0
0.0
0.0
0.4
0.0
0.5
0.0
0.0
0.0
0.4
0.0
0.0
0.0

Topic 4
Mean 0.467026426582
Median 0.428571428571
Sum 74.2572018266
0.4
0.8
0.285714285714
0.588235294118
0.428571428571
0.142857142857
0.333333333333
0.235294117647
0.444444444444
0.142857142857
0.315789473684
0.285714285714
0.421052631579
0.25
0.631578947368
0.555555555556
0.888888888889
0.526315789474
0.588235294118
0.421052631579
0.4
0.352941176471
0.4
0.625
0.307692307692
0.631578947368
0.6
0.588235294118
0.272727272727
0.352941176471
0.380952380952
0.222222222222
0.571428571429
0.545454545455
0.363636363636
0.545454545455
0.625
0.705882352941
0.588235294118
0.666666666667
0.470588235294
0.444444444444
0.75
0.666666666667
0.4
0.352941176471
0.4
0.625
0.166666666667
0.5
0.470588235294
0.588235294118
0.857142857143
0.421052631579
0.666666666667
0.888888888889
0.555555555556
0.888888888889
0.625
0.4
0.352941176471
0.588235294118
0.461538461538
0.3
0.8
0.4
0.888888888889
0.727272727273
0.888888888889
0.625
0.428571428571
0.4
0.727272727273
0.461538461538
0.333333333333
0.8
0.461538461538
1.0
0.266666666667
0.666666666667
0.166666666667
0.285714285714
0.166666666667
0.428571428571
0.714285714286
0.727272727273
0.421052631579
0.625
0.153846153846
0.727272727273
0.363636363636
0.235294117647
0.333333333333
0.222222222222
0.25
0.333333333333
0.25
0.285714285714
0.352941176471
0.222222222222
0.285714285714
0.285714285714
0.666666666667
0.307692307692
0.533333333333
0.0
0.0
0.285714285714
0.0
0.0
0.0
0.4
0.0
0.0
0.4
0.0
0.4
0.0
0.0
0.333333333333
0.0
0.0
0.0
0.0
0.0
0.0
0.0
0.0
0.0
0.0
0.0
0.0
0.0
0.0
0.0
0.0
0.3
0.777777777778
0.4
0.222222222222
0.909090909091
0.571428571429
0.705882352941
0.571428571429
0.521739130435
0.631578947368
0.444444444444
0.333333333333
0.375
0.588235294118
0.285714285714
0.4
0.0
0.333333333333
0.235294117647
0.444444444444
0.142857142857
0.666666666667
0.631578947368
0.421052631579
0.631578947368
0.571428571429
0.470588235294
0.5
0.375
0.428571428571
0.166666666667
0.142857142857
0.0
0.0
0.6
0.210526315789
0.571428571429
0.285714285714
0.222222222222
0.5
0.222222222222
0.6
0.666666666667
0.4
0.545454545455
0.4
0.4
0.266666666667
0.5
0.333333333333
0.0
0.0
0.521739130435
0.5

Topic 6
Mean 0.465821126568
Median 0.428571428571
Sum 62.8858520867
0.0
0.0
0.0
0.0
0.0
0.428571428571
0.0
0.0
0.461538461538
0.615384615385
0.0
0.0
0.705882352941
0.4
0.555555555556
0.0
0.0
0.0
0.0
0.0
0.0
0.0
0.0
0.307692307692
0.769230769231
0.333333333333
0.333333333333
0.0
0.0
0.0
0.571428571429
0.631578947368
0.5
0.555555555556
0.0
0.428571428571
0.0
0.0
0.4
0.666666666667
0.444444444444
0.444444444444
0.0
0.666666666667
0.5
0.0
0.0
0.285714285714
0.307692307692
0.307692307692
0.307692307692
0.0
0.461538461538
0.8
0.4
0.0
0.0
0.4
0.333333333333
0.333333333333
0.333333333333
0.0
0.5
0.5
0.444444444444
0.533333333333
0.0
0.0
0.444444444444
0.285714285714
0.285714285714
0.714285714286
0.0
0.285714285714
0.444444444444
0.363636363636
0.266666666667
0.4
0.0
0.0
0.869565217391
0.8
0.47619047619
0.714285714286
0.0
0.571428571429
0.588235294118
0.666666666667
0.307692307692
0.4
0.8
0.0
0.0
0.333333333333
0.285714285714
0.285714285714
0.428571428571
0.0
0.285714285714
0.307692307692
0.363636363636
0.266666666667
0.285714285714
0.375
0.4
0.0
0.0
0.333333333333
0.769230769231
0.842105263158
0.666666666667
0.0
0.666666666667
0.588235294118
0.75
0.333333333333
0.363636363636
0.307692307692
0.666666666667
0.307692307692
0.0
0.0
0.4
0.285714285714
0.222222222222
0.222222222222
0.0
0.222222222222
0.571428571429
0.285714285714
0.2
0.5
0.5
0.5
0.181818181818
0.0
0.0
0.0
0.625
0.5
0.555555555556
0.769230769231
0.0
0.333333333333
0.555555555556
0.5
0.307692307692
0.4
0.571428571429
0.769230769231
0.428571428571
0.8
0.4
0.0
0.0
0.25
0.666666666667
0.266666666667
0.266666666667
0.0
0.533333333333
0.285714285714
0.5
0.25
0.266666666667
0.235294117647
0.588235294118
0.235294117647
0.875
0.166666666667
0.266666666667
0.0
0.0
0.333333333333
0.666666666667
0.588235294118
0.666666666667
0.0
0.533333333333
0.588235294118
0.666666666667
0.307692307692
0.4
0.333333333333
0.666666666667
0.285714285714
0.857142857143
0.4
0.8
0.666666666667

Topic 9
Mean 0.444436608752
Median 0.375
Sum 29.3328161776
0.0
0.0
0.352941176471
0.0
0.0
0.0
0.0
0.0
0.0
0.0
0.0
0.0
0.0
0.0
0.0
0.0
0.235294117647
0.375
0.0
0.0
0.0
0.0
0.222222222222
1.0
0.0
0.0
0.0
0.375
0.0
0.0
0.0
0.0
0.0
0.0
0.0
0.0
0.0
0.210526315789
0.222222222222
0.0
0.0
0.0
0.285714285714
0.266666666667
0.0
0.0
0.285714285714
0.555555555556
0.0
0.0
0.0
0.333333333333
0.615384615385
0.0
0.352941176471
0.0
0.526315789474
0.7
0.0
0.0
0.0
0.363636363636
0.4
0.0
0.428571428571
0.857142857143
0.0
0.235294117647
0.25
0.0
0.0
0.0
0.333333333333
0.307692307692
0.0
0.714285714286
0.4
0.5
0.0
0.0
0.0
0.0
0.0
0.0
0.0
0.0
0.0
0.0
0.0
0.0
0.0
0.0
0.0
0.0
0.0
0.0
0.0
0.0
0.0
0.0
0.0
0.0
0.0
0.0
0.0
0.0
0.0
0.0
0.0
0.0
0.0
0.0
0.0
0.0
0.0
0.0
0.0
0.0
0.0
0.0
0.0
0.235294117647
0.952380952381
0.0
0.0
0.0
0.375
0.952380952381
0.0
0.428571428571
0.4
0.833333333333
0.5
0.0
0.0
0.0
0.0
0.3
0.444444444444
0.0
0.0
0.0
0.142857142857
0.133333333333
0.0
0.125
0.363636363636
0.363636363636
0.142857142857
0.0
0.0
0.0
0.142857142857
0.0
0.526315789474
0.705882352941
0.0
0.0
0.0
0.5
0.705882352941
0.0
0.285714285714
0.571428571429
0.625
0.333333333333
0.0
0.0
0.0
0.666666666667
0.285714285714
0.0
0.190476190476
0.857142857143
0.0
0.0
0.0
0.375
0.666666666667
0.0
0.222222222222
0.6
0.6
0.25
0.0
0.0
0.0
0.8
0.4
0.625

Topic 3
Mean 0.441436063164
Median 0.4
Sum 66.6568455378
0.0
0.0
0.615384615385
0.0
0.5
0.947368421053
0.0
0.666666666667
0.5
0.266666666667
0.0
0.307692307692
0.307692307692
0.533333333333
0.25
0.0
0.75
0.875
0.636363636364
0.555555555556
0.25
0.0
0.6
0.545454545455
0.347826086957
0.125
0.142857142857
0.470588235294
0.0
0.333333333333
0.615384615385
0.666666666667
0.266666666667
0.571428571429
0.266666666667
0.153846153846
0.0
0.571428571429
0.5
0.666666666667
0.266666666667
0.571428571429
0.266666666667
0.153846153846
0.714285714286
0.0
0.285714285714
0.8
0.4
0.166666666667
0.0
0.4
0.181818181818
0.222222222222
0.0
0.0
0.923076923077
0.727272727273
0.545454545455
0.666666666667
0.375
0.8
0.571428571429
0.545454545455
0.545454545455
0.285714285714
0.0
0.631578947368
0.571428571429
0.363636363636
0.210526315789
0.235294117647
0.5
0.631578947368
0.25
0.375
0.5
0.615384615385
0.0
0.5
0.333333333333
0.526315789474
0.210526315789
0.470588235294
0.333333333333
0.117647058824
0.555555555556
0.555555555556
0.4
0.315789473684
0.2
0.0
0.352941176471
0.4
0.285714285714
0.117647058824
0.133333333333
0.4
0.352941176471
0.142857142857
0.142857142857
0.5
0.5
0.375
0.111111111111
0.0
0.444444444444
0.75
0.875
0.285714285714
0.571428571429
0.571428571429
0.166666666667
0.714285714286
0.857142857143
0.5
0.4
0.4
0.555555555556
0.153846153846
0.0
0.333333333333
0.869565217391
0.588235294118
0.266666666667
0.307692307692
0.266666666667
0.153846153846
0.625
0.375
0.222222222222
0.727272727273
0.25
0.25
0.142857142857
0.363636363636
0.0
0.285714285714
0.533333333333
0.571428571429
0.235294117647
0.266666666667
0.5
0.166666666667
0.857142857143
0.428571428571
0.4
0.461538461538
0.4
0.333333333333
0.4
0.571428571429
0.555555555556
0.0
0.0
0.0
0.0
0.0
0.0
0.0
0.0
0.0
0.0
0.0
0.0
0.0
0.0
0.0
0.0
0.0
0.0
0.0
0.545454545455
0.5
0.533333333333
0.235294117647
0.266666666667
0.421052631579
0.545454545455
0.666666666667
0.4
0.333333333333
0.5
0.571428571429
0.666666666667
0.315789473684
0.333333333333
0.842105263158
0.588235294118
0.0

Topic 5
Mean 0.425573337624
Median 0.4
Sum 80.8589341485
0.375
0.333333333333
0.285714285714
0.8
0.375
0.285714285714
0.5
0.352941176471
0.266666666667
0.777777777778
0.545454545455
0.235294117647
0.266666666667
0.285714285714
0.6
0.347826086957
0.333333333333
0.266666666667
0.421052631579
0.421052631579
0.421052631579
0.307692307692
0.266666666667
0.615384615385
0.266666666667
0.25
0.5
0.25
0.4
0.153846153846
0.181818181818
0.333333333333
0.444444444444
0.5
0.588235294118
0.166666666667
0.347826086957
0.285714285714
0.533333333333
0.285714285714
0.380952380952
0.5
0.5
0.666666666667
0.588235294118
0.5
0.375
0.5
0.625
0.352941176471
0.266666666667
0.333333333333
0.347826086957
0.153846153846
0.333333333333
0.4
0.166666666667
0.2
0.4
0.444444444444
0.5
0.588235294118
0.142857142857
0.714285714286
0.588235294118
0.153846153846
0.533333333333
0.4
0.571428571429
0.666666666667
0.421052631579
0.470588235294
0.555555555556
0.666666666667
0.705882352941
0.666666666667
0.666666666667
0.666666666667
0.521739130435
0.285714285714
0.769230769231
0.4
0.571428571429
0.631578947368
0.4
0.769230769231
0.470588235294
0.666666666667
0.333333333333
0.470588235294
0.8
0.615384615385
0.428571428571
0.333333333333
0.533333333333
0.4
0.5
0.375
0.666666666667
0.153846153846
0.714285714286
0.608695652174
0.153846153846
0.555555555556
0.571428571429
0.307692307692
0.111111111111
0.125
0.222222222222
0.833333333333
0.363636363636
0.347826086957
0.117647058824
0.4
0.347826086957
0.125
0.4
0.380952380952
0.347826086957
0.125
0.272727272727
0.235294117647
0.533333333333
0.235294117647
0.285714285714
0.333333333333
0.3
0.875
0.352941176471
0.555555555556
0.266666666667
0.352941176471
0.588235294118
0.666666666667
0.266666666667
0.8
0.363636363636
0.307692307692
0.571428571429
0.307692307692
0.352941176471
0.428571428571
0.375
0.666666666667
0.461538461538
0.727272727273
0.363636363636
0.461538461538
0.625
0.8
0.363636363636
0.888888888889
0.888888888889
0.266666666667
0.235294117647
0.4
0.235294117647
0.222222222222
0.222222222222
0.222222222222
0.375
0.125
0.4
0.266666666667
0.125
0.4
0.4
0.266666666667
0.105263157895
0.333333333333
0.428571428571
0.521739130435
0.307692307692
0.833333333333
0.4
0.571428571429
0.631578947368
0.4
0.333333333333
0.470588235294
0.4
0.545454545455
0.470588235294
0.444444444444
0.6
0.533333333333
0.347826086957
0.315789473684
0.4
0.285714285714

Topic 2
Mean 0.417691693626
Median 0.4
Sum 55.5529952522
0.285714285714
0.5
0.285714285714
0.0
0.0
0.0
0.4
0.333333333333
0.266666666667
0.0
0.5
0.4
0.307692307692
0.0
0.4
0.0
0.0
0.0
0.0
0.0
0.0
0.4
0.375
0.333333333333
0.0
0.347826086957
0.428571428571
0.0
0.0
0.0
0.0
0.0
0.0
0.0
0.0
0.0
0.4
0.285714285714
0.533333333333
0.0
0.5
0.625
0.0
0.347826086957
0.0
0.266666666667
0.235294117647
0.533333333333
0.0
0.3
0.375
0.0
0.272727272727
0.0
0.555555555556
0.5
0.285714285714
0.5
0.0
0.4
0.588235294118
0.0
0.4
0.0
0.888888888889
0.4
0.4
0.4
0.571428571429
0.0
0.555555555556
0.833333333333
0.0
0.533333333333
0.0
0.666666666667
0.588235294118
0.75
0.25
0.222222222222
0.25
0.0
0.210526315789
0.666666666667
0.0
0.375
0.0
0.25
0.210526315789
0.25
0.25
0.727272727273
0.307692307692
0.545454545455
0.0
0.363636363636
0.947368421053
0.0
0.461538461538
0.0
0.625
0.285714285714
0.588235294118
0.5
0.705882352941
0.666666666667
0.428571428571
0.461538461538
0.0
0.375
0.75
0.0
0.571428571429
0.0
0.333333333333
0.266666666667
0.333333333333
0.615384615385
0.666666666667
0.8
0.428571428571
0.25
0.714285714286
0.0
0.235294117647
0.266666666667
0.0
0.285714285714
0.0
0.285714285714
0.235294117647
0.285714285714
0.285714285714
0.222222222222
0.461538461538
0.4
0.5
0.181818181818
0.222222222222
0.0
0.4
0.5
0.0
0.4
0.0
0.4
0.0
0.5
0.5
0.5
0.4
0.222222222222
0.0
0.428571428571
0.25
0.714285714286
0.0
0.235294117647
0.266666666667
0.0
0.285714285714
0.0
0.285714285714
0.235294117647
0.285714285714
0.285714285714
0.222222222222
0.461538461538
0.4
0.875
0.0
0.4
0.166666666667
0.2
0.0
0.588235294118
0.461538461538
0.0
0.4
0.0
0.588235294118
0.352941176471
0.4
0.666666666667
0.4
0.363636363636
0.2
0.166666666667
0.4
0.166666666667

Topic 7
Mean 0.413701237894
Median 0.375
Sum 70.7429116799
0.0
0.25
0.0
0.428571428571
0.0
0.285714285714
0.375
0.0
0.25
0.714285714286
0.375
0.0
0.25
0.714285714286
0.875
0.133333333333
0.0
0.166666666667
0.2
0.166666666667
0.166666666667
0.266666666667
0.0
0.4
0.307692307692
0.266666666667
0.266666666667
0.461538461538
0.461538461538
0.0
0.307692307692
0.545454545455
0.461538461538
0.461538461538
0.714285714286
0.666666666667
0.235294117647
0.0
0.235294117647
0.266666666667
0.235294117647
0.235294117647
0.4
0.470588235294
0.4
0.375
0.0
0.315789473684
0.428571428571
0.375
0.375
0.285714285714
0.333333333333
0.461538461538
0.666666666667
0.285714285714
0.0
0.375
0.333333333333
0.285714285714
0.285714285714
0.4
0.428571428571
0.461538461538
0.461538461538
0.315789473684
0.266666666667
0.0
0.3
0.307692307692
0.266666666667
0.266666666667
0.4
0.4
0.4
0.923076923077
0.666666666667
0.461538461538
0.235294117647
0.0
0.235294117647
0.533333333333
0.235294117647
0.235294117647
0.352941176471
0.375
0.352941176471
0.260869565217
0.235294117647
0.272727272727
0.260869565217
0.875
0.0
0.375
0.428571428571
0.375
0.375
0.444444444444
0.625
0.461538461538
0.933333333333
0.705882352941
0.5
0.933333333333
0.285714285714
0.428571428571
0.0
0.285714285714
0.833333333333
0.714285714286
0.714285714286
0.153846153846
0.307692307692
0.545454545455
0.266666666667
0.428571428571
0.333333333333
0.307692307692
0.266666666667
0.428571428571
0.285714285714
0.0
0.285714285714
0.333333333333
0.285714285714
0.285714285714
0.285714285714
0.625
0.769230769231
0.266666666667
0.285714285714
0.615384615385
0.470588235294
0.266666666667
0.333333333333
0.333333333333
0.235294117647
0.0
0.235294117647
0.533333333333
0.235294117647
0.235294117647
0.4
0.428571428571
0.4
0.285714285714
0.266666666667
0.3
0.363636363636
0.777777777778
0.315789473684
0.266666666667
0.421052631579
0.461538461538
0.0
0.307692307692
0.833333333333
0.857142857143
0.857142857143
0.166666666667
0.333333333333
0.6
0.285714285714
0.461538461538
0.363636363636
0.333333333333
0.285714285714
0.461538461538
0.833333333333
0.363636363636
0.285714285714
0.307692307692
0.0
0.307692307692
0.545454545455
0.307692307692
0.307692307692
0.625
0.461538461538
0.916666666667
0.666666666667
0.375
0.571428571429
0.8
0.428571428571
0.666666666667
0.363636363636
0.5
0.428571428571
0.4

