Topic 3
Mean 0.582681061629
Median 0.557692307693
Sum 3.49608636977
0.0
0.0
0.615384615385
0.0
0.5
0.947368421053
0.0
0.666666666667
0.5
0.266666666667

Topic 6
Mean 0.501831501831
Median 0.461538461538
Sum 1.50549450549
0.0
0.0
0.0
0.0
0.0
0.428571428571
0.0
0.0
0.461538461538
0.615384615385

Topic 1
Mean 0.537087912088
Median 0.428571428571
Sum 1.61126373626
0.0
0.428571428571
0.0
0.875
0.0
0.307692307692
0.0
0.0
0.0
0.0

Topic 4
Mean 0.380130718954
Median 0.366666666667
Sum 3.80130718954
0.4
0.8
0.285714285714
0.588235294118
0.428571428571
0.142857142857
0.333333333333
0.235294117647
0.444444444444
0.142857142857

Topic 5
Mean 0.435214752568
Median 0.363970588235
Sum 4.35214752568
0.375
0.333333333333
0.285714285714
0.8
0.375
0.285714285714
0.5
0.352941176471
0.266666666667
0.777777777778

Topic 8
Mean 0.440703463203
Median 0.363636363636
Sum 4.40703463203
0.5
0.4
0.875
0.333333333333
0.363636363636
0.285714285714
0.666666666667
0.363636363636
0.285714285714
0.333333333333

Topic 9
Mean 0.352941176471
Median 0.352941176471
Sum 0.352941176471
0.0
0.0
0.352941176471
0.0
0.0
0.0
0.0
0.0
0.0
0.0

Topic 0
Mean 0.429738562091
Median 0.333333333333
Sum 1.28921568627
0.0
0.0
0.0
0.0
0.0
0.333333333333
0.0
0.0
0.705882352941
0.25

Topic 7
Mean 0.383928571428
Median 0.330357142857
Sum 2.30357142857
0.0
0.25
0.0
0.428571428571
0.0
0.285714285714
0.375
0.0
0.25
0.714285714286

Topic 2
Mean 0.345238095238
Median 0.309523809524
Sum 2.07142857143
0.285714285714
0.5
0.285714285714
0.0
0.0
0.0
0.4
0.333333333333
0.266666666667
0.0

