Topic 6
Mean 0.356254785867
Median 0.391580371032
Sum 7.48135050321
0.0
0.0
0.0
0.0
0.0
0.402809270733
0.0
0.0
0.40484859338
0.535174638095
0.0
0.0
0.768777788897
0.391580371032
0.393507308256
0.0
0.0
0.0
0.0
0.0
0.0
0.0
0.0
0.0476537251282
0.778383218209
0.042190720325
0.0424205906343
0.0
0.0
0.0
0.495828000915
0.320627551526
0.343281949701
0.484493172344
0.0
0.187667724307
0.0
0.0
0.0664522276819
0.564126551669
0.0562886192124
0.152501976891
0.0
0.619374238425
0.383362265852

Topic 3
Mean 0.355208729877
Median 0.385440980136
Sum 11.3472755351
0.0
0.0
0.478473662263
0.0
0.395203005315
0.986465962253
0.0
0.572071902454
0.493997766793
0.0472449775718
0.0
0.0379080133452
0.0379606861502
0.362633998544
0.0420812846131
0.0
0.551069160262
0.879309822789
0.587717986487
0.485427555235
0.0329468918166
0.0
0.394184835796
0.345054389513
0.29070048467
-0.00557728983131
-0.00468442547248
0.258903170269
0.0
0.0410678368251
0.501662165822
0.561449297827
0.0460111932573
0.376697124476
0.0353080096171
-0.00456431830969
0.0
0.526122997593
0.473246293329
0.408305165949
0.0491005463327
0.352793003569
0.0370992596179
-0.00457778737025
0.678460905698

Topic 1
Mean 0.359359208694
Median 0.35138213549
Sum 10.0620578434
0.0
0.379485506223
0.0
0.824205441104
0.0
0.0497738121552
0.0
0.0
0.0
0.0
0.395203005315
0.0
0.049343625555
0.359283420726
0.0
0.389907714526
0.0
0.0786391503294
0.414383597597
0.0
0.564126551669
0.918627010759
0.0
0.343480850253
0.336694205336
0.0
0.323400097317
0.319499469657
0.0472449775718
0.0
0.0566574529073
0.0452911227043
0.0
0.572071902454
0.664489585596
0.0431470772398
0.53175933111
0.0
0.342400353053
0.9405293616
0.0
0.389173094531
0.147852624442
0.491844502719
0.0435429989763

Topic 8
Mean 0.311888163705
Median 0.290465099864
Sum 14.0349673667
0.579499943085
0.320401815235
0.777754317255
0.0351316884486
0.0401244101715
0.0465197454417
0.790347137944
0.0396944563889
0.0459427956743
0.0362305533711
0.0399663281497
0.882785413744
0.055392516283
0.854000369284
0.041394591088
0.193654526378
5.17735844114e-301
5.17735844114e-301
5.17735844114e-301
0.211892888983
5.17735844114e-301
0.555642319275
0.0395347177622
0.0457289452832
0.319621034228
0.436509467253
0.0412209059834
0.35788909082
0.449397660903
0.38896404636
0.261521475935
0.290465099864
0.420855791864
0.304125811963
0.164890783702
0.595136336994
0.486728525338
0.764846908752
0.043669745965
0.528961212427
0.432505642134
0.46719270478
0.170268627534
0.605837664252
0.872719350435

Topic 4
Mean 0.321182901537
Median 0.285376126464
Sum 13.806234784
0.138268673929
0.579545834654
0.143031526576
6.59139644353e-300
0.362740670358
-0.00462998209946
0.217613060405
0.15409053304
0.285376126464
0.0
0.196371295654
0.139158852242
0.257032208264
0.0376549644842
0.383762471799
0.211892888983
0.921567890427
0.429059919854
0.487380911521
0.307068849595
0.274497962516
0.188593105915
0.816264620293
0.368110293299
0.0375419990783
0.36649492674
0.336085344674
0.744708955593
0.182229994524
0.222255405244
0.238222225609
0.0347082848029
0.336346003283
0.305694248552
0.253150943114
0.318439991537
0.326877539953
0.480865094017
0.350380038547
0.586426717271
0.255428934073
0.232482507062
0.752220163789
0.334237012993
0.216985775343

Topic 5
Mean 0.257027853453
Median 0.277706796817
Sum 10.7817174838
0.342400353053
0.0417214224212
0.0536117534739
0.728982917187
0.296224830642
0.0362853717036
0.358434451489
0.309494241408
0.0377863082414
0.766399124264
0.366549004069
0.0443885877222
0.0391857109009
0.13496671615
0.326565265704
0.297064869161
0.384957461427
0.045669676016
0.342539225142
0.569479771494
0.274243263428
0.038800081949
0.0488823882454
0.466712344043
0.0340553583826
0.0353741234437
0.325633498901
0.0421923007192
0.242794232731
-0.00499997396377
-0.00443731729501
0.122848346111
0.228582740486
0.245594562403
0.368278305895
-0.00401506998765
0.281170330206
0.0459427956743
0.440739314409
0.14030966551
0.262285963659
0.317981685622
0.427601524042
0.477916382469
0.404523575015

Topic 2
Mean 0.19688045247
Median 0.24764148817
Sum 4.13448950186
0.0506810988121
0.24764148817
0.0536117534739
0.0
0.0
0.0
0.0435256417336
0.384957461427
0.045669676016
0.0
0.0349893522224
0.284633264216
0.0363616162958
0.0
0.252588833723
0.0
0.0
0.0
0.0
0.0
0.0
0.0399247855419
0.342400353053
0.0417214224212
0.0
0.297064869161
0.345973391194
0.0
0.0
0.0
0.0
0.0
0.0
0.0
0.0
0.0
0.0387057012558
0.0459427956743
0.440739314409
0.0
0.427601524042
0.398584828817
0.0
0.281170330206
0.0

Topic 7
Mean 0.208011073524
Median 0.222547259188
Sum 6.42231938824
0.0
0.0555703566865
0.0
0.268126641347
0.0
0.0536117534739
0.269818395236
0.0
0.0539926422264
0.552186009308
0.269098553211
0.0
0.0538305003584
0.55075774939
0.703827530846
-0.00517025640928
0.0
-0.0057403010801
-0.0050108424554
-0.00505710288833
-0.00504538816305
0.0372521235898
0.0
0.284633264216
0.0363616162958
0.0365364289362
0.0364621099002
0.187571246807
0.22848814624
0.0
0.0482291094457
0.222547259188
0.223711482218
0.223216409865
0.454034947644
0.319690668503
0.0408608418521
0.0
0.0451680649973
0.0397919211609
0.0400013677558
0.0399123013789
0.266959041308
0.512112638702
0.29398215715

Topic 9
Mean 0.219832732094
Median 0.0501792035241
Sum 2.19832732094
0.0
0.0
0.251842899157
0.0
0.0
0.0
0.0
0.0
0.0
0.0
0.0
0.0
0.0
0.0
0.0
0.0
0.0468660958056
0.329953107417
0.0
0.0
0.0
0.0
0.0510040918789
1.0
0.0
0.0
0.0
0.329953107417
0.0
0.0
0.0
0.0
0.0
0.0
0.0
0.0
0.0
0.0493543151692
0.047662170836
0.0
0.0
0.0
0.044029362425
0.047662170836
0.0

Topic 0
Mean 0.311747937148
Median 0.0476537251282
Sum 6.54670668011
0.0
0.0
0.0
0.0
0.0
0.0424205906343
0.0
0.0
0.768777788897
0.0476537251282
0.0
0.0
0.0405645724556
0.24764148817
0.0453241070713
0.0
0.0
0.0
0.0
0.0
0.0
0.0
0.0
0.645036737072
0.0451080975335
0.728757438676
0.0430152592683
0.0
0.0
0.0
0.393507308256
0.042190720325
0.0433975165749
0.0403543271814
0.0
0.377595349713
0.0
0.0
0.768777788897
0.0476537251282
1.0
0.0453241070713
0.0
0.728757438676
0.40484859338

