Topic 1
Mean 0.401172244163
Median 0.385658654435
Sum 45.7336358346
0.0
0.379485506223
0.0
0.824205441104
0.0
0.0497738121552
0.0
0.0
0.0
0.0
0.395203005315
0.0
0.049343625555
0.359283420726
0.0
0.389907714526
0.0
0.0786391503294
0.414383597597
0.0
0.564126551669
0.918627010759
0.0
0.343480850253
0.336694205336
0.0
0.323400097317
0.319499469657
0.0472449775718
0.0
0.0566574529073
0.0452911227043
0.0
0.572071902454
0.664489585596
0.0431470772398
0.53175933111
0.0
0.342400353053
0.9405293616
0.0
0.389173094531
0.147852624442
0.491844502719
0.0435429989763
0.0
0.0
0.0
0.0
0.0
0.0
0.0
0.0
0.0
0.0
0.678998575959
0.0
0.0415161879361
1.0
0.0
0.332911100491
0.134114182506
0.414173387899
0.038350196572
0.815526315228
0.0
0.797612381861
0.0
0.0431129761473
1.0
0.0
0.0359718930339
0.0493833200587
0.814279887426
0.0397087465418
0.815526315228
0.0
1.0
0.192551175639
0.0
0.0
0.0
0.0
0.191940727913
0.135366034951
0.172283171352
0.0
0.189311189922
0.0
0.173103483489
0.0
0.986465962253
0.0
0.331197653728
0.633334774628
0.0
0.478473662263
0.565321215328
0.83160884879
0.493997766793
0.477824495613
0.0
0.457425690017
0.335610276896
0.178551287996
0.569543975086
0.0
0.3145074126
0.520237753114
0.0
0.036043094513
0.440420058023
0.459501916725
0.0397955274308
0.601105559087
0.0
0.476843658915
0.0326015415239
0.0
0.509266908831
0.633532722531
0.0
0.0385604139738
0.761431652654
0.0
0.744618642597
0.433333385128
0.349219373125
0.0358142749869
0.452914733549
0.0
0.338854399966
0.556265526006
0.185374240137
0.938191330028
0.527631053353
0.411740580819
0.0
0.384957461427
0.042854766266
0.0
0.274943944436
0.793979805027
0.364034706854
0.0478613865283
0.297064869161
0.0
0.348737763613
0.0378234654825
0.192438537303
0.741057402195
0.275840330014
0.681070541774
0.61094366166
0.0
0.0365365032621
0.386359847443
0.0
0.295244237819
0.52941170254
0.404573452878
0.0340618206818
0.0305943592755
0.0
0.390727338795
0.499184715172
0.0
0.351395107363
0.63884707596
1.0
0.698130569109
0.0
0.0
0.0
0.0
0.0
0.0
0.0
0.0
0.0
0.0
0.0
0.0
0.0
0.0
0.0
0.0
0.0
0.0
0.0

Topic 0
Mean 0.38884820543
Median 0.376737259458
Sum 37.3294277213
0.0
0.0
0.0
0.0
0.0
0.0424205906343
0.0
0.0
0.768777788897
0.0476537251282
0.0
0.0
0.0405645724556
0.24764148817
0.0453241070713
0.0
0.0
0.0
0.0
0.0
0.0
0.0
0.0
0.645036737072
0.0451080975335
0.728757438676
0.0430152592683
0.0
0.0
0.0
0.393507308256
0.042190720325
0.0433975165749
0.0403543271814
0.0
0.377595349713
0.0
0.0
0.768777788897
0.0476537251282
1.0
0.0453241070713
0.0
0.728757438676
0.40484859338
0.0
0.0
0.330253226634
0.433420440638
0.367902255554
0.342291864648
0.0
0.367055718376
0.516037179935
0.272084433186
0.0
0.0
0.435762678023
0.049345259179
0.251842899157
0.0468516470106
0.0
0.59900388952
0.436357015706
0.0510040918789
0.451793843102
0.0
0.0
0.0
0.0
0.0
0.0
0.0
0.0
0.0
0.0
0.0
0.0
0.0
0.0
0.0
0.0
0.0
0.0
0.0
0.359099158222
0.0
0.0
0.412120355192
0.0
0.0
0.0
0.0
0.391580371032
0.778383218209
0.275832594343
0.0410916724159
0.0
0.395203005315
0.535174638095
0.402809270733
0.333464324926
0.250044995078
0.0
0.357675189719
0.0
0.0
0.768777788897
0.0476537251282
1.0
0.0453241070713
0.0
0.728757438676
0.0433975165749
1.0
0.272084433186
0.0510040918789
0.0
0.0
0.0442514406169
0.0
0.0
0.797397914468
0.223029568182
0.957440851104
0.762967473847
0.0
0.757996640859
0.40484859338
1.0
0.369750175362
0.0532579438303
0.0
0.64103877165
0.402809270733
1.0
0.0
0.0
0.577180190532
0.0484890372872
0.138766534229
0.0460790977852
0.0
0.48317034919
0.490098151656
0.36768386205
0.389038202134
0.55239477153
0.0
0.0
0.487931148387
0.0500898686663
0.36768386205
0.0
0.0
0.534720457217
0.235998326716
0.375879169203
0.225784606213
0.0
0.591429716764
0.646822955425
0.548560831678
0.690538898387
0.225091186593
0.0
0.331528869998
0.483979450481
0.0431325591616
0.548560831678
0.4468151249
0.0
0.0
0.0
0.0
0.0
0.0
0.0
0.0
0.0
0.0
0.0
0.0
0.0
0.0
0.0
0.0
0.0
0.0
0.0

Topic 3
Mean 0.363025415788
Median 0.3689632572
Sum 44.6150252592
0.0
0.0
0.478473662263
0.0
0.395203005315
0.986465962253
0.0
0.572071902454
0.493997766793
0.0472449775718
0.0
0.0379080133452
0.0379606861502
0.362633998544
0.0420812846131
0.0
0.551069160262
0.879309822789
0.587717986487
0.485427555235
0.0329468918166
0.0
0.394184835796
0.345054389513
0.29070048467
-0.00557728983131
-0.00468442547248
0.258903170269
0.0
0.0410678368251
0.501662165822
0.561449297827
0.0460111932573
0.376697124476
0.0353080096171
-0.00456431830969
0.0
0.526122997593
0.473246293329
0.408305165949
0.0491005463327
0.352793003569
0.0370992596179
-0.00457778737025
0.678460905698
0.0
0.0
0.900450208668
0.707392934437
0.0
0.0
0.0
0.0
0.0
0.0
0.0
0.760057155844
0.532511984425
0.432722282562
0.706053058878
0.254885288888
0.667127547594
0.469700617052
0.369264915752
0.3689632572
0.0
0.0
0.377437243083
0.345146282509
0.340854229508
0.0398628068345
0.0342335037904
0.249025356384
0.39898818713
0.036789784638
0.37724368235
0.0
0.438169241387
0.0
0.417944068698
0.473733497226
0.729414266081
0.0378542627741
0.318935383085
0.449560813207
-0.00425373410981
0.341639104256
0.321860494713
0.0
0.232311641152
0.0313826696769
0.0
0.191940727913
0.178551287996
0.192551175639
0.0
0.0
0.174310155817
0.20163791918
0.0
0.0
0.0
0.285141625447
0.193931145545
0.0
0.0
0.359283420726
0.633334774628
0.824205441104
0.0452911227043
0.32383071574
0.576185778711
-0.00431637813513
0.347262345754
0.679570881582
0.0
0.235947494026
0.353767743113
0.484026496995
0.0
0.0
0.0377720829037
0.721217003114
0.617477470583
0.0419138438293
0.0357352491317
0.0328441641479
-0.00467224677653
0.660401609317
0.254341577012
0.0
0.37019616226
0.0341226097114
0.0326401167579
0.0
0.0380236475618
0.0
0.036043094513
0.509266908831
0.569543975086
0.0397955274308
0.034183872838
0.483486706368
-0.00445470276279
0.883494977617
0.243532706643
0.745073654869
0.239164859218
0.0327053166235
0.496429255817
0.0
0.520237753114
0.588508063727
0.0
0.0
0.0
0.0
0.0
0.0
0.0
0.0
0.0
0.0
0.0
0.0
0.0
0.0
0.0
0.0
0.0
0.0
0.0
0.352626145419
0.459458278843
0.50079441777
0.0411659878193
0.035190194002
0.43668544234
0.371366542764
0.638040666091
0.246447167794
0.0
0.394330221002
0.356465126407
0.749197543451
0.182386713182
0.469133963111
0.741035150517
0.570684993956
0.0

Topic 4
Mean 0.343317732737
Median 0.303384357645
Sum 47.685566916
0.138268673929
0.579545834654
0.143031526576
6.59139644353e-300
0.362740670358
-0.00462998209946
0.217613060405
0.15409053304
0.285376126464
0.0
0.196371295654
0.139158852242
0.257032208264
0.0376549644842
0.383762471799
0.211892888983
0.921567890427
0.429059919854
0.487380911521
0.307068849595
0.274497962516
0.188593105915
0.816264620293
0.368110293299
0.0375419990783
0.36649492674
0.336085344674
0.744708955593
0.182229994524
0.222255405244
0.238222225609
0.0347082848029
0.336346003283
0.305694248552
0.253150943114
0.318439991537
0.326877539953
0.480865094017
0.350380038547
0.586426717271
0.255428934073
0.232482507062
0.752220163789
0.334237012993
0.216985775343
0.20415908348
0.89612496425
0.399046478688
-0.00477510532385
0.294501089245
0.264411146309
0.810616254252
0.745707314907
0.244547390747
0.359545972251
0.718036446567
0.724805300293
0.750298938575
0.506038637284
0.302667307985
0.263085941151
0.470450461301
0.459952425334
0.23830993544
0.562087652521
0.277255117643
0.718036446567
0.762473629371
0.750298938575
0.506038637284
0.288351154265
0.252202020977
0.786064591861
0.239515101654
0.22934453505
0.562087652521
0.265194136634
1.0
5.17735844114e-301
0.344419985263
-0.00423219456631
0.0441376332859
0.0
0.389606974897
0.352905978966
0.61811968179
0.329438203922
0.303919568
-0.00435312666261
0.684045606926
0.0436846862287
5.17735844114e-301
0.0342563842631
0.0
0.0374737839661
0.0
0.03445453
0.0350734915257
0.345222763762
0.031970943361
0.0413622782467
0.0
0.748314860687
0.0371467763561
0.503657516752
0.0
0.0
0.0
0.0
0.0
0.0
0.0
0.0
0.0
0.0
0.0
0.0
0.0
0.0
0.0
0.0
0.0
0.0
0.0
0.0
0.0
0.0
0.0
0.0
0.0
0.0
0.0
0.0
0.0
0.0
0.0
0.194782802084
0.752369037908
0.254916917277
0.0360129106135
0.851407873613
0.343240448968
0.452600125111
0.329361044849
0.303384357645
0.393451124815
0.262173188226
0.260242574705
0.249587880619
0.332169962119
0.0330746280316
0.0
0.0
0.210215149193
0.148892914471
0.275492537123
-0.00493126701262
0.414210069178
0.765545566992
0.295655605787
0.354494611732
0.325720590695
0.247481976724
0.283986978494
0.28854396032
0.275503920536
-0.00448253369861
-0.00448249829003
0.0
0.0
0.367395155181
5.17735844114e-301
0.383191808557
0.441314646324
0.0315971596297
0.0
0.0294231429459
0.596832516033
0.505782482133
0.283247664094
0.347056867509
0.405905464816
0.0375103890625
0.0313643539507
0.301948462869
0.0293124035377
0.0
0.0
0.373432458727
-0.0037112267957

Topic 6
Mean 0.325132955271
Median 0.358219237261
Sum 40.3164864536
0.0
0.0
0.0
0.0
0.0
0.402809270733
0.0
0.0
0.40484859338
0.535174638095
0.0
0.0
0.768777788897
0.391580371032
0.393507308256
0.0
0.0
0.0
0.0
0.0
0.0
0.0
0.0
0.0476537251282
0.778383218209
0.042190720325
0.0424205906343
0.0
0.0
0.0
0.495828000915
0.320627551526
0.343281949701
0.484493172344
0.0
0.187667724307
0.0
0.0
0.0664522276819
0.564126551669
0.0562886192124
0.152501976891
0.0
0.619374238425
0.383362265852
0.0
0.0
0.042241586075
0.0385417783584
0.0378923808868
0.0380776964057
0.0
0.231255446663
0.53147041574
0.0543592271067
0.0
0.0
0.0453241070713
0.0410916724159
0.0403543271814
0.0405645724556
0.0
0.24764148817
0.227390348121
0.0595730947864
0.277855705777
0.0
0.0
0.622159366144
0.036043094513
0.0354745481409
0.615514613165
0.0
0.0382685038876
0.467750958143
0.440420058023
0.0346983854409
0.0367515386744
0.0
0.0
0.811520297039
0.809370208441
0.35085580167
0.638410301008
0.0
0.427247540961
0.486728525338
0.496392799358
0.0353240260738
0.0374541595773
0.857239788607
0.0
0.0
0.404461480918
0.049343625555
0.0482842176601
0.353590238402
0.0
0.0536117534739
0.043669745965
0.0786391503294
0.0468575863797
0.0506810988121
0.3145074126
0.320401815235
0.0
0.0
0.0514390401224
0.586339671249
0.769915481583
0.414764381415
0.0
0.544209360647
0.327569513561
0.689896379877
0.0438823147412
0.0472184018494
0.0406720347173
0.528781499317
0.0584508362927
0.0
0.0
0.0
0.0
0.0
0.0
0.0
0.0
0.483785997707
0.4581465875
0.0
0.0
0.557272835985
0.584420493615
0.0
0.0
0.0
0.0
0.728757438676
0.395203005315
0.377595349713
0.645036737072
0.0
0.0451080975335
0.53253609241
0.389907714526
0.0402291390423
0.0430152592683
0.569543975086
0.597602756094
0.379485506223
0.549937827807
0.0
0.0
0.0
0.0500449886259
0.572071902454
0.0440544221632
0.0443051095905
0.0
0.529978825798
0.0401805807262
0.664489585596
0.042863712385
0.0460411144982
0.0397955274308
0.517149652996
0.0566574529073
0.971642842108
0.0
0.0472449775718
0.0
0.0
0.582242539522
0.481371830356
0.36326022371
0.36284823612
0.0
0.440739314409
0.432505642134
0.517048778938
0.0364351462505
0.0387057012558
0.557261249731
0.790347137944
0.0459427956743
0.762647851422
0.0
0.535910629853
0.745317962516

Topic 9
Mean 0.324958397102
Median 0.248439249843
Sum 19.4975038261
0.0
0.0
0.251842899157
0.0
0.0
0.0
0.0
0.0
0.0
0.0
0.0
0.0
0.0
0.0
0.0
0.0
0.0468660958056
0.329953107417
0.0
0.0
0.0
0.0
0.0510040918789
1.0
0.0
0.0
0.0
0.329953107417
0.0
0.0
0.0
0.0
0.0
0.0
0.0
0.0
0.0
0.0493543151692
0.047662170836
0.0
0.0
0.0
0.044029362425
0.047662170836
0.0
0.0
0.225091186593
0.375879169203
0.0
0.0
0.0
0.0401357255962
0.548560831678
0.0
0.23603513733
0.0
0.373027005649
0.618917067602
0.0
0.0
0.0
0.0388223760786
0.0416194554116
0.0
0.204707224623
0.932195130169
0.0
0.049345259179
0.0476537251282
0.0
0.0
0.0
0.0440221550176
0.0476537251282
0.0
0.548923287475
0.235998326716
0.2046795364
0.0
0.0
0.0
0.0
0.0
0.0
0.0
0.0
0.0
0.0
0.0
0.0
0.0
0.0
0.0
0.0
0.0
0.0
0.0
0.0
0.0
0.0
0.0
0.0
0.0
0.0
0.0
0.0
0.0
0.0
0.0
0.0
0.0
0.0
0.0
0.0
0.0
0.0
0.0
0.0
0.0
0.0
0.0
0.0425845139137
0.839829975881
0.0
0.0
0.0
0.280632310564
0.839829975881
0.0
0.226371324913
0.207939729911
0.305953250152
0.226337466598
0.0
0.0
0.0
0.0
0.243609118557
0.269721978457
0.0
0.0
0.0
0.0
0.0
0.0
0.0
0.24543653676
0.251441962926
0.0
0.0
0.0
0.0
0.0
0.0
0.435762678023
0.768777788897
0.0
0.0
0.0
0.295295115448
0.768777788897
0.0
0.0424272831178
0.534720457217
0.329306295686
0.0424205906343
0.0
0.0
0.0
0.658377750634
0.151141525736
0.0
0.0429570361473
0.983015287873
0.0
0.0
0.0
0.28285342992
0.828405923283
0.0
0.0405616930418
0.378958665952
0.461461246967
0.0405555761327
0.0
0.0
0.0
0.770815592153
0.0
0.649630309932

Topic 8
Mean 0.321949596383
Median 0.328563256392
Sum 52.4777842105
0.579499943085
0.320401815235
0.777754317255
0.0351316884486
0.0401244101715
0.0465197454417
0.790347137944
0.0396944563889
0.0459427956743
0.0362305533711
0.0399663281497
0.882785413744
0.055392516283
0.854000369284
0.041394591088
0.193654526378
5.17735844114e-301
5.17735844114e-301
5.17735844114e-301
0.211892888983
5.17735844114e-301
0.555642319275
0.0395347177622
0.0457289452832
0.319621034228
0.436509467253
0.0412209059834
0.35788909082
0.449397660903
0.38896404636
0.261521475935
0.290465099864
0.420855791864
0.304125811963
0.164890783702
0.595136336994
0.486728525338
0.764846908752
0.043669745965
0.528961212427
0.432505642134
0.46719270478
0.170268627534
0.605837664252
0.872719350435
0.413393230156
0.0366905538591
0.0419661386122
0.0337114061675
0.591865467063
0.0381384145539
0.209519476239
0.214061802535
0.225207414393
0.315412843284
0.450753829399
0.466987874756
0.328265890238
0.744792813364
0.0379071162103
0.853463992459
5.17735844114e-301
0.0377614125629
0.383620315045
0.178031754791
0.0351582728712
0.0
0.0
0.0
0.0
0.0
0.0
0.0
0.0
0.0
0.0
0.0
0.0
0.464212736952
0.0418699066462
0.0488823882454
0.0380342658555
0.477916382469
0.043765949839
1.30744341759e-299
0.556963996293
0.457155287028
0.344838770487
0.444764649788
0.0398861833797
0.0
0.197528641116
0.0
0.0
0.0
0.21653984929
0.0
0.35788909082
1.0
0.167691192187
0.173256338058
0.214061802535
0.0
0.0
0.0
0.232903099932
0.26348268495
0.300794451162
0.0333003632376
0.252604103029
0.037613167188
0.341017775745
0.333145758984
0.200146990668
0.27894299232
0.340233587876
0.237030788777
0.0
0.034493796932
0.333145758984
0.969814249248
0.472483071795
0.333196345436
0.186599852722
0.417383627821
0.336526026077
0.383528322862
0.533498564447
0.584159164788
0.608137722249
0.760230946258
0.464621326846
0.0
0.43724988792
0.336920318338
0.32266868222
0.320098937205
0.345623142984
0.043563089337
0.0347342482952
0.328563256392
0.345250367606
0.188085555353
0.547574011695
0.752232040842
0.295962223647
0.307998955489
0.0362722489111
0.0
0.344622895521
0.191737954941
0.175750588677
0.320417522412
0.555063591084
0.839847879424
0.343480850253
0.0370057047332
0.45094575921
0.532718948746
5.68246674119e-300
0.456409013032
0.680383877855
0.455193293295
0.345120915244
0.475592295159
0.0
0.386047192499
0.0
0.244862740386
0.572752942176
0.642125699985
0.350413221528
0.346839333364
0.0478087187879
0.0373810782433
0.360582109555
0.52273143153
5.05889625445e-300
0.517552478619
0.483196161543
0.478716469986
0.335964637439
0.0391684389635
0.0
0.380016894566
0.0
0.033955694814
0.662268210679
0.454588092713
0.507755250642

Topic 5
Mean 0.293914279314
Median 0.270976686107
Sum 50.4856645022
0.342400353053
0.0417214224212
0.0536117534739
0.728982917187
0.296224830642
0.0362853717036
0.358434451489
0.309494241408
0.0377863082414
0.766399124264
0.366549004069
0.0443885877222
0.0391857109009
0.13496671615
0.326565265704
0.297064869161
0.384957461427
0.045669676016
0.342539225142
0.569479771494
0.274243263428
0.038800081949
0.0488823882454
0.466712344043
0.0340553583826
0.0353741234437
0.325633498901
0.0421923007192
0.242794232731
-0.00499997396377
-0.00443731729501
0.122848346111
0.228582740486
0.245594562403
0.368278305895
-0.00401506998765
0.281170330206
0.0459427956743
0.440739314409
0.14030966551
0.262285963659
0.317981685622
0.427601524042
0.477916382469
0.404523575015
0.459364202168
0.315301364309
0.215818596478
0.489428518
0.235257165253
0.232417402787
0.276450868541
0.353475307081
-0.00383038641274
0.238486270863
0.270596627537
-0.0057403010801
-0.0050108424554
0.135546683825
0.253061597817
0.274079608929
0.411225412679
-0.00447893202775
0.36808052215
0.810616254252
-0.00425032520061
0.465326769877
0.320401815235
0.427247540961
0.495108541477
0.240256456495
0.307790598023
0.785441597928
0.464212736952
0.461077216915
0.790347137944
0.520183569572
0.468406525215
0.389173094531
0.049343625555
0.778383218209
0.342379810546
0.355689163615
0.372187783121
0.274943944436
0.507990559311
0.246156347229
0.481371830356
0.0361189501676
0.274779452858
0.809370208441
0.636314134998
0.32481995741
0.0467966088448
0.496571800568
0.351703858711
0.320994343223
0.283741153355
0.363401144968
-0.003913678464
0.352905978966
0.741995635308
-0.00435312666261
0.341187215422
0.526122997593
0.257154350549
-0.00537964522551
-0.00473381265234
0.129835795421
0.808596925198
0.260297872837
0.261644284872
-0.00425628843503
0.235441660844
0.271356744678
-0.00404931927542
0.261495317752
0.247845465303
0.260929023768
-0.0041425206966
0.200755489235
5.17735844114e-301
5.68246674119e-300
0.129939036572
0.188303018644
0.203220161641
0.204275891863
1.30744341759e-299
0.183738706515
0.211892888983
5.17735844114e-301
0.20415908348
0.193654526378
0.203715045227
5.17735844114e-301
0.559629780182
0.259479757576
0.0495666058249
0.458470604286
0.163486774245
0.239047406882
0.263612075871
0.265391260279
0.495843182596
0.231739361396
0.786064591861
0.0362382799625
0.265194136634
0.457165672422
0.6210450684
0.0436846862287
0.717252758951
0.718036446567
0.0372492647615
0.046446189242
0.397366250368
0.0328547699803
0.0340805171464
0.0352147744629
0.0403648454334
0.37115952609
0.0
0.352598022863
0.0345416617971
0.0
0.342868397109
0.373875219324
0.0412426659799
0.0
5.05889625445e-300
0.375184008394
0.348816641178
0.0487459122676
0.452711591424
0.310750285392
0.321674919537
0.334360153222
0.246863398983
0.0395094922032
0.223404929392
0.25549140337
0.201433821315
0.246730783175
0.234542889121
0.47777479987
0.472562606883
0.235505902871
0.18378903656
0.231819428975
0.0379026214232

Topic 2
Mean 0.274195008657
Median 0.211892888983
Sum 32.0556856926
0.0506810988121
0.24764148817
0.0536117534739
0.0
0.0
0.0
0.0435256417336
0.384957461427
0.045669676016
0.0
0.0349893522224
0.284633264216
0.0363616162958
0.0
0.252588833723
0.0
0.0
0.0
0.0
0.0
0.0
0.0399247855419
0.342400353053
0.0417214224212
0.0
0.297064869161
0.345973391194
0.0
0.0
0.0
0.0
0.0
0.0
0.0
0.0
0.0
0.0387057012558
0.0459427956743
0.440739314409
0.0
0.427601524042
0.398584828817
0.0
0.281170330206
0.0
5.17735844114e-301
5.17735844114e-301
5.68246674119e-300
0.0
0.204275891863
0.179901874313
0.0
0.200755489235
0.0
0.211892888983
0.0377129866425
0.0445508199293
0.379932981702
0.0
0.157256834879
0.417375117732
0.0
0.142242601668
0.0
0.921567890427
0.138268673929
0.0374541595773
0.320401815235
0.427247540961
0.0
0.785441597928
0.800663629867
0.0
0.465326769877
0.0
0.790347137944
0.193654526378
0.850108450662
0.0389116801139
0.0462332915397
0.0406163467152
0.0
0.0402039520763
0.737409326082
0.0
0.382963661306
0.0
0.0360565643243
5.17735844114e-301
0.0351935733482
0.0349680696196
0.762967473847
0.0484220132827
0.223029568182
0.0
0.162986332992
0.900696939126
0.0
0.384856605896
0.0
0.502458081834
0.142678675335
0.58375664792
0.351602189261
0.818317389294
0.347611190701
0.317726895259
0.217287067085
0.0
0.278313725788
0.731432104982
0.0
0.46220440004
0.0
0.0357356401166
5.17735844114e-301
0.0348877623853
0.439689244879
0.807103428216
0.810963119467
0.248470333512
0.0538305003584
0.55075774939
0.0
0.0458283169604
0.0364621099002
0.0
0.0418537795192
0.0
0.0405160211628
5.17735844114e-301
0.0394295768932
0.0391467397645
0.0407417746431
0.223701626776
0.217924913786
0.0
0.0
0.0
0.0
0.516871233759
0.521028394398
0.0
0.0
0.0
0.0
0.0
0.0
0.584420493615
0.0
0.0
0.0
0.0
0.249083918197
0.0539926422264
0.552186009308
0.0
0.0459457828409
0.0365364289362
0.0
0.0419517322968
0.0
0.0406078054805
5.17735844114e-301
0.0395164995031
0.0392324184617
0.0408345858182
0.224198856193
0.21839676749
0.703827530846
0.0
0.0
-0.0057403010801
-0.0050108424554
0.0
0.411225412679
0.187571246807
0.0
0.270596627537
0.0
0.810616254252
0.20415908348
0.89612496425
0.468406525215
0.0
0.149468538203
-0.00427668568976
-0.00504538816305
0.597200675781
-0.00505710288833

Topic 7
Mean 0.241461315176
Median 0.20415908348
Sum 39.3227610635
0.0
0.0555703566865
0.0
0.268126641347
0.0
0.0536117534739
0.269818395236
0.0
0.0539926422264
0.552186009308
0.269098553211
0.0
0.0538305003584
0.55075774939
0.703827530846
-0.00517025640928
0.0
-0.0057403010801
-0.0050108424554
-0.00505710288833
-0.00504538816305
0.0372521235898
0.0
0.284633264216
0.0363616162958
0.0365364289362
0.0364621099002
0.187571246807
0.22848814624
0.0
0.0482291094457
0.222547259188
0.223711482218
0.223216409865
0.454034947644
0.319690668503
0.0408608418521
0.0
0.0451680649973
0.0397919211609
0.0400013677558
0.0399123013789
0.266959041308
0.512112638702
0.29398215715
0.220890027112
0.0
0.31799876176
0.215332880811
0.216422660584
0.215959289529
0.143577923919
0.375926358649
0.189000676029
0.781685152212
0.0428980525081
0.0
0.342400353053
0.0417214224212
0.0419517322968
0.0418537795192
0.270596627537
0.345973391194
0.332073864563
0.375848491253
0.255542405448
0.036290100366
0.0
0.288545784233
0.0354444712314
0.0356105563865
0.0355399526349
0.254168726886
0.302789118199
0.278546229661
0.841350441443
0.707874306868
0.337809254093
5.17735844114e-301
0.0
5.17735844114e-301
5.68246674119e-300
5.17735844114e-301
5.17735844114e-301
0.20415908348
0.179901874313
0.224456647958
0.198178320883
0.137301460892
0.200755489235
0.189091428331
0.710786042457
0.0
0.282870668195
0.195685724463
0.196585296271
0.196202902562
0.249058072972
0.605144560014
0.272420045052
0.956251694221
0.814587848608
0.332016161176
0.962985421952
0.185449559364
0.242708039327
0.0
0.0479604493246
0.498234269931
0.50099932222
0.499823301779
-0.00460912965264
0.0336706967728
0.204749224571
0.0365916801604
0.198626759191
0.0382169654457
0.0328828036766
5.17735844114e-301
0.181790729066
0.0387082466919
0.0
0.0425522582936
0.037747659492
0.0379360877903
0.0378559718164
0.0
0.524930027869
0.323893234588
0.0333571075597
0.032546804887
0.497299966405
0.310409425687
5.17735844114e-301
0.0297911183058
0.0348558410593
0.047247712412
0.0
0.0531031543868
0.50137843081
0.0461023202419
0.045984053615
0.206155561777
0.221581676621
0.255274072705
0.200059001599
0.138565690531
0.202685640029
0.323176183376
0.410727397529
0.187095407513
0.041631360271
0.341799136261
0.321310694028
0.0
0.0658808776681
0.653752725197
0.814722566843
0.812210680667
-0.0048002894868
0.0416184363839
0.257991334311
0.0461744163581
0.248345758016
0.0487928951149
0.040421303325
5.17735844114e-301
0.222573077874
0.583206996686
0.0434442727291
0.0544996209415
0.0366058535305
0.0
0.040025195833
0.339339345607
0.0359145455762
0.0358427324784
0.350885525685
0.35396476331
0.858606347067
0.611788574899
0.503915247398
0.300228547585
0.832562021649
0.175497660308
0.547722390975
0.0331418362689
0.283790426387
0.338045110942
0.0408134263765

