Topic 1
Mean 0.418546685
Median 0.386359847443
Sum 111.719276457
0.0
0.379485506223
0.0
0.824205441104
0.0
0.0497738121552
0.0
0.0
0.0
0.0
0.395203005315
0.0
0.049343625555
0.359283420726
0.0
0.389907714526
0.0
0.0786391503294
0.414383597597
0.0
0.564126551669
0.918627010759
0.0
0.343480850253
0.336694205336
0.0
0.323400097317
0.319499469657
0.0472449775718
0.0
0.0566574529073
0.0452911227043
0.0
0.572071902454
0.664489585596
0.0431470772398
0.53175933111
0.0
0.342400353053
0.9405293616
0.0
0.389173094531
0.147852624442
0.491844502719
0.0435429989763
0.0
0.0
0.0
0.0
0.0
0.0
0.0
0.0
0.0
0.0
0.678998575959
0.0
0.0415161879361
1.0
0.0
0.332911100491
0.134114182506
0.414173387899
0.038350196572
0.815526315228
0.0
0.797612381861
0.0
0.0431129761473
1.0
0.0
0.0359718930339
0.0493833200587
0.814279887426
0.0397087465418
0.815526315228
0.0
1.0
0.192551175639
0.0
0.0
0.0
0.0
0.191940727913
0.135366034951
0.172283171352
0.0
0.189311189922
0.0
0.173103483489
0.0
0.986465962253
0.0
0.331197653728
0.633334774628
0.0
0.478473662263
0.565321215328
0.83160884879
0.493997766793
0.477824495613
0.0
0.457425690017
0.335610276896
0.178551287996
0.569543975086
0.0
0.3145074126
0.520237753114
0.0
0.036043094513
0.440420058023
0.459501916725
0.0397955274308
0.601105559087
0.0
0.476843658915
0.0326015415239
0.0
0.509266908831
0.633532722531
0.0
0.0385604139738
0.761431652654
0.0
0.744618642597
0.433333385128
0.349219373125
0.0358142749869
0.452914733549
0.0
0.338854399966
0.556265526006
0.185374240137
0.938191330028
0.527631053353
0.411740580819
0.0
0.384957461427
0.042854766266
0.0
0.274943944436
0.793979805027
0.364034706854
0.0478613865283
0.297064869161
0.0
0.348737763613
0.0378234654825
0.192438537303
0.741057402195
0.275840330014
0.681070541774
0.61094366166
0.0
0.0365365032621
0.386359847443
0.0
0.295244237819
0.52941170254
0.404573452878
0.0340618206818
0.0305943592755
0.0
0.390727338795
0.499184715172
0.0
0.351395107363
0.63884707596
1.0
0.698130569109
0.0
0.0
0.0
0.0
0.0
0.0
0.0
0.0
0.0
0.0
0.0
0.0
0.0
0.0
0.0
0.0
0.0
0.0
0.0
0.413872575336
0.0
0.0403931029695
0.542740681323
0.0
0.340622219947
0.524056753067
0.857838632155
0.0373898904122
0.343139030969
0.0
0.327288054126
0.910236157501
0.170656913627
0.57351746405
0.367620589504
0.702998837572
0.994584489204
0.927926225905
0.0
0.614827063961
0.0
0.331113948582
0.422612909856
0.0
0.357315914557
0.567421820582
0.920520733549
0.0417224681997
0.477728230897
0.0
0.22851978779
0.410059784393
0.179211214993
0.646049721176
0.447157816516
0.38400972604
0.62474348801
0.374979238656
0.0
0.383170325148
0.729414266081
0.0
0.0409356106221
0.484026496995
0.0
0.417944068698
0.412026395833
0.341318976182
0.0378542627741
0.0336196786426
0.0
0.62923365525
0.304767462224
0.0
0.473733497226
0.496429255817
0.416650645368
0.0361371557351
0.836621968286
0.0
0.336996731903
0.564729310695
0.29070048467
0.0
-0.00613748857868
-0.00431637813513
0.0
0.394184835796
0.158450433844
0.255433192925
-0.00557728983131
0.387865492105
0.0
0.349565072059
-0.0041725622059
0.20163791918
0.345054389513
-0.00445470276279
0.229509400754
0.290500927035
-0.00377628236792
0.0
0.19640859133
0.267345039831
-0.00425373410981
0.707392934437
0.0
0.0
0.0
0.0
0.0
0.0
0.0
0.0
0.0
0.0
0.0
0.0
0.0
0.900450208668
0.745073654869
0.0
0.0
0.817547413261
0.0
0.393818073562
0.0
0.0
0.0
0.380846440406
0.0
0.050320200397
0.840281295917
0.0
0.254381451227
0.486516100235
0.339673070796
0.0457430791243
0.250792536473
0.0
0.32631744343
0.253978109487
0.179383064864
0.348072438638
0.476763005848
0.468469521336
0.509897578139
0.710143656252
0.0
0.519780446222
0.253837330835
0.24303736947
0.267642382114
0.0
0.432722282562
0.0
0.317095888993
0.235947494026
0.0
0.760057155844
0.834835960113
0.358950138303
0.706053058878
0.42015991268
0.0
0.361726473885
0.242288195777
0.285141625447
0.532511984425
0.239164859218
0.315074312233
0.941940869174
0.583906394151
0.0
0.274795369591
0.654672991169
0.232311641152
0.469700617052
0.0
0.698226440705
0.952715534755
0.0
0.322089056156
0.541223082396
0.0
0.551631272946
0.459544406012
0.557412131324
0.485990344019
0.602554283222
0.0
0.474948048994
0.477696485373
0.174466548618
0.966227960094
0.565373701208
0.395528005492
0.369119425016
0.266244768726
0.0
0.322958967322
0.542155663321
0.295404693063
0.25917141638
0.0
0.344095875662
0.667951538138
0.33728659105
0.0
0.04252405837
0.383998777669
0.0
0.344076228727
0.46867366006
0.380882424275
0.378989532411
0.327073515133
0.0
0.30224646469
0.538790313397
0.331336780995
0.344520290411
0.503672478296
0.49618738918
0.195006835646
0.792571670848
0.0
0.348541338704
0.56115526186
0.670051169419
0.20445943805
0.0
0.445160170795
0.404180843966
0.509857118903
0.0
0.0
0.0
0.0
0.0
0.0
0.0
0.0
0.0
0.0
0.0
0.0
0.0
0.0
0.0
0.0
0.0
0.0
0.0
0.0
0.0
0.0
0.0
0.0
0.0
0.0
0.0
0.0
0.0

Topic 6
Mean 0.367192532179
Median 0.393975031293
Sum 115.987574236
0.0
0.0
0.0
0.0
0.0
0.402809270733
0.0
0.0
0.40484859338
0.535174638095
0.0
0.0
0.768777788897
0.391580371032
0.393507308256
0.0
0.0
0.0
0.0
0.0
0.0
0.0
0.0
0.0476537251282
0.778383218209
0.042190720325
0.0424205906343
0.0
0.0
0.0
0.495828000915
0.320627551526
0.343281949701
0.484493172344
0.0
0.187667724307
0.0
0.0
0.0664522276819
0.564126551669
0.0562886192124
0.152501976891
0.0
0.619374238425
0.383362265852
0.0
0.0
0.042241586075
0.0385417783584
0.0378923808868
0.0380776964057
0.0
0.231255446663
0.53147041574
0.0543592271067
0.0
0.0
0.0453241070713
0.0410916724159
0.0403543271814
0.0405645724556
0.0
0.24764148817
0.227390348121
0.0595730947864
0.277855705777
0.0
0.0
0.622159366144
0.036043094513
0.0354745481409
0.615514613165
0.0
0.0382685038876
0.467750958143
0.440420058023
0.0346983854409
0.0367515386744
0.0
0.0
0.811520297039
0.809370208441
0.35085580167
0.638410301008
0.0
0.427247540961
0.486728525338
0.496392799358
0.0353240260738
0.0374541595773
0.857239788607
0.0
0.0
0.404461480918
0.049343625555
0.0482842176601
0.353590238402
0.0
0.0536117534739
0.043669745965
0.0786391503294
0.0468575863797
0.0506810988121
0.3145074126
0.320401815235
0.0
0.0
0.0514390401224
0.586339671249
0.769915481583
0.414764381415
0.0
0.544209360647
0.327569513561
0.689896379877
0.0438823147412
0.0472184018494
0.0406720347173
0.528781499317
0.0584508362927
0.0
0.0
0.0
0.0
0.0
0.0
0.0
0.0
0.483785997707
0.4581465875
0.0
0.0
0.557272835985
0.584420493615
0.0
0.0
0.0
0.0
0.728757438676
0.395203005315
0.377595349713
0.645036737072
0.0
0.0451080975335
0.53253609241
0.389907714526
0.0402291390423
0.0430152592683
0.569543975086
0.597602756094
0.379485506223
0.549937827807
0.0
0.0
0.0
0.0500449886259
0.572071902454
0.0440544221632
0.0443051095905
0.0
0.529978825798
0.0401805807262
0.664489585596
0.042863712385
0.0460411144982
0.0397955274308
0.517149652996
0.0566574529073
0.971642842108
0.0
0.0472449775718
0.0
0.0
0.582242539522
0.481371830356
0.36326022371
0.36284823612
0.0
0.440739314409
0.432505642134
0.517048778938
0.0364351462505
0.0387057012558
0.557261249731
0.790347137944
0.0459427956743
0.762647851422
0.0
0.535910629853
0.745317962516
0.0
0.0
0.0505987164958
0.577748875257
0.0444829503375
0.044738552629
0.0
0.535634635499
0.404642055009
0.674520302
0.0432692823278
0.0465093696548
0.0401448773829
0.521784490267
0.0573682156852
0.982897750475
0.0
0.0477381714925
0.988739630678
0.752220163789
0.0
0.0
0.0373682296311
0.417944068698
0.873874658146
0.330109988491
0.0
0.036469993858
0.336574432517
0.412026395833
0.0332132818503
0.0350896926562
0.496429255817
0.850108450662
0.0409356106221
0.664573137976
0.0
0.729414266081
0.0378542627741
0.921567890427
0.0381702254659
0.0
0.0
0.287847292021
0.760057155844
0.265222150847
0.265010604207
0.0
0.574561014029
0.418692859017
0.834835960113
0.546017479254
0.415526752844
0.239164859218
0.553263560592
0.317095888993
0.72791424509
0.0
0.432722282562
0.706053058878
0.572839946071
0.714720697277
0.232311641152
0.0
0.0
0.836240640195
0.478473662263
0.480557294989
0.655853822316
0.0
0.47127799297
0.560774966338
0.565321215328
0.038596228371
0.0411535712849
0.509266908831
0.877243506197
0.331197653728
0.506339131161
0.0
0.986465962253
0.493997766793
0.415567539151
0.498908125065
0.473733497226
0.532511984425
0.0
0.0
0.628846268692
0.551631272946
0.522270279147
0.617033712011
0.0
0.402516213879
0.552997822528
0.459544406012
0.0390436784434
0.0416626719164
0.565373701208
0.528717983391
0.322089056156
0.496248830802
0.0
0.952715534755
0.485990344019
0.418932706281
0.490081281503
0.295404693063
0.667951538138
0.966227960094
0.0
0.0
0.0419069616368
0.373875219324
0.0376228954049
0.0378055780652
0.0
0.397366250368
0.0347608365724
0.525752051468
0.0367510321302
0.039062377155
0.034472280245
0.342868397109
0.046446189242
0.425254989758
0.0
0.0399255244562
0.415463250085
0.352598022863
0.419362408313
0.0330060594346
0.44593158238
0.374399586948
0.324875149782
0.0
0.0
0.836240640195
0.743028377985
0.0370053511053
0.655853822316
0.0
0.390303156372
0.596396466106
0.441815241628
0.200620281686
0.212837778317
0.698769851337
0.877243506197
0.331197653728
0.480275753715
0.0
0.614961050356
0.470660633826
0.407491770742
0.474496540327
0.44793794582
0.500386872498
1.0
0.54225984505
0.31591316291
0.0
0.0
0.0400652853171
0.256068802254
0.25149797618
0.251307748609
0.0
0.0390344982171
0.800431567997
0.140324116588
0.0353269514595
0.0374574484346
0.453941574449
0.243456329174
0.0441946541675
0.365944359659
0.0
0.256913508773
0.0406245343025
0.42087352467
0.394442754329
0.479356483447
0.682245437034
0.23759117
0.231973137403
0.0350926078747
0.0345547411705
0.0
0.0
0.644776232266
0.357315914557
0.639027265329
0.578360213602
0.0
0.0400470971085
0.475558967303
0.567421820582
0.0361542910698
0.038388903049
0.447157816516
0.539933667408
0.331113948582
0.814900022224
0.0
0.614827063961
0.0417224681997
0.454874255008
0.0421066323084
0.564729310695
0.654672991169
0.646049721176
0.542155663321
0.0359088806595
0.554063826461
0.238499644671
0.0
0.0
-0.00465012999742
0.366566806761
-0.00447041641384
0.151834892803
0.0
-0.00490086721463
0.303384441685
0.147494526632
-0.00443595580447
0.0
-0.00416260907238
0.25541075781
-0.00559643533508
-0.00403047643339
0.0
0.270262268854
-0.00512687397217
0.280451779843
0.0
-0.00398661067923
0.418557408507
0.322706612448
0.242801365348
0.0
-0.00390555777319
0.251853133512
0.249960794815

Topic 0
Mean 0.340756099597
Median 0.361957277376
Sum 81.0999517041
0.0
0.0
0.0
0.0
0.0
0.0424205906343
0.0
0.0
0.768777788897
0.0476537251282
0.0
0.0
0.0405645724556
0.24764148817
0.0453241070713
0.0
0.0
0.0
0.0
0.0
0.0
0.0
0.0
0.645036737072
0.0451080975335
0.728757438676
0.0430152592683
0.0
0.0
0.0
0.393507308256
0.042190720325
0.0433975165749
0.0403543271814
0.0
0.377595349713
0.0
0.0
0.768777788897
0.0476537251282
1.0
0.0453241070713
0.0
0.728757438676
0.40484859338
0.0
0.0
0.330253226634
0.433420440638
0.367902255554
0.342291864648
0.0
0.367055718376
0.516037179935
0.272084433186
0.0
0.0
0.435762678023
0.049345259179
0.251842899157
0.0468516470106
0.0
0.59900388952
0.436357015706
0.0510040918789
0.451793843102
0.0
0.0
0.0
0.0
0.0
0.0
0.0
0.0
0.0
0.0
0.0
0.0
0.0
0.0
0.0
0.0
0.0
0.0
0.0
0.359099158222
0.0
0.0
0.412120355192
0.0
0.0
0.0
0.0
0.391580371032
0.778383218209
0.275832594343
0.0410916724159
0.0
0.395203005315
0.535174638095
0.402809270733
0.333464324926
0.250044995078
0.0
0.357675189719
0.0
0.0
0.768777788897
0.0476537251282
1.0
0.0453241070713
0.0
0.728757438676
0.0433975165749
1.0
0.272084433186
0.0510040918789
0.0
0.0
0.0442514406169
0.0
0.0
0.797397914468
0.223029568182
0.957440851104
0.762967473847
0.0
0.757996640859
0.40484859338
1.0
0.369750175362
0.0532579438303
0.0
0.64103877165
0.402809270733
1.0
0.0
0.0
0.577180190532
0.0484890372872
0.138766534229
0.0460790977852
0.0
0.48317034919
0.490098151656
0.36768386205
0.389038202134
0.55239477153
0.0
0.0
0.487931148387
0.0500898686663
0.36768386205
0.0
0.0
0.534720457217
0.235998326716
0.375879169203
0.225784606213
0.0
0.591429716764
0.646822955425
0.548560831678
0.690538898387
0.225091186593
0.0
0.331528869998
0.483979450481
0.0431325591616
0.548560831678
0.4468151249
0.0
0.0
0.0
0.0
0.0
0.0
0.0
0.0
0.0
0.0
0.0
0.0
0.0
0.0
0.0
0.0
0.0
0.0
0.0
0.0
0.0
0.0
0.0
0.0
0.0
0.0
0.0
0.0
0.0
0.0
0.0
0.0
0.0
0.0
0.0
0.0
0.0
0.0
0.0
0.0
0.0
0.0443051095905
0.529978825798
0.0500449886259
0.0460411144982
0.0
0.0472449775718
0.0440544221632
0.0500449886259
0.0395038057751
0.0519138732105
0.0
0.0
0.572071902454
0.0500449886259
0.0522130711267
0.0509670470781
0.0437814079833
0.0
0.0
0.0
0.0
0.514285002167
0.0422238689401
0.572108973005
0.0403846519069
0.0
0.779680767936
0.0388479837006
0.572108973005
0.247149747717
0.0448333215594
0.0
0.0
0.0395308434483
0.572108973005
0.593496974323
0.0441253971703
0.0386355314461
0.0
0.0
0.0440905652799
0.0
0.0
0.658060084538
0.365037576456
0.515824953613
0.0385842655452
0.0
0.338037826299
0.636415185004
0.0413571709481
0.297523942814
0.388094414521
0.0
0.0
0.345117587901
0.0413571709481
0.0428267813936
0.585352149484
0.598209760955
0.0
0.0
0.380253334392
0.0372049109507
0.0
0.0
0.602858666355
0.234775158907
0.81260592819
0.224664770583
0.0
0.856682536212
0.468348232705
0.350816907718
0.881730589268
0.501979203779
0.0
0.0
0.466368910777
0.0463323521348
0.350816907718
0.483718214502
0.537267233788
0.0
0.0
0.0470818781247
0.0411831772274
0.868702134842
0.0
0.0
0.566029620966
0.0410145243752
0.0421540635493
0.0392769858468
0.0
0.609893640951
0.546959235603
0.0421540635493
0.323140159242
0.423463256561
0.0
0.34103376032
0.3752869636
0.0421540635493
0.0436819002537
0.385055734472
0.533621101067
0.0
0.0
0.0427735955936
0.037848575113
0.545605203808
0.528389268399
0.0
0.0
0.575550205386
0.0366388916293
0.58854467357
0.0352460202171
0.0
0.565719634636
0.607914922182
0.58854467357
0.374708507353
0.36481539653
0.0
0.518856446169
0.0345939147735
0.691029169175
0.607468926224
0.724439769763
0.943306151062
0.0
0.0
0.0380362573612
0.832356059525
0.564779230889
0.515965729146
0.512602082657
0.0
0.0
0.0
0.0
0.0
0.0
0.0
0.0
0.0
0.0
0.0
0.0
0.0
0.0
0.0
0.0
0.0
0.0
0.0
0.0
0.0
0.0
0.0
0.0
0.0
0.0
0.0
0.0
0.0
0.353590238402
0.0536117534739
0.404461480918
0.0506810988121
0.0
0.379485506223
0.0482842176601
0.404461480918
0.298072756263
0.0578898748057
0.0
0.0
0.049343625555
0.404461480918
0.424013867693
0.0567149833355
0.0479564559248
0.0
0.0
0.0566574529073
0.351713458454
0.0457718033236
0.0519450869518
0.0467499148413
0.299466104357
0.0
0.0
0.0
0.489934831943
0.0400700896284
0.542134887576
0.0384100304253
0.0
0.516939140539
0.0370173692102
0.542134887576
0.499126158204
0.0424127379561
0.0
0.0
0.0376368759969
0.542134887576
0.561302922549
0.041778652101
0.0368244180415
0.0
0.0
0.0417474253449
0.831442253127
0.0355225200908
0.0391316787874
0.0361088292818
0.430386408476
0.0
0.331329941721

Topic 4
Mean 0.319989950873
Median 0.303515426329
Sum 96.480866507
0.138268673929
0.579545834654
0.143031526576
6.59139644353e-300
0.362740670358
-0.00462998209946
0.217613060405
0.15409053304
0.285376126464
0.0
0.196371295654
0.139158852242
0.257032208264
0.0376549644842
0.383762471799
0.211892888983
0.921567890427
0.429059919854
0.487380911521
0.307068849595
0.274497962516
0.188593105915
0.816264620293
0.368110293299
0.0375419990783
0.36649492674
0.336085344674
0.744708955593
0.182229994524
0.222255405244
0.238222225609
0.0347082848029
0.336346003283
0.305694248552
0.253150943114
0.318439991537
0.326877539953
0.480865094017
0.350380038547
0.586426717271
0.255428934073
0.232482507062
0.752220163789
0.334237012993
0.216985775343
0.20415908348
0.89612496425
0.399046478688
-0.00477510532385
0.294501089245
0.264411146309
0.810616254252
0.745707314907
0.244547390747
0.359545972251
0.718036446567
0.724805300293
0.750298938575
0.506038637284
0.302667307985
0.263085941151
0.470450461301
0.459952425334
0.23830993544
0.562087652521
0.277255117643
0.718036446567
0.762473629371
0.750298938575
0.506038637284
0.288351154265
0.252202020977
0.786064591861
0.239515101654
0.22934453505
0.562087652521
0.265194136634
1.0
5.17735844114e-301
0.344419985263
-0.00423219456631
0.0441376332859
0.0
0.389606974897
0.352905978966
0.61811968179
0.329438203922
0.303919568
-0.00435312666261
0.684045606926
0.0436846862287
5.17735844114e-301
0.0342563842631
0.0
0.0374737839661
0.0
0.03445453
0.0350734915257
0.345222763762
0.031970943361
0.0413622782467
0.0
0.748314860687
0.0371467763561
0.503657516752
0.0
0.0
0.0
0.0
0.0
0.0
0.0
0.0
0.0
0.0
0.0
0.0
0.0
0.0
0.0
0.0
0.0
0.0
0.0
0.0
0.0
0.0
0.0
0.0
0.0
0.0
0.0
0.0
0.0
0.0
0.0
0.194782802084
0.752369037908
0.254916917277
0.0360129106135
0.851407873613
0.343240448968
0.452600125111
0.329361044849
0.303384357645
0.393451124815
0.262173188226
0.260242574705
0.249587880619
0.332169962119
0.0330746280316
0.0
0.0
0.210215149193
0.148892914471
0.275492537123
-0.00493126701262
0.414210069178
0.765545566992
0.295655605787
0.354494611732
0.325720590695
0.247481976724
0.283986978494
0.28854396032
0.275503920536
-0.00448253369861
-0.00448249829003
0.0
0.0
0.367395155181
5.17735844114e-301
0.383191808557
0.441314646324
0.0315971596297
0.0
0.0294231429459
0.596832516033
0.505782482133
0.283247664094
0.347056867509
0.405905464816
0.0375103890625
0.0313643539507
0.301948462869
0.0293124035377
0.0
0.0
0.373432458727
-0.0037112267957
5.17735844114e-301
0.0363941590215
0.0
0.0400470634632
0.0
0.0366178878041
0.0373178067079
0.0365110503705
0.033825266479
0.0445198003141
0.0
0.0500463266421
0.0396738270974
0.26526093058
0.0364465271355
0.0
0.0
0.0350631705809
-0.00478519824969
0.0308636749991
0.0
0.0
0.402316406146
0.0
0.0
0.0
0.407817666365
0.0
0.0
0.0
0.0
0.0
0.0
0.0
0.0
0.0
0.0
0.0
0.0
0.41887336298
0.0
5.17735844114e-301
0.0353593142884
-0.00436249204341
0.0387976232811
0.0
0.345741213913
0.0362305533711
0.344763074772
0.0329295577717
0.0429810440311
-0.00449109822792
0.0481101345217
0.0384472111408
0.401316785367
0.614854886814
0.0
0.0
0.0341016334978
-0.00462896822829
0.030116215435
0.0376975697683
0.0
0.204275891863
0.157256834879
0.894310831864
0.043133752818
0.294690048265
0.264563455064
0.427601524042
0.378449610834
0.244677669209
0.359734688097
0.411225412679
0.277470586601
0.265391260279
0.283741153355
0.0389855387989
0.0
0.0
0.262322928899
0.28416268212
0.698130569109
0.304049886164
0.0
0.0404203892415
5.68246674119e-300
0.649486987967
-0.00381753169663
0.431701061744
0.0
0.0360876181802
0.423469703362
0.241714894234
0.232290132096
0.840071862501
-0.00391565258135
0.41630801759
0.41630801759
0.361723278678
0.175453578149
0.0
0.0
0.401592208405
-0.00402004478516
0.353375798167
0.038278930293
0.0
0.18058051327
0.0410895089708
1.30744341759e-299
0.545410676808
-0.004351011754
0.514687213965
0.0
0.0369354924608
0.477916382469
0.387503106398
0.66612296014
0.572778404742
-0.00447893202775
0.894893827063
0.495843182596
0.363401144968
0.0367611533893
0.0
0.0
0.336811118652
-0.00461604466914
0.340936431645
0.0392342629863
0.0
0.0380342658555
0.0421923007192
1.0
0.200105037747
0.141785151104
0.262006543384
-0.00467108040778
0.391925075938
0.352681525863
0.2801787651
0.338044374879
0.311113871856
0.236544493587
0.269678116006
0.269831191608
0.258394143141
-0.00426650810362
-0.00426647602567
0.0
0.0
0.349755627997
0.378232750194
-0.00356190972037
-0.00453981379447
0.0
-0.00439896004424
0.269836554878
-0.00384542851565
-0.00438728727173
6.59139644353e-300
0.327549191052
-0.00417010465688
0.469567894958
0.0
0.0339546872974
0.438768512902
0.0338628057069
0.0315401133071
0.521641614946
-0.00428746522887
0.60309492255
0.585491346262
0.0391381857756
0.0338072959879
0.0
0.0
0.0326137531497
-0.00441294155952
0.0289498393702
0.0358876853246
0.0
0.0348810443624
0.0383468048278
0.387581629735
0.460776311272
-0.00420341479967
6.59139644353e-300
0.684744787491
-0.00442366257571
0.522193748504
0.0
0.0381610868838
0.93374370424
0.360199660029
0.244579353662
0.812112964195
-0.00455595534369
0.504517959907
0.502806393952
0.383145030482
0.369736005389
0.0
0.0
0.355308369445
-0.00469789905701
0.304725543858
0.0406200222894
0.0
0.0393351480629
0.0437991726382
0.607724657824
0.607724657824
-0.00446116484559
0.466783483224
6.59139644353e-300
0.660846323081
0.0
0.498857107728
0.0
0.303646495013
0.464237322417
0.473076179783
0.205913344251
0.594848172406
0.508936380363
0.635735760139
0.620713838184
0.65556812636
0.442254813546
0.0
0.0
0.408420292719
-0.00402955042951
0.358651937656
0.432100764045
0.0
0.310712314802
0.253600016719
0.741989039229
0.702916797855
-0.00385412541932
0.658049364978
0.518566814935

Topic 3
Mean 0.316067186654
Median 0.321860494713
Sum 105.199086362
0.0
0.0
0.478473662263
0.0
0.395203005315
0.986465962253
0.0
0.572071902454
0.493997766793
0.0472449775718
0.0
0.0379080133452
0.0379606861502
0.362633998544
0.0420812846131
0.0
0.551069160262
0.879309822789
0.587717986487
0.485427555235
0.0329468918166
0.0
0.394184835796
0.345054389513
0.29070048467
-0.00557728983131
-0.00468442547248
0.258903170269
0.0
0.0410678368251
0.501662165822
0.561449297827
0.0460111932573
0.376697124476
0.0353080096171
-0.00456431830969
0.0
0.526122997593
0.473246293329
0.408305165949
0.0491005463327
0.352793003569
0.0370992596179
-0.00457778737025
0.678460905698
0.0
0.0
0.900450208668
0.707392934437
0.0
0.0
0.0
0.0
0.0
0.0
0.0
0.760057155844
0.532511984425
0.432722282562
0.706053058878
0.254885288888
0.667127547594
0.469700617052
0.369264915752
0.3689632572
0.0
0.0
0.377437243083
0.345146282509
0.340854229508
0.0398628068345
0.0342335037904
0.249025356384
0.39898818713
0.036789784638
0.37724368235
0.0
0.438169241387
0.0
0.417944068698
0.473733497226
0.729414266081
0.0378542627741
0.318935383085
0.449560813207
-0.00425373410981
0.341639104256
0.321860494713
0.0
0.232311641152
0.0313826696769
0.0
0.191940727913
0.178551287996
0.192551175639
0.0
0.0
0.174310155817
0.20163791918
0.0
0.0
0.0
0.285141625447
0.193931145545
0.0
0.0
0.359283420726
0.633334774628
0.824205441104
0.0452911227043
0.32383071574
0.576185778711
-0.00431637813513
0.347262345754
0.679570881582
0.0
0.235947494026
0.353767743113
0.484026496995
0.0
0.0
0.0377720829037
0.721217003114
0.617477470583
0.0419138438293
0.0357352491317
0.0328441641479
-0.00467224677653
0.660401609317
0.254341577012
0.0
0.37019616226
0.0341226097114
0.0326401167579
0.0
0.0380236475618
0.0
0.036043094513
0.509266908831
0.569543975086
0.0397955274308
0.034183872838
0.483486706368
-0.00445470276279
0.883494977617
0.243532706643
0.745073654869
0.239164859218
0.0327053166235
0.496429255817
0.0
0.520237753114
0.588508063727
0.0
0.0
0.0
0.0
0.0
0.0
0.0
0.0
0.0
0.0
0.0
0.0
0.0
0.0
0.0
0.0
0.0
0.0
0.0
0.352626145419
0.459458278843
0.50079441777
0.0411659878193
0.035190194002
0.43668544234
0.371366542764
0.638040666091
0.246447167794
0.0
0.394330221002
0.356465126407
0.749197543451
0.182386713182
0.469133963111
0.741035150517
0.570684993956
0.0
0.0
0.480228002559
0.435784420774
0.463713694899
0.0421301609505
0.325658676484
0.0329768448008
-0.00427214006618
0.349365269843
0.633553501531
0.0
0.237305708075
0.333686403171
0.299122449704
0.0
0.592093952272
0.0357704893218
0.034216118296
0.0
0.035224366868
0.0
0.141773912015
0.531544113833
0.272546596342
0.0397224222864
0.0341299174957
0.524018597008
0.149198307644
0.264934618753
0.243156412418
0.0
0.308035564485
0.143295696846
0.0312955956126
0.128555449927
0.0362113432538
0.247584699426
0.237330924368
0.0
0.240097993471
0.0341620611946
0.0
0.564126551669
0.565321215328
0.389907714526
0.664489585596
0.0531069790772
0.458888940112
0.158450433844
0.0595230100579
0.0647972407647
0.0
0.834835960113
0.151809348647
0.412026395833
0.135366034951
0.414383597597
0.0528405792516
0.440420058023
0.0
0.141956116402
0.0531848465456
0.140007583262
0.0
0.35230057402
0.348697232066
0.375090989222
0.384050229561
0.233059407879
0.339082440471
0.263403869214
0.338155807828
0.703168200191
0.0
0.656030689788
0.696906825738
0.214041987196
0.176928421245
0.555947712459
0.242905353615
0.233027776454
0.0
0.237903705899
0.524765762406
0.300142914359
0.476437409398
0.0
0.322121730852
0.5266048195
0.752024085105
0.0351060431365
0.750165923539
0.472905298856
0.186418652597
0.425675203929
0.318849681856
0.394717267346
0.255629301651
0.17981230228
0.276112137212
0.502687783498
0.381756796172
0.476899241395
0.38583807874
0.0
0.389873945551
0.295251197631
0.49280542636
0.125713981652
0.648601565028
0.0
0.295244237819
0.351395107363
0.61094366166
0.0340618206818
0.285210105625
0.0278189441574
-0.00377628236792
0.303230511785
0.301948462869
0.817547413261
0.583906394151
0.0287306784975
0.836621968286
0.0
0.386359847443
0.0297810276515
0.63884707596
0.0
0.0294015106114
0.370245253039
0.0286576818947
0.52941170254
0.541795126414
0.339244707737
0.0
0.049343625555
0.331197653728
0.379485506223
0.0566574529073
0.0459241461995
0.0412570660324
-0.00613748857868
0.364888189622
0.32481995741
0.0
0.317095888993
0.0432946443189
0.0409356106221
0.0
0.0497738121552
0.332770818608
0.3145074126
0.0
0.319385199422
0.0459823630792
0.313880106937
0.0786391503294
0.306397158075
0.272970897549
0.0365365032621
0.0
0.912262609089
0.403129765593
0.262686320056
0.516552141418
0.0347565005668
0.407596116962
0.375472180691
0.0373944937615
0.0394097440761
0.0
0.552579738786
0.360246212614
0.0318216286244
0.18411786172
0.0369174721206
0.0346421979296
0.0331823370157
0.0
0.337575896773
0.0347898359131
0.135803498755
0.495675730751
0.320887233644
0.1713446907
0.0290981493254
0.0441345381267
0.0
0.140027332207
0.465262224954
0.569543975086
0.0424747346413
0.35206052069
0.126909069602
0.147265255851
0.929420872526
0.355628198137
0.745073654869
0.256956525091
0.141511656545
0.321250716411
0.127117724676
0.326217936547
0.612307278003
1.0
0.0
0.5930371346
0.328073024608
0.246500686082
0.138303991348
0.24186184236
0.399175915119
0.63884707596
0.330815472045
0.134200094332
0.0
0.373875219324
0.374399586948
0.0399255244562
0.415463250085
0.0361743509559
0.324547424694
0.0
0.0390408370376
0.0412426659799
0.0
0.44593158238
0.0345227528156
0.0330060594346
0.0
0.0385211795779
0.0360505490304
0.034472280245
0.0
0.0354959078299
0.0362104629418
0.0344174113563
0.525752051468
0.333227937192
0.0308971093939
0.0300853702327
0.046446189242
0.342526135055
0.0364647154396

Topic 2
Mean 0.294742158632
Median 0.250016305883
Sum 87.208976558
0.0506810988121
0.24764148817
0.0536117534739
0.0
0.0
0.0
0.0435256417336
0.384957461427
0.045669676016
0.0
0.0349893522224
0.284633264216
0.0363616162958
0.0
0.252588833723
0.0
0.0
0.0
0.0
0.0
0.0
0.0399247855419
0.342400353053
0.0417214224212
0.0
0.297064869161
0.345973391194
0.0
0.0
0.0
0.0
0.0
0.0
0.0
0.0
0.0
0.0387057012558
0.0459427956743
0.440739314409
0.0
0.427601524042
0.398584828817
0.0
0.281170330206
0.0
5.17735844114e-301
5.17735844114e-301
5.68246674119e-300
0.0
0.204275891863
0.179901874313
0.0
0.200755489235
0.0
0.211892888983
0.0377129866425
0.0445508199293
0.379932981702
0.0
0.157256834879
0.417375117732
0.0
0.142242601668
0.0
0.921567890427
0.138268673929
0.0374541595773
0.320401815235
0.427247540961
0.0
0.785441597928
0.800663629867
0.0
0.465326769877
0.0
0.790347137944
0.193654526378
0.850108450662
0.0389116801139
0.0462332915397
0.0406163467152
0.0
0.0402039520763
0.737409326082
0.0
0.382963661306
0.0
0.0360565643243
5.17735844114e-301
0.0351935733482
0.0349680696196
0.762967473847
0.0484220132827
0.223029568182
0.0
0.162986332992
0.900696939126
0.0
0.384856605896
0.0
0.502458081834
0.142678675335
0.58375664792
0.351602189261
0.818317389294
0.347611190701
0.317726895259
0.217287067085
0.0
0.278313725788
0.731432104982
0.0
0.46220440004
0.0
0.0357356401166
5.17735844114e-301
0.0348877623853
0.439689244879
0.807103428216
0.810963119467
0.248470333512
0.0538305003584
0.55075774939
0.0
0.0458283169604
0.0364621099002
0.0
0.0418537795192
0.0
0.0405160211628
5.17735844114e-301
0.0394295768932
0.0391467397645
0.0407417746431
0.223701626776
0.217924913786
0.0
0.0
0.0
0.0
0.516871233759
0.521028394398
0.0
0.0
0.0
0.0
0.0
0.0
0.584420493615
0.0
0.0
0.0
0.0
0.249083918197
0.0539926422264
0.552186009308
0.0
0.0459457828409
0.0365364289362
0.0
0.0419517322968
0.0
0.0406078054805
5.17735844114e-301
0.0395164995031
0.0392324184617
0.0408345858182
0.224198856193
0.21839676749
0.703827530846
0.0
0.0
-0.0057403010801
-0.0050108424554
0.0
0.411225412679
0.187571246807
0.0
0.270596627537
0.0
0.810616254252
0.20415908348
0.89612496425
0.468406525215
0.0
0.149468538203
-0.00427668568976
-0.00504538816305
0.597200675781
-0.00505710288833
0.342291864648
0.298072756263
0.433420440638
0.0
0.464297876218
0.554094936974
0.0
0.328930709055
0.0
0.379608321913
0.376630091424
0.487331973934
0.486849227881
0.0341372383813
0.469694376251
0.307350344836
0.434622439456
0.410241441342
0.435511380352
0.366646245994
0.0378385177608
0.0447261042736
0.0394485082563
0.0
0.378449610834
0.322525515195
0.0
0.766433215715
0.0
0.744708955593
0.188593105915
0.816264620293
0.431745563549
0.354440501113
0.356061376389
0.351433989396
0.0395668165367
0.548419597827
0.0396543459616
0.745707314907
0.55230070646
0.0392769858468
0.0467499148413
0.0410145243752
0.0
0.0405940462297
0.496873953887
0.0
0.537266606792
0.0
0.369288269157
5.17735844114e-301
0.397321253975
0.35730894429
0.0365518238208
0.524593346252
0.03622206319
0.041142427466
0.0
0.041237075139
0.0
0.323140159242
0.524237554044
0.761385034911
0.0482291094457
0.222547259188
0.0
0.454335927886
0.319690668503
0.0
0.332073864563
0.0
0.474081220049
0.224456647958
0.656213961612
0.426692125167
0.0374498614067
0.695257046209
0.190504476697
0.223216409865
0.0
0.223711482218
0.454034947644
0.515623059528
0.414408657149
0.693640846548
0.711261613314
0.0439432491607
0.218543288934
0.0
0.370041920712
0.312781332483
0.0
0.350294154523
0.0
0.383035341542
0.184581228857
0.13086099332
0.733979793562
0.342707542981
0.653221847624
0.339895994953
0.21918854319
0.433352338756
0.219665890804
0.438542398859
0.877782770032
0.406246026274
0.0351054513313
0.65206155936
0.0
0.0
0.0
0.0
0.0
0.0
0.0
0.0
0.0
0.0
0.0
0.0
0.0
0.0
0.0
0.0
0.0
0.0
0.0
0.0
0.0
0.0
0.0
0.0
0.0
0.0381336843577
0.0451390930276
0.387540512176
0.0
0.160453557977
0.828937905454
0.0
0.14485297879
0.0
0.344839937892
0.140733968787
0.759317020245
0.812347715048
0.0355596664128
0.594421890507
0.03524748832
0.0398896778157
0.0
0.0399786431374
0.147335719656
0.294386267311
0.232974831534
0.539910631437
0.334162465773
0.133067102748
0.0
0.0392769858468
0.0467499148413
0.0410145243752
0.0
0.0405940462297
0.369978847014
0.0
0.689904525153
0.0
0.369288269157
5.17735844114e-301
0.397557755371
0.35730894429
0.319764642101
0.369246300844
0.424486987885
0.041142427466
0.0
0.041237075139
0.0
0.323140159242
0.871026570161
1.0
0.693640846548
0.296662847302
0.0
0.326305636082
0.234191082126
0.0501060912539
0.517618841667
0.0
0.0431008577802
0.0347143212612
0.0
0.0395670898519
0.0
0.0383694242063
5.17735844114e-301
0.037393666741
0.0371391893653
0.0385718301448
0.212060641083
0.206862517025
0.659621508011
0.0
0.661234244614
-0.00477178718303
0.41372049555
0.0375170776099
0.0389307532406
0.211624560443
0.208000777757
0.0
0.0378072313693
0.0389307532406
0.292332086747
0.0658808776681
0.653752725197
0.0
0.0542810003802
0.0416184363839
0.0
0.0487928951149
0.0
0.0469843633739
5.17735844114e-301
0.0455295565987
0.0451528551054
0.0472882237498
0.258639731355
0.250948693569
0.812210680667
0.0
0.814722566843
-0.0048002894868
0.641817420062
0.0457126430083
0.0478288300612
0.257991334311
0.252625788364
0.0
0.0461441394395
0.0478288300612
0.754623379034

Topic 9
Mean 0.289240057447
Median 0.235998326716
Sum 51.7739702831
0.0
0.0
0.251842899157
0.0
0.0
0.0
0.0
0.0
0.0
0.0
0.0
0.0
0.0
0.0
0.0
0.0
0.0468660958056
0.329953107417
0.0
0.0
0.0
0.0
0.0510040918789
1.0
0.0
0.0
0.0
0.329953107417
0.0
0.0
0.0
0.0
0.0
0.0
0.0
0.0
0.0
0.0493543151692
0.047662170836
0.0
0.0
0.0
0.044029362425
0.047662170836
0.0
0.0
0.225091186593
0.375879169203
0.0
0.0
0.0
0.0401357255962
0.548560831678
0.0
0.23603513733
0.0
0.373027005649
0.618917067602
0.0
0.0
0.0
0.0388223760786
0.0416194554116
0.0
0.204707224623
0.932195130169
0.0
0.049345259179
0.0476537251282
0.0
0.0
0.0
0.0440221550176
0.0476537251282
0.0
0.548923287475
0.235998326716
0.2046795364
0.0
0.0
0.0
0.0
0.0
0.0
0.0
0.0
0.0
0.0
0.0
0.0
0.0
0.0
0.0
0.0
0.0
0.0
0.0
0.0
0.0
0.0
0.0
0.0
0.0
0.0
0.0
0.0
0.0
0.0
0.0
0.0
0.0
0.0
0.0
0.0
0.0
0.0
0.0
0.0
0.0
0.0
0.0
0.0425845139137
0.839829975881
0.0
0.0
0.0
0.280632310564
0.839829975881
0.0
0.226371324913
0.207939729911
0.305953250152
0.226337466598
0.0
0.0
0.0
0.0
0.243609118557
0.269721978457
0.0
0.0
0.0
0.0
0.0
0.0
0.0
0.24543653676
0.251441962926
0.0
0.0
0.0
0.0
0.0
0.0
0.435762678023
0.768777788897
0.0
0.0
0.0
0.295295115448
0.768777788897
0.0
0.0424272831178
0.534720457217
0.329306295686
0.0424205906343
0.0
0.0
0.0
0.658377750634
0.151141525736
0.0
0.0429570361473
0.983015287873
0.0
0.0
0.0
0.28285342992
0.828405923283
0.0
0.0405616930418
0.378958665952
0.461461246967
0.0405555761327
0.0
0.0
0.0
0.770815592153
0.0
0.649630309932
0.0
0.0519138732105
0.0500449886259
0.0
0.0
0.0
0.0460550676154
0.0500449886259
0.0
0.0484557081133
0.0437814079833
0.0422232604447
0.529978825798
0.0
0.0
0.0
0.0419138438293
0.0
0.0443051095905
0.0422746749293
0.0
0.436357015706
0.0433975165749
0.0
0.0
0.0
0.0403650459169
0.40484859338
0.0
0.0421973404684
0.646822955425
0.520910760149
0.042190720325
0.0
0.0
0.0
0.0371481539771
0.0
0.393507308256
0.0374313183136
0.0440544221632
0.0
0.59900388952
0.728757438676
0.0
0.0
0.0
0.313140262072
0.728757438676
0.0
0.0451156649433
0.591429716764
0.618829406634
0.0451080975335
0.0
0.0
0.0
0.617477470583
0.269043144611
0.645036737072
0.55669599095
0.0472449775718
0.377595349713
0.0
0.0
0.0
0.0
0.0
0.0
0.0
0.0
0.0
0.0
0.0
0.0
0.0
0.0
0.0
0.0
0.0
0.0
0.0
0.0
0.0
0.0
0.0
0.0
0.0
0.0
0.0
0.0
0.0
0.0
0.0
0.0
0.0
0.0
0.0
0.0
0.0
0.0
0.0
0.0
0.0
0.0
0.0
0.0
0.0
0.0
0.0
0.0
0.049667754573
0.0479544221125
0.0
0.0
0.0
0.0442786442686
0.0479544221125
0.0
0.701468882734
0.237307951468
0.205663905936
0.552186009308
0.0
0.0
0.0
0.227541790434
0.0
0.0426587062881
0.040773160912
0.0487578027442
0.0424262551861
0.045377435773
0.0
0.0
0.0
0.462857485966
0.195581735263
0.0
0.0
0.0
0.0362590674289
0.0386874255791
0.0
0.569264922412
0.823666739225
0.505283591461
0.448131590993
0.0
0.0
0.0
0.189304674914
0.190579315879
0.337368606955
0.379240750741
0.378989532411
0.527167053903
0.33728659105
0.0
0.0
0.572024637306
0.0
0.0495305149412
0.0478264753761
0.0
0.0
0.0
0.0441695380894
0.0478264753761
0.0
0.699654181468
0.236750947491
0.205245415224
0.55075774939
0.0
0.0
0.0
0.227029639452
0.0
0.0425574282614
0.0406806284305
0.0486255390254
0.0423260766023
0.045262854389
0.0
0.0
0.703827530846
0.570817309602
0.0
0.0468516470106
0.0453241070713
0.0
0.0
0.0
0.0420266418435
0.0453241070713
0.0
0.247682020855
0.225784606213
0.328239767381
0.24764148817
0.0
0.0
0.0
0.361459132467
0.0
0.0405645724556
0.0388559000609
0.0460411144982
0.0403543271814
0.0430152592683
0.0
0.0
0.249083918197
0.203981563332
0.248470333512
0.0
0.468954222019
0.718639864144
0.0
0.0
0.0
0.48008605778
0.329841388479
0.0
0.18796345174
0.756055327689
0.458329998714
0.459565997338
0.0
0.0
0.0
0.16970403958
0.242211751173
0.526943050188
0.504310092636
0.481144706323
0.441205064535
0.487893969002
0.0
0.0
0.188769724141
0.712267438868
0.188417104137
0.181405047827

Topic 8
Mean 0.289040996333
Median 0.279508465846
Sum 101.058151923
0.579499943085
0.320401815235
0.777754317255
0.0351316884486
0.0401244101715
0.0465197454417
0.790347137944
0.0396944563889
0.0459427956743
0.0362305533711
0.0399663281497
0.882785413744
0.055392516283
0.854000369284
0.041394591088
0.193654526378
5.17735844114e-301
5.17735844114e-301
5.17735844114e-301
0.211892888983
5.17735844114e-301
0.555642319275
0.0395347177622
0.0457289452832
0.319621034228
0.436509467253
0.0412209059834
0.35788909082
0.449397660903
0.38896404636
0.261521475935
0.290465099864
0.420855791864
0.304125811963
0.164890783702
0.595136336994
0.486728525338
0.764846908752
0.043669745965
0.528961212427
0.432505642134
0.46719270478
0.170268627534
0.605837664252
0.872719350435
0.413393230156
0.0366905538591
0.0419661386122
0.0337114061675
0.591865467063
0.0381384145539
0.209519476239
0.214061802535
0.225207414393
0.315412843284
0.450753829399
0.466987874756
0.328265890238
0.744792813364
0.0379071162103
0.853463992459
5.17735844114e-301
0.0377614125629
0.383620315045
0.178031754791
0.0351582728712
0.0
0.0
0.0
0.0
0.0
0.0
0.0
0.0
0.0
0.0
0.0
0.0
0.464212736952
0.0418699066462
0.0488823882454
0.0380342658555
0.477916382469
0.043765949839
1.30744341759e-299
0.556963996293
0.457155287028
0.344838770487
0.444764649788
0.0398861833797
0.0
0.197528641116
0.0
0.0
0.0
0.21653984929
0.0
0.35788909082
1.0
0.167691192187
0.173256338058
0.214061802535
0.0
0.0
0.0
0.232903099932
0.26348268495
0.300794451162
0.0333003632376
0.252604103029
0.037613167188
0.341017775745
0.333145758984
0.200146990668
0.27894299232
0.340233587876
0.237030788777
0.0
0.034493796932
0.333145758984
0.969814249248
0.472483071795
0.333196345436
0.186599852722
0.417383627821
0.336526026077
0.383528322862
0.533498564447
0.584159164788
0.608137722249
0.760230946258
0.464621326846
0.0
0.43724988792
0.336920318338
0.32266868222
0.320098937205
0.345623142984
0.043563089337
0.0347342482952
0.328563256392
0.345250367606
0.188085555353
0.547574011695
0.752232040842
0.295962223647
0.307998955489
0.0362722489111
0.0
0.344622895521
0.191737954941
0.175750588677
0.320417522412
0.555063591084
0.839847879424
0.343480850253
0.0370057047332
0.45094575921
0.532718948746
5.68246674119e-300
0.456409013032
0.680383877855
0.455193293295
0.345120915244
0.475592295159
0.0
0.386047192499
0.0
0.244862740386
0.572752942176
0.642125699985
0.350413221528
0.346839333364
0.0478087187879
0.0373810782433
0.360582109555
0.52273143153
5.05889625445e-300
0.517552478619
0.483196161543
0.478716469986
0.335964637439
0.0391684389635
0.0
0.380016894566
0.0
0.033955694814
0.662268210679
0.454588092713
0.507755250642
0.800663629867
0.517113839266
0.284633264216
0.0329541954917
0.398584828817
0.514357809704
0.179901874313
0.517270707135
0.78946524008
0.607735803613
0.192086335026
0.226879575713
0.0
0.315967858911
0.183240532701
0.557684518195
0.311100466707
0.921285505294
0.342126533613
0.50196996613
0.427247540961
0.0452921880761
0.0536117534739
0.229791775267
0.440739314409
0.26739052875
5.68246674119e-300
0.0402265870904
0.0337102310222
0.187667724307
0.408192298166
0.241848346891
0.0
0.466712344043
0.0
0.0367835298704
0.400858122975
0.367102717968
0.411156059354
0.407535709208
0.0363616162958
0.251591022834
0.0415979947736
0.0485121707771
0.352449360791
0.260518361221
0.043468941118
5.17735844114e-301
0.317606756625
0.598001539342
0.630959631859
0.0347455233228
0.0396393506222
0.0
0.40235265881
0.0
0.0343090388962
0.0373218015685
0.249418695275
0.243804332041
0.248019541978
0.23332258925
0.0423646646807
0.850108450662
0.445962091759
0.0445508199293
0.0353593142884
0.921567890427
0.040261176988
0.138268673929
0.979817401279
0.439286693228
0.336574432517
0.316979898773
0.0369544387186
0.0
0.545410676808
0.141035366141
0.128948578198
0.480618234585
0.58375664792
0.438980707618
0.350048091607
0.417375117732
0.379932981702
0.254051784633
0.310655868867
0.035827421744
0.0408407559119
0.0329813557981
0.318621937476
0.037206682502
0.380650465112
0.33434458023
0.280073939371
0.293799283905
0.299246544052
0.0343649487036
0.0
0.667166420661
0.33434458023
0.529226951478
0.360100426198
0.30175353727
0.301033429468
0.328547244127
0.206518446797
0.354736337182
0.348718115091
0.310368858934
0.0359471771889
0.0411916751764
0.0479604493246
0.210865404443
0.0370984845512
0.242104722159
5.17735844114e-301
0.0369589194356
0.0313848844531
0.174850774613
0.0344615875861
0.220974046749
0.0
0.0389919089683
0.0
0.0340321637115
0.190683043106
0.0355311810965
0.0379116362354
0.0383057115038
0.0336706967728
0.498234269931
0.0387559877026
0.0361855289813
0.0336990514839
0.243584891093
-0.00412024949865
-0.00525893709691
-0.00419096922215
0.266257806104
-0.00412618700953
0.190933449236
0.194698398675
0.208267493141
0.291052378761
0.832777390143
-0.00410308110449
0.0
-0.00418037284466
0.194698398675
0.312059513839
0.315299208541
0.184204907504
-0.00390968918415
-0.00393421906303
0.176348386962
-0.00464009469493
-0.00408757904294
0.135332592722
0.178851634569
-0.00429357206614
0.584420493615
0.575333613699
0.0
0.0
0.0
0.0
0.0
0.472113306066
0.465454935176
0.483785997707
0.0
0.0
0.0
0.0
0.0
0.0
0.579128168217
0.0
0.481342287538
0.0
0.521028394398
0.0
0.0
0.0
0.0
0.0
0.0
0.259452830349
-0.00439513754201
-0.00571517044603
-0.00447570062305
0.285332866348
-0.00440189438901
0.203481973719
0.207763614056
0.219759082337
0.307566271394
0.383799500021
-0.00437560733392
0.0
-0.00446361759061
0.207763614056
0.331121325549
0.334771209285
0.195857601181
-0.00415635848053
-0.00418409224874
0.1869995428
-0.00499168237711
-0.0043579820157
0.144159848073
0.189816721639
-0.00459291353888
0.348324421297
0.0
0.0451528551054
0.0537485654142
0.0658808776681
0.267777951101
0.0469843633739
0.320254172772
5.17735844114e-301
0.0467607302777
0.0381812445492
0.212258418655
0.0428334984232
0.284293296488
0.0
0.0500632197485
0.0
0.0421720895597
0.236050556322
0.0444984526193
0.0482962913627
0.0489376485986
0.0416184363839
0.653752725197
0.0496749708961
0.0455295565987
0.0416617654047
0.583206996686
-0.00445898325763
0.0
-0.004782702946

Topic 5
Mean 0.28262317675
Median 0.274861698647
Sum 103.853689572
0.342400353053
0.0417214224212
0.0536117534739
0.728982917187
0.296224830642
0.0362853717036
0.358434451489
0.309494241408
0.0377863082414
0.766399124264
0.366549004069
0.0443885877222
0.0391857109009
0.13496671615
0.326565265704
0.297064869161
0.384957461427
0.045669676016
0.342539225142
0.569479771494
0.274243263428
0.038800081949
0.0488823882454
0.466712344043
0.0340553583826
0.0353741234437
0.325633498901
0.0421923007192
0.242794232731
-0.00499997396377
-0.00443731729501
0.122848346111
0.228582740486
0.245594562403
0.368278305895
-0.00401506998765
0.281170330206
0.0459427956743
0.440739314409
0.14030966551
0.262285963659
0.317981685622
0.427601524042
0.477916382469
0.404523575015
0.459364202168
0.315301364309
0.215818596478
0.489428518
0.235257165253
0.232417402787
0.276450868541
0.353475307081
-0.00383038641274
0.238486270863
0.270596627537
-0.0057403010801
-0.0050108424554
0.135546683825
0.253061597817
0.274079608929
0.411225412679
-0.00447893202775
0.36808052215
0.810616254252
-0.00425032520061
0.465326769877
0.320401815235
0.427247540961
0.495108541477
0.240256456495
0.307790598023
0.785441597928
0.464212736952
0.461077216915
0.790347137944
0.520183569572
0.468406525215
0.389173094531
0.049343625555
0.778383218209
0.342379810546
0.355689163615
0.372187783121
0.274943944436
0.507990559311
0.246156347229
0.481371830356
0.0361189501676
0.274779452858
0.809370208441
0.636314134998
0.32481995741
0.0467966088448
0.496571800568
0.351703858711
0.320994343223
0.283741153355
0.363401144968
-0.003913678464
0.352905978966
0.741995635308
-0.00435312666261
0.341187215422
0.526122997593
0.257154350549
-0.00537964522551
-0.00473381265234
0.129835795421
0.808596925198
0.260297872837
0.261644284872
-0.00425628843503
0.235441660844
0.271356744678
-0.00404931927542
0.261495317752
0.247845465303
0.260929023768
-0.0041425206966
0.200755489235
5.17735844114e-301
5.68246674119e-300
0.129939036572
0.188303018644
0.203220161641
0.204275891863
1.30744341759e-299
0.183738706515
0.211892888983
5.17735844114e-301
0.20415908348
0.193654526378
0.203715045227
5.17735844114e-301
0.559629780182
0.259479757576
0.0495666058249
0.458470604286
0.163486774245
0.239047406882
0.263612075871
0.265391260279
0.495843182596
0.231739361396
0.786064591861
0.0362382799625
0.265194136634
0.457165672422
0.6210450684
0.0436846862287
0.717252758951
0.718036446567
0.0372492647615
0.046446189242
0.397366250368
0.0328547699803
0.0340805171464
0.0352147744629
0.0403648454334
0.37115952609
0.0
0.352598022863
0.0345416617971
0.0
0.342868397109
0.373875219324
0.0412426659799
0.0
5.05889625445e-300
0.375184008394
0.348816641178
0.0487459122676
0.452711591424
0.310750285392
0.321674919537
0.334360153222
0.246863398983
0.0395094922032
0.223404929392
0.25549140337
0.201433821315
0.246730783175
0.234542889121
0.47777479987
0.472562606883
0.235505902871
0.18378903656
0.231819428975
0.0379026214232
0.0
0.0
0.0
0.0
0.0
0.0
0.0
0.0
0.0
0.0
0.0
0.0
0.0
0.0
0.0
0.0
0.0
0.0
0.0
0.0
0.389695841943
0.0510523407175
0.473877411196
0.342784342129
0.356125777312
0.344166513505
0.0437991726382
0.607724657824
-0.00407685550975
0.93374370424
0.257722510581
-0.00455595534369
0.470310437728
0.515301640483
0.383145030482
-0.00432578515021
6.59139644353e-300
0.502806393952
0.376241274358
0.346629823325
0.0
0.354436282049
0.0465329709371
0.423062906078
0.315202482256
0.326448063039
0.595000600218
0.351918206357
0.45995124793
0.319835231747
0.438020317464
0.240763528539
0.351737600364
0.426481492368
0.577308301871
0.480034473027
0.519680625127
0.928558534878
0.884640090882
0.339838317891
0.439459259775
0.0
0.465936786602
0.389387628565
-0.00616888701923
-0.00533435338848
0.142515626992
0.345523718103
0.394690594051
0.29166315565
-0.00473564639116
0.259472941533
0.303783737026
-0.00448082836927
0.291478057239
0.274619503801
0.395757076003
-0.00459523247855
0.275940664067
0.215488679821
0.284632979327
0.0
0.353260296463
0.0
-0.00482183702512
0.247381688117
0.36923432493
0.0441864932965
0.370010239546
0.326851912949
0.338960061065
0.253453303111
0.380122129135
0.347183988936
0.342962113352
0.393846219384
0.0332760924928
0.700162651078
0.360577482139
0.366321782089
0.362096065798
0.242654528619
0.189390255212
0.350702866005
0.33443334893
0.714252641586
0.0
0.366784906326
0.651055024029
0.268260852179
0.0308547381848
0.0369084626393
0.0332388788494
0.0277772019242
0.0286483343159
0.476142742672
0.447902756665
0.448993516353
0.333126915472
0.421400595199
0.201671942916
0.39240525103
0.446345040787
0.302583659807
0.29580825192
-0.00341412019653
5.17735844114e-301
0.0316380627788
0.0303371218748
0.0313016819788
0.0
0.469884612724
0.490513527013
-0.00371582610159
0.0293565274042
0.310769532726
0.0405524682681
0.203504145259
0.121444105808
0.292793850989
0.314308476641
0.243652078587
0.0339498119523
0.220771674404
0.252053248749
0.220560966281
0.243522889698
0.23164222917
0.315018314599
0.0365285395042
0.232581522775
0.181498056416
0.228186396112
0.0327565235102
0.286238040073
0.0
0.0349825029696
0.211957067424
0.331832338851
0.227101617954
0.0277069435918
0.250792536473
0.050320200397
0.0437370162912
0.126527660619
0.235658473104
0.260309225272
0.509897578139
0.439884877283
0.343364821196
0.394377381171
0.376115564653
0.380405639756
0.501471003024
0.254381451227
0.387373880977
0.242955376314
0.189626009848
0.241183565592
0.0388476337524
0.230159000569
0.0
0.292472627414
0.329100459063
0.26862859255
0.353638061013
0.429366610828
0.22736511505
0.544790801473
0.3496708521
0.0420094639723
0.442627988283
0.340767084992
0.0361273676406
0.302522185267
0.0390490779202
-0.00390571100852
0.0371502324421
0.46655472902
-0.00434327175166
0.47270667436
0.508434109792
0.837529573764
-0.00413359530993
5.17735844114e-301
0.0394844793292
0.0374786952143
0.45824291494
0.0
0.368901706461
0.465265449164
-0.00458425227492
0.350514061917
0.0310119917206
0.0335447264418
0.039961207968
0.0362603801993
0.0449187182163
0.222819978072
0.0320830328677
0.0332508489308
0.034329678845
0.0392061921504
0.036957282238
-0.00388224054772
0.0352519819261
0.235237189434
-0.00431426740199
0.0342108221759
0.0372203218215
0.040033824509
-0.00410731532748
5.17735844114e-301
0.0373470527623
0.0355476020564
0.20751983266
0.0
0.0381843471657
0.035598413111
-0.00455195207138
0.0342086749186
0.0296779423607
0.320549123226
0.0377732860081
0.036477755077

Topic 7
Mean 0.277980725142
Median 0.232644307206
Sum 106.092788646
0.0
0.0555703566865
0.0
0.268126641347
0.0
0.0536117534739
0.269818395236
0.0
0.0539926422264
0.552186009308
0.269098553211
0.0
0.0538305003584
0.55075774939
0.703827530846
-0.00517025640928
0.0
-0.0057403010801
-0.0050108424554
-0.00505710288833
-0.00504538816305
0.0372521235898
0.0
0.284633264216
0.0363616162958
0.0365364289362
0.0364621099002
0.187571246807
0.22848814624
0.0
0.0482291094457
0.222547259188
0.223711482218
0.223216409865
0.454034947644
0.319690668503
0.0408608418521
0.0
0.0451680649973
0.0397919211609
0.0400013677558
0.0399123013789
0.266959041308
0.512112638702
0.29398215715
0.220890027112
0.0
0.31799876176
0.215332880811
0.216422660584
0.215959289529
0.143577923919
0.375926358649
0.189000676029
0.781685152212
0.0428980525081
0.0
0.342400353053
0.0417214224212
0.0419517322968
0.0418537795192
0.270596627537
0.345973391194
0.332073864563
0.375848491253
0.255542405448
0.036290100366
0.0
0.288545784233
0.0354444712314
0.0356105563865
0.0355399526349
0.254168726886
0.302789118199
0.278546229661
0.841350441443
0.707874306868
0.337809254093
5.17735844114e-301
0.0
5.17735844114e-301
5.68246674119e-300
5.17735844114e-301
5.17735844114e-301
0.20415908348
0.179901874313
0.224456647958
0.198178320883
0.137301460892
0.200755489235
0.189091428331
0.710786042457
0.0
0.282870668195
0.195685724463
0.196585296271
0.196202902562
0.249058072972
0.605144560014
0.272420045052
0.956251694221
0.814587848608
0.332016161176
0.962985421952
0.185449559364
0.242708039327
0.0
0.0479604493246
0.498234269931
0.50099932222
0.499823301779
-0.00460912965264
0.0336706967728
0.204749224571
0.0365916801604
0.198626759191
0.0382169654457
0.0328828036766
5.17735844114e-301
0.181790729066
0.0387082466919
0.0
0.0425522582936
0.037747659492
0.0379360877903
0.0378559718164
0.0
0.524930027869
0.323893234588
0.0333571075597
0.032546804887
0.497299966405
0.310409425687
5.17735844114e-301
0.0297911183058
0.0348558410593
0.047247712412
0.0
0.0531031543868
0.50137843081
0.0461023202419
0.045984053615
0.206155561777
0.221581676621
0.255274072705
0.200059001599
0.138565690531
0.202685640029
0.323176183376
0.410727397529
0.187095407513
0.041631360271
0.341799136261
0.321310694028
0.0
0.0658808776681
0.653752725197
0.814722566843
0.812210680667
-0.0048002894868
0.0416184363839
0.257991334311
0.0461744163581
0.248345758016
0.0487928951149
0.040421303325
5.17735844114e-301
0.222573077874
0.583206996686
0.0434442727291
0.0544996209415
0.0366058535305
0.0
0.040025195833
0.339339345607
0.0359145455762
0.0358427324784
0.350885525685
0.35396476331
0.858606347067
0.611788574899
0.503915247398
0.300228547585
0.832562021649
0.175497660308
0.547722390975
0.0331418362689
0.283790426387
0.338045110942
0.0408134263765
0.0400625875745
0.0
0.0441946541675
0.0390344982171
0.0392360270462
0.0391503326041
0.2566141744
0.425282709614
0.281485974493
0.249263978024
0.395690152094
0.252432458254
0.318829311658
0.190831836836
0.233587774359
0.0359502067029
0.336940621042
0.658870210598
0.0451576350536
0.37143315767
0.217680480706
0.0
0.04252405837
0.448131590993
0.572024637306
0.570817309602
0.194900384408
0.888617118043
0.526734884865
0.189442530656
0.181544845724
0.327073515133
0.20862847511
0.384287500024
0.177778190713
0.413819221876
0.526235010067
0.387719978591
0.638041975585
0.632717499985
0.226290309124
0.0421510771945
0.0
0.0467499148413
0.0410145243752
0.041237075139
0.041142427466
0.0
0.496873953887
0.693640846548
0.0358827856712
0.0349468527017
0.537266606792
0.29964338646
5.17735844114e-301
0.0317894780258
0.0376229886405
0.965904210542
0.328791225732
0.0478288300612
0.317159356308
0.324293043085
0.32994917537
0.0404988150328
0.0
0.0447261042736
0.0394485082563
0.0396543459616
0.0395668165367
0.745707314907
0.322525515195
0.414408657149
0.348337292425
0.132781006614
0.766433215715
0.315419139427
0.188593105915
0.310362786119
0.0363010818814
0.486117073396
0.593342744708
0.0457126430083
0.326740185837
0.584870878624
0.319382503307
0.524237554044
-0.0047159402331
0.0
-0.00518565480388
-0.00458295084281
-0.0046216174753
-0.00461183152141
0.254611522699
0.175045158364
0.279078125287
0.786712595293
0.289372762801
0.324691366556
0.751662331982
0.189406669829
0.775204149701
-0.00424459949059
-0.00368685210089
0.191123830525
-0.00440618782917
0.587359660666
0.238465986906
0.181411483158
-0.00373773020319
0.305300869844
0.0432925209449
0.0
0.0481581780498
0.460685809861
0.0423289124354
0.0422291924832
-0.00462515806101
0.0337680329626
0.0387029284534
0.0367066658422
0.0357278470243
0.0383424100779
0.0329756315576
6.59139644353e-300
0.0324344228055
0.038529727418
0.0349601605504
0.919212338021
0.0493038698211
0.316849131455
0.0360611900764
0.338136314592
0.0377445579949
0.0364142456393
-0.00425818908688
0.22848814624
0.0
0.0448563636667
0.222547259188
0.223711482218
0.223216409865
0.379538708372
0.296721346439
1.0
0.24711644313
0.189000676029
0.322175549291
0.236117661229
0.18921244286
0.231700840054
0.204749224571
0.300338294027
0.234950028596
0.257991334311
0.941658341175
0.238226650687
0.48694641033
0.337970191706
0.351446815415
0.236499748434
0.0365005424111
0.0450318445074
0.0
0.050320200397
0.0437370162912
0.0439901841027
0.0438824931429
0.0
0.363131494973
0.895480879575
0.03794945735
0.0369041797288
0.496272891911
0.403142729901
5.17735844114e-301
0.0334009469832
0.0399013391025
0.531037320911
0.671808206099
0.0515724085118
0.392072030862
0.660967959546
0.363905468395
0.708398399678
0.643290930168
-0.00367965035165
0.0400381048864
0.309142469717
0.447581471057
0.0
0.282010589919
0.341740121307
0.344493095574
0.343320536897
0.3907466617
0.695504425505
0.707358537784
0.529976886446
0.268545848968
0.500252805175
0.597973580379
0.194552906226
0.623974738698
0.301495786958
1.0
0.351375759171
0.433111976287
0.566212348457
0.404515886466
0.780671485305
0.308890573927
0.467668827296
0.630922413669
0.0538269786932
0.606423336107
0.694761544547
0.0432925209449
0.0
0.0481581780498
0.460685809861
0.0423289124354
0.0422291924832
-0.00418038753677
0.294902269732
0.909716739019
0.0367066658422
0.0357278470243
0.0383424100779
0.211790779076
6.59139644353e-300
0.0324344228055
0.038529727418
0.298474738249
0.919212338021
0.0493038698211
0.791188466758
0.23001547828
0.483808838442
0.335612210939
0.224543153951
-0.00387829808804
1.0
0.839884520193
0.307168414326
0.291292671117

