Topic 1
Mean 0.406537675939
Median 0.381016121891
Sum 204.387455098
0.0
0.379485506223
0.0
0.824205441104
0.0
0.0497738121552
0.0
0.0
0.0
0.0
0.395203005315
0.0
0.049343625555
0.359283420726
0.0
0.389907714526
0.0
0.0786391503294
0.414383597597
0.0
0.564126551669
0.918627010759
0.0
0.343480850253
0.336694205336
0.0
0.323400097317
0.319499469657
0.0472449775718
0.0
0.0566574529073
0.0452911227043
0.0
0.572071902454
0.664489585596
0.0431470772398
0.53175933111
0.0
0.342400353053
0.9405293616
0.0
0.389173094531
0.147852624442
0.491844502719
0.0435429989763
0.0
0.0
0.0
0.0
0.0
0.0
0.0
0.0
0.0
0.0
0.678998575959
0.0
0.0415161879361
1.0
0.0
0.332911100491
0.134114182506
0.414173387899
0.038350196572
0.815526315228
0.0
0.797612381861
0.0
0.0431129761473
1.0
0.0
0.0359718930339
0.0493833200587
0.814279887426
0.0397087465418
0.815526315228
0.0
1.0
0.192551175639
0.0
0.0
0.0
0.0
0.191940727913
0.135366034951
0.172283171352
0.0
0.189311189922
0.0
0.173103483489
0.0
0.986465962253
0.0
0.331197653728
0.633334774628
0.0
0.478473662263
0.565321215328
0.83160884879
0.493997766793
0.477824495613
0.0
0.457425690017
0.335610276896
0.178551287996
0.569543975086
0.0
0.3145074126
0.520237753114
0.0
0.036043094513
0.440420058023
0.459501916725
0.0397955274308
0.601105559087
0.0
0.476843658915
0.0326015415239
0.0
0.509266908831
0.633532722531
0.0
0.0385604139738
0.761431652654
0.0
0.744618642597
0.433333385128
0.349219373125
0.0358142749869
0.452914733549
0.0
0.338854399966
0.556265526006
0.185374240137
0.938191330028
0.527631053353
0.411740580819
0.0
0.384957461427
0.042854766266
0.0
0.274943944436
0.793979805027
0.364034706854
0.0478613865283
0.297064869161
0.0
0.348737763613
0.0378234654825
0.192438537303
0.741057402195
0.275840330014
0.681070541774
0.61094366166
0.0
0.0365365032621
0.386359847443
0.0
0.295244237819
0.52941170254
0.404573452878
0.0340618206818
0.0305943592755
0.0
0.390727338795
0.499184715172
0.0
0.351395107363
0.63884707596
1.0
0.698130569109
0.0
0.0
0.0
0.0
0.0
0.0
0.0
0.0
0.0
0.0
0.0
0.0
0.0
0.0
0.0
0.0
0.0
0.0
0.0
0.413872575336
0.0
0.0403931029695
0.542740681323
0.0
0.340622219947
0.524056753067
0.857838632155
0.0373898904122
0.343139030969
0.0
0.327288054126
0.910236157501
0.170656913627
0.57351746405
0.367620589504
0.702998837572
0.994584489204
0.927926225905
0.0
0.614827063961
0.0
0.331113948582
0.422612909856
0.0
0.357315914557
0.567421820582
0.920520733549
0.0417224681997
0.477728230897
0.0
0.22851978779
0.410059784393
0.179211214993
0.646049721176
0.447157816516
0.38400972604
0.62474348801
0.374979238656
0.0
0.383170325148
0.729414266081
0.0
0.0409356106221
0.484026496995
0.0
0.417944068698
0.412026395833
0.341318976182
0.0378542627741
0.0336196786426
0.0
0.62923365525
0.304767462224
0.0
0.473733497226
0.496429255817
0.416650645368
0.0361371557351
0.836621968286
0.0
0.336996731903
0.564729310695
0.29070048467
0.0
-0.00613748857868
-0.00431637813513
0.0
0.394184835796
0.158450433844
0.255433192925
-0.00557728983131
0.387865492105
0.0
0.349565072059
-0.0041725622059
0.20163791918
0.345054389513
-0.00445470276279
0.229509400754
0.290500927035
-0.00377628236792
0.0
0.19640859133
0.267345039831
-0.00425373410981
0.707392934437
0.0
0.0
0.0
0.0
0.0
0.0
0.0
0.0
0.0
0.0
0.0
0.0
0.0
0.900450208668
0.745073654869
0.0
0.0
0.817547413261
0.0
0.393818073562
0.0
0.0
0.0
0.380846440406
0.0
0.050320200397
0.840281295917
0.0
0.254381451227
0.486516100235
0.339673070796
0.0457430791243
0.250792536473
0.0
0.32631744343
0.253978109487
0.179383064864
0.348072438638
0.476763005848
0.468469521336
0.509897578139
0.710143656252
0.0
0.519780446222
0.253837330835
0.24303736947
0.267642382114
0.0
0.432722282562
0.0
0.317095888993
0.235947494026
0.0
0.760057155844
0.834835960113
0.358950138303
0.706053058878
0.42015991268
0.0
0.361726473885
0.242288195777
0.285141625447
0.532511984425
0.239164859218
0.315074312233
0.941940869174
0.583906394151
0.0
0.274795369591
0.654672991169
0.232311641152
0.469700617052
0.0
0.698226440705
0.952715534755
0.0
0.322089056156
0.541223082396
0.0
0.551631272946
0.459544406012
0.557412131324
0.485990344019
0.602554283222
0.0
0.474948048994
0.477696485373
0.174466548618
0.966227960094
0.565373701208
0.395528005492
0.369119425016
0.266244768726
0.0
0.322958967322
0.542155663321
0.295404693063
0.25917141638
0.0
0.344095875662
0.667951538138
0.33728659105
0.0
0.04252405837
0.383998777669
0.0
0.344076228727
0.46867366006
0.380882424275
0.378989532411
0.327073515133
0.0
0.30224646469
0.538790313397
0.331336780995
0.344520290411
0.503672478296
0.49618738918
0.195006835646
0.792571670848
0.0
0.348541338704
0.56115526186
0.670051169419
0.20445943805
0.0
0.445160170795
0.404180843966
0.509857118903
0.0
0.0
0.0
0.0
0.0
0.0
0.0
0.0
0.0
0.0
0.0
0.0
0.0
0.0
0.0
0.0
0.0
0.0
0.0
0.0
0.0
0.0
0.0
0.0
0.0
0.0
0.0
0.0
0.0
0.300487819791
0.0
-0.00640372233166
-0.0044463850579
0.0
0.407405285505
0.163687249871
0.262959073518
-0.00579627364723
0.400658575825
0.0
0.359922617002
-0.00429392834538
0.20767348544
0.355662664463
-0.0045933095083
0.235567089082
0.300274603421
-0.00387541639715
0.0
0.202130719291
0.27560055244
-0.00437993964135
0.964384835112
0.0
0.275916552738
0.495792975142
0.266922531143
0.210667697741
0.0
0.378459980663
0.0
0.0484220132827
0.336392355866
0.0
0.381693445899
0.147181897114
0.448525538733
0.044169104222
0.384856605896
0.0
0.431570617756
0.345606592128
0.134578850171
0.473855171528
0.0355488723131
0.431539221853
0.162986332992
0.519346717258
0.0
0.893443376331
0.623386960322
0.331112965549
0.157372942808
0.53494368599
0.279956157651
0.288836816497
0.564721781542
0.613589454327
0.0
0.162537617698
0.918627010759
0.0
0.343480850253
0.419219821282
0.0
0.530347126294
0.472271108521
1.0
0.428343068014
0.644485356151
0.0
0.0337682661514
0.406864513961
0.0
0.570007710042
0.555124287382
0.800810104964
0.49810732851
0.634838955245
0.0
0.908595737223
0.569892594527
0.300972674589
-0.00437530666089
0.0
0.47528878444
0.457003165239
0.657655182582
0.307587380093
0.0
-0.00450894255537
0.380102419209
0.347282530756
0.0
0.043549359984
0.311533106346
0.0
0.0362751785903
0.0499567138988
0.0351011904727
0.0400786411856
0.0353627724259
0.0
0.0318593021991
0.31941984236
0.0
0.0363234086193
0.0328504607699
0.282338182019
0.0381589220438
0.275627451175
0.0
0.281714260773
0.498345883936
0.47920754272
-0.00448103768965
0.0
0.256150438264
0.244264376029
0.309150327478
0.48899185989
0.0
-0.00462131388858
0.348480255332
0.315253891359
0.796756523774
0.0
0.270480369042
0.445387793101
0.0
0.471217086699
0.381016121891
0.537588760731
0.0421777817031
0.516910988213
0.0
0.423355289659
0.431467501571
0.176309982543
0.544203765077
0.464933500783
1.0
0.373422604345
0.895902835964
0.0
0.401798723206
0.62555153887
0.348826503927
0.262338907297
0.0
0.570070935823
0.546834266209
0.588142362741
0.440344520638
0.0
0.270283545851
0.508986877484
0.855282576412
0.335645286873
0.451488415351
0.0
0.0457289452832
0.54342251141
0.0
0.208006603134
0.146548721213
0.369220654544
0.0419173267899
0.31865624377
0.0
0.492655699526
0.395075760641
0.337651785395
0.530482128874
0.559105290361
0.370838449458
0.488230860211
0.719802816433
0.0
0.798003533085
0.613887146101
0.872481472002
0.219443451534
0.411347277757
0.466288305797
0.322099866727
0.500351475091
0.665083279332
0.0
0.226610961444
0.600766078559
0.456409013032
0.521275103594
0.469018177516
0.256913508773
0.0
0.0441946541675
0.225023410283
0.0
0.256068802254
0.140324116588
0.382362039832
0.0406245343025
0.252432458254
0.0
0.369971236744
0.230783403564
0.180461770421
0.23759117
0.453941574449
0.410966126153
0.256757630577
0.821720770276
0.0
0.356204784706
0.238499644671
0.479356483447
0.269510888263
0.826087027798
0.660967959546
0.682245437034
0.231973137403
0.226290309124
0.0
0.277902803206
0.483306757702
0.227740451889
0.232575671867
0.523713718413
0.392470937639
0.0
0.0
0.0
0.0
0.0
0.0
0.0
0.0
0.0
0.0
0.0
0.0
0.0
0.0
0.0
0.0
0.0
0.0
0.0
0.0
0.0
0.0
0.0
0.0
0.0
0.0
0.0
0.0
0.0
0.0
0.0
0.0
0.0
0.0
0.0
0.0
0.0
0.374605266811
0.0
0.0385938493759
0.344559877496
0.0
0.357643329325
0.352879017559
0.904417143121
0.0358431158787
0.0320238356877
0.0
0.0291235940506
0.949812221723
0.0
0.0328096148798
0.029949635668
0.304933158631
0.0342998981789
0.50101843639
0.0
0.311759307194
0.272113853308
0.379687118315
-0.00404389014035
0.0
0.231077950061
0.221360734078
0.264233875837
0.540927177509
0.0
-0.00415778423905
0.506139308312
0.268996223065
0.274142689995
0.301487299282
0.283484627147
0.211717997275
0.0
0.587559007018
0.0
0.285917939567
0.606861192945
0.0
0.612654890607
0.534030129259
0.425183446769
0.548033339073
0.606729276058
0.0
0.426512679292
0.946499408232
0.0
0.851621706006
0.524464781313
0.499367809046
0.253600016719
0.358651937656
0.0
0.575929409199
0.461547642641
0.445084644799
-0.00410636014863
0.0
0.238841181603
0.759561107079
0.627700201203
0.453512896576
0.0
-0.00422385141749
0.329796345179
0.835307380242
0.465043157256
0.431701588003
0.486182051027
0.218216606105
0.0
0.303597903953

Topic 6
Mean 0.374622630263
Median 0.392223818313
Sum 219.475299968
0.0
0.0
0.0
0.0
0.0
0.402809270733
0.0
0.0
0.40484859338
0.535174638095
0.0
0.0
0.768777788897
0.391580371032
0.393507308256
0.0
0.0
0.0
0.0
0.0
0.0
0.0
0.0
0.0476537251282
0.778383218209
0.042190720325
0.0424205906343
0.0
0.0
0.0
0.495828000915
0.320627551526
0.343281949701
0.484493172344
0.0
0.187667724307
0.0
0.0
0.0664522276819
0.564126551669
0.0562886192124
0.152501976891
0.0
0.619374238425
0.383362265852
0.0
0.0
0.042241586075
0.0385417783584
0.0378923808868
0.0380776964057
0.0
0.231255446663
0.53147041574
0.0543592271067
0.0
0.0
0.0453241070713
0.0410916724159
0.0403543271814
0.0405645724556
0.0
0.24764148817
0.227390348121
0.0595730947864
0.277855705777
0.0
0.0
0.622159366144
0.036043094513
0.0354745481409
0.615514613165
0.0
0.0382685038876
0.467750958143
0.440420058023
0.0346983854409
0.0367515386744
0.0
0.0
0.811520297039
0.809370208441
0.35085580167
0.638410301008
0.0
0.427247540961
0.486728525338
0.496392799358
0.0353240260738
0.0374541595773
0.857239788607
0.0
0.0
0.404461480918
0.049343625555
0.0482842176601
0.353590238402
0.0
0.0536117534739
0.043669745965
0.0786391503294
0.0468575863797
0.0506810988121
0.3145074126
0.320401815235
0.0
0.0
0.0514390401224
0.586339671249
0.769915481583
0.414764381415
0.0
0.544209360647
0.327569513561
0.689896379877
0.0438823147412
0.0472184018494
0.0406720347173
0.528781499317
0.0584508362927
0.0
0.0
0.0
0.0
0.0
0.0
0.0
0.0
0.483785997707
0.4581465875
0.0
0.0
0.557272835985
0.584420493615
0.0
0.0
0.0
0.0
0.728757438676
0.395203005315
0.377595349713
0.645036737072
0.0
0.0451080975335
0.53253609241
0.389907714526
0.0402291390423
0.0430152592683
0.569543975086
0.597602756094
0.379485506223
0.549937827807
0.0
0.0
0.0
0.0500449886259
0.572071902454
0.0440544221632
0.0443051095905
0.0
0.529978825798
0.0401805807262
0.664489585596
0.042863712385
0.0460411144982
0.0397955274308
0.517149652996
0.0566574529073
0.971642842108
0.0
0.0472449775718
0.0
0.0
0.582242539522
0.481371830356
0.36326022371
0.36284823612
0.0
0.440739314409
0.432505642134
0.517048778938
0.0364351462505
0.0387057012558
0.557261249731
0.790347137944
0.0459427956743
0.762647851422
0.0
0.535910629853
0.745317962516
0.0
0.0
0.0505987164958
0.577748875257
0.0444829503375
0.044738552629
0.0
0.535634635499
0.404642055009
0.674520302
0.0432692823278
0.0465093696548
0.0401448773829
0.521784490267
0.0573682156852
0.982897750475
0.0
0.0477381714925
0.988739630678
0.752220163789
0.0
0.0
0.0373682296311
0.417944068698
0.873874658146
0.330109988491
0.0
0.036469993858
0.336574432517
0.412026395833
0.0332132818503
0.0350896926562
0.496429255817
0.850108450662
0.0409356106221
0.664573137976
0.0
0.729414266081
0.0378542627741
0.921567890427
0.0381702254659
0.0
0.0
0.287847292021
0.760057155844
0.265222150847
0.265010604207
0.0
0.574561014029
0.418692859017
0.834835960113
0.546017479254
0.415526752844
0.239164859218
0.553263560592
0.317095888993
0.72791424509
0.0
0.432722282562
0.706053058878
0.572839946071
0.714720697277
0.232311641152
0.0
0.0
0.836240640195
0.478473662263
0.480557294989
0.655853822316
0.0
0.47127799297
0.560774966338
0.565321215328
0.038596228371
0.0411535712849
0.509266908831
0.877243506197
0.331197653728
0.506339131161
0.0
0.986465962253
0.493997766793
0.415567539151
0.498908125065
0.473733497226
0.532511984425
0.0
0.0
0.628846268692
0.551631272946
0.522270279147
0.617033712011
0.0
0.402516213879
0.552997822528
0.459544406012
0.0390436784434
0.0416626719164
0.565373701208
0.528717983391
0.322089056156
0.496248830802
0.0
0.952715534755
0.485990344019
0.418932706281
0.490081281503
0.295404693063
0.667951538138
0.966227960094
0.0
0.0
0.0419069616368
0.373875219324
0.0376228954049
0.0378055780652
0.0
0.397366250368
0.0347608365724
0.525752051468
0.0367510321302
0.039062377155
0.034472280245
0.342868397109
0.046446189242
0.425254989758
0.0
0.0399255244562
0.415463250085
0.352598022863
0.419362408313
0.0330060594346
0.44593158238
0.374399586948
0.324875149782
0.0
0.0
0.836240640195
0.743028377985
0.0370053511053
0.655853822316
0.0
0.390303156372
0.596396466106
0.441815241628
0.200620281686
0.212837778317
0.698769851337
0.877243506197
0.331197653728
0.480275753715
0.0
0.614961050356
0.470660633826
0.407491770742
0.474496540327
0.44793794582
0.500386872498
1.0
0.54225984505
0.31591316291
0.0
0.0
0.0400652853171
0.256068802254
0.25149797618
0.251307748609
0.0
0.0390344982171
0.800431567997
0.140324116588
0.0353269514595
0.0374574484346
0.453941574449
0.243456329174
0.0441946541675
0.365944359659
0.0
0.256913508773
0.0406245343025
0.42087352467
0.394442754329
0.479356483447
0.682245437034
0.23759117
0.231973137403
0.0350926078747
0.0345547411705
0.0
0.0
0.644776232266
0.357315914557
0.639027265329
0.578360213602
0.0
0.0400470971085
0.475558967303
0.567421820582
0.0361542910698
0.038388903049
0.447157816516
0.539933667408
0.331113948582
0.814900022224
0.0
0.614827063961
0.0417224681997
0.454874255008
0.0421066323084
0.564729310695
0.654672991169
0.646049721176
0.542155663321
0.0359088806595
0.554063826461
0.238499644671
0.0
0.0
-0.00465012999742
0.366566806761
-0.00447041641384
0.151834892803
0.0
-0.00490086721463
0.303384441685
0.147494526632
-0.00443595580447
0.0
-0.00416260907238
0.25541075781
-0.00559643533508
-0.00403047643339
0.0
0.270262268854
-0.00512687397217
0.280451779843
0.0
-0.00398661067923
0.418557408507
0.322706612448
0.242801365348
0.0
-0.00390555777319
0.251853133512
0.249960794815
0.0
0.0
0.555675877805
0.39092111332
0.35572040128
0.541478790904
0.0
0.416676783164
0.445844853967
0.560095763949
0.0383574973201
0.0408822672325
0.0358818830443
0.529470987865
0.0490419794755
0.447446911298
0.0
0.562002427657
0.436619552686
0.443159439289
0.440927988175
0.234790580978
0.637039650663
0.628581151294
0.502008853769
0.95660255219
0.327998060457
0.568813195941
0.696918228268
0.279333060373
0.0
0.0
0.591295970987
0.0410678368251
0.392867265594
0.694601287534
0.0
0.0439820667962
0.755003251213
0.0595230100579
0.0393310965349
0.0419901041191
0.883494977617
0.487904316429
0.364888189622
0.433129289832
0.0
0.561449297827
0.0460111932573
0.376825931035
0.0464788369005
0.341639104256
0.369264915752
0.501662165822
0.63140892958
0.0390408370376
0.501662165822
0.351173442008
0.501556057696
-0.00425816679598
0.733259625866
0.0
0.0
0.612563484904
0.448081243357
0.318181645528
0.552307842201
0.0
0.40850601279
0.422624195912
0.468351051683
0.0345569993145
0.0365929637123
0.428558528994
0.517159999842
0.312912920151
0.504104991781
0.0
0.585469186021
0.493522591092
0.424517794612
0.497741870638
0.0312255614463
0.526307402783
0.971135479219
0.51919815346
0.329251946575
0.530109021786
0.225361163205
0.530009456274
0.235567331038
0.368758125094
0.478273988245
0.0
0.0
0.0413571709481
0.345117587901
0.636415185004
0.658060084538
0.0
0.365037576456
0.437832708802
0.470607891944
0.0363275201735
0.0385842655452
0.431087222802
0.318527648416
0.0457718033236
0.388439379031
0.497364872931
0.338037826299
0.380253334392
0.326907985159
0.383517005631
0.453943026272
0.405618557391
0.345564343336
0.484529093305
0.330365711231
0.295133183892
0.447203609688
0.309727438429
0.154168713081
0.343604802186
0.3511104622
0.30674265323
0.0
0.0
0.350816907718
0.466368910777
0.468348232705
0.602858666355
0.0
0.234775158907
0.761682665332
0.137920898817
0.211095026626
0.224664770583
0.431511823208
0.343372334783
0.0519450869518
0.825303762293
0.0
0.856682536212
0.0470818781247
0.475867430133
0.442353190067
0.454413868581
0.627783754663
0.74079745641
0.609796395356
0.0398089845158
0.203263896198
0.599719111303
0.408984387282
0.32130590646
0.527492010517
0.397027952466
0.701223978105
0.868702134842
0.0
0.0
0.0
0.0
0.0
0.0
0.0
0.0
0.0
0.0
0.0
0.0
0.0
0.0
0.0
0.0
0.0
0.0
0.0
0.0
0.0
0.0
0.0
0.0
0.0
0.0
0.0
0.0
0.0
0.0
0.0
0.0
0.0
0.0
0.0
0.0
0.0
0.0379099632726
0.417944068698
0.620663341284
0.334444189383
0.0
0.036985817004
0.336574432517
0.412026395833
0.0336405542628
0.0355669538853
0.501301864569
0.850108450662
0.0415866163017
0.674059274683
0.0
0.41971439266
0.038410285116
0.921567890427
0.0387356379025
1.0
0.235314989973
0.478168768158
0.298870684017
0.033427982987
0.451901331429
0.462133344905
0.571564556327
-0.00403726595274
0.237858791022
0.346283466086
0.0316029315978
0.438468198228
0.438907470335
0.0
0.0
0.0
0.0382250909921
0.447755834783
0.0346284329138
0.159291455696
0.0
0.408192298166
0.315412843284
0.467887961041
0.0338884675409
0.0358441902276
0.031941474584
0.413393230156
0.0419661386122
0.734118511405
0.0
0.28336427913
0.743731090048
0.591865467063
0.7500843516
0.0306786950512
0.525858513371
0.38650949579
0.393239102897
0.329023014174
0.383141589862
0.263193577588
0.261127684606
0.377309620801
0.342152570772
0.0358260522857
0.398156099971
0.306543943312
0.841576621653
0.0
0.0310428857824
0.0
0.0
0.0321586760078
0.292828360431
0.284472163764
0.132863353834
0.0
0.307045090348
0.710717455374
0.378455600358
0.163369155651
0.171380204817
0.0275921144289
0.662428311066
0.0347660232543
0.32343504373
0.0
0.520609714597
0.317739488189
0.333088755582
0.320015059001
0.0266447178791
0.335258041238
0.729624603534
0.47732189604
0.282138768719
0.54506888665
0.204710348544
0.20345837548
0.213096941859
0.437882230582
0.0304435978786
0.865006941719
0.266477924204
0.816890423684
0.0
0.0269190015753
0.264579544853
0.0
0.0
1.0
0.275832594343
0.0433975165749
0.768777788897
0.0
0.0476537251282
0.453295000463
0.151009015484
0.042241586075
0.0453241070713
0.569779760829
0.811520297039
0.404461480918
0.0514390401224
0.51741412225
0.728757438676
0.0500449886259
0.536119384976
0.0505987164958
0.0373682296311
0.434481037407
0.836240640195
0.628846268692
0.0419069616368
0.836240640195
0.257532442442
0.644776232266
0.270947276516
0.965839144399
0.591295970987
0.612563484904
0.515824953613
0.81260592819
0.0
0.0379099632726
0.284117406037
0.624978227466

Topic 0
Mean 0.369401582446
Median 0.375879169203
Sum 148.130034561
0.0
0.0
0.0
0.0
0.0
0.0424205906343
0.0
0.0
0.768777788897
0.0476537251282
0.0
0.0
0.0405645724556
0.24764148817
0.0453241070713
0.0
0.0
0.0
0.0
0.0
0.0
0.0
0.0
0.645036737072
0.0451080975335
0.728757438676
0.0430152592683
0.0
0.0
0.0
0.393507308256
0.042190720325
0.0433975165749
0.0403543271814
0.0
0.377595349713
0.0
0.0
0.768777788897
0.0476537251282
1.0
0.0453241070713
0.0
0.728757438676
0.40484859338
0.0
0.0
0.330253226634
0.433420440638
0.367902255554
0.342291864648
0.0
0.367055718376
0.516037179935
0.272084433186
0.0
0.0
0.435762678023
0.049345259179
0.251842899157
0.0468516470106
0.0
0.59900388952
0.436357015706
0.0510040918789
0.451793843102
0.0
0.0
0.0
0.0
0.0
0.0
0.0
0.0
0.0
0.0
0.0
0.0
0.0
0.0
0.0
0.0
0.0
0.0
0.0
0.359099158222
0.0
0.0
0.412120355192
0.0
0.0
0.0
0.0
0.391580371032
0.778383218209
0.275832594343
0.0410916724159
0.0
0.395203005315
0.535174638095
0.402809270733
0.333464324926
0.250044995078
0.0
0.357675189719
0.0
0.0
0.768777788897
0.0476537251282
1.0
0.0453241070713
0.0
0.728757438676
0.0433975165749
1.0
0.272084433186
0.0510040918789
0.0
0.0
0.0442514406169
0.0
0.0
0.797397914468
0.223029568182
0.957440851104
0.762967473847
0.0
0.757996640859
0.40484859338
1.0
0.369750175362
0.0532579438303
0.0
0.64103877165
0.402809270733
1.0
0.0
0.0
0.577180190532
0.0484890372872
0.138766534229
0.0460790977852
0.0
0.48317034919
0.490098151656
0.36768386205
0.389038202134
0.55239477153
0.0
0.0
0.487931148387
0.0500898686663
0.36768386205
0.0
0.0
0.534720457217
0.235998326716
0.375879169203
0.225784606213
0.0
0.591429716764
0.646822955425
0.548560831678
0.690538898387
0.225091186593
0.0
0.331528869998
0.483979450481
0.0431325591616
0.548560831678
0.4468151249
0.0
0.0
0.0
0.0
0.0
0.0
0.0
0.0
0.0
0.0
0.0
0.0
0.0
0.0
0.0
0.0
0.0
0.0
0.0
0.0
0.0
0.0
0.0
0.0
0.0
0.0
0.0
0.0
0.0
0.0
0.0
0.0
0.0
0.0
0.0
0.0
0.0
0.0
0.0
0.0
0.0
0.0443051095905
0.529978825798
0.0500449886259
0.0460411144982
0.0
0.0472449775718
0.0440544221632
0.0500449886259
0.0395038057751
0.0519138732105
0.0
0.0
0.572071902454
0.0500449886259
0.0522130711267
0.0509670470781
0.0437814079833
0.0
0.0
0.0
0.0
0.514285002167
0.0422238689401
0.572108973005
0.0403846519069
0.0
0.779680767936
0.0388479837006
0.572108973005
0.247149747717
0.0448333215594
0.0
0.0
0.0395308434483
0.572108973005
0.593496974323
0.0441253971703
0.0386355314461
0.0
0.0
0.0440905652799
0.0
0.0
0.658060084538
0.365037576456
0.515824953613
0.0385842655452
0.0
0.338037826299
0.636415185004
0.0413571709481
0.297523942814
0.388094414521
0.0
0.0
0.345117587901
0.0413571709481
0.0428267813936
0.585352149484
0.598209760955
0.0
0.0
0.380253334392
0.0372049109507
0.0
0.0
0.602858666355
0.234775158907
0.81260592819
0.224664770583
0.0
0.856682536212
0.468348232705
0.350816907718
0.881730589268
0.501979203779
0.0
0.0
0.466368910777
0.0463323521348
0.350816907718
0.483718214502
0.537267233788
0.0
0.0
0.0470818781247
0.0411831772274
0.868702134842
0.0
0.0
0.566029620966
0.0410145243752
0.0421540635493
0.0392769858468
0.0
0.609893640951
0.546959235603
0.0421540635493
0.323140159242
0.423463256561
0.0
0.34103376032
0.3752869636
0.0421540635493
0.0436819002537
0.385055734472
0.533621101067
0.0
0.0
0.0427735955936
0.037848575113
0.545605203808
0.528389268399
0.0
0.0
0.575550205386
0.0366388916293
0.58854467357
0.0352460202171
0.0
0.565719634636
0.607914922182
0.58854467357
0.374708507353
0.36481539653
0.0
0.518856446169
0.0345939147735
0.691029169175
0.607468926224
0.724439769763
0.943306151062
0.0
0.0
0.0380362573612
0.832356059525
0.564779230889
0.515965729146
0.512602082657
0.0
0.0
0.0
0.0
0.0
0.0
0.0
0.0
0.0
0.0
0.0
0.0
0.0
0.0
0.0
0.0
0.0
0.0
0.0
0.0
0.0
0.0
0.0
0.0
0.0
0.0
0.0
0.0
0.0
0.353590238402
0.0536117534739
0.404461480918
0.0506810988121
0.0
0.379485506223
0.0482842176601
0.404461480918
0.298072756263
0.0578898748057
0.0
0.0
0.049343625555
0.404461480918
0.424013867693
0.0567149833355
0.0479564559248
0.0
0.0
0.0566574529073
0.351713458454
0.0457718033236
0.0519450869518
0.0467499148413
0.299466104357
0.0
0.0
0.0
0.489934831943
0.0400700896284
0.542134887576
0.0384100304253
0.0
0.516939140539
0.0370173692102
0.542134887576
0.499126158204
0.0424127379561
0.0
0.0
0.0376368759969
0.542134887576
0.561302922549
0.041778652101
0.0368244180415
0.0
0.0
0.0417474253449
0.831442253127
0.0355225200908
0.0391316787874
0.0361088292818
0.430386408476
0.0
0.331329941721
0.0
0.0
0.794730942093
0.0494320666227
0.961425209517
0.0469298957261
0.0
0.755265087962
0.0448674784804
0.961425209517
0.279986803501
0.0530466406957
0.0
0.0
0.0457808392687
0.961425209517
0.996009089668
0.0520584372924
0.0445843263439
0.0
0.0
0.0520099620026
0.591503656436
0.0426900382252
0.0480117012212
0.0435396509582
0.605713291769
0.0
0.422174189005
0.55951966824
0.0
0.0
0.567366044336
0.0394939380405
0.482944011108
0.037880313049
0.0
0.482878855632
0.476500851396
0.357133036814
0.413153613741
0.218994922134
0.0
0.314750419178
0.474452171628
0.295106315882
0.357133036814
0.512482582786
0.435485704021
0.0
0.0
0.0411224049187
0.265999218868
0.682028139506
0.421175266429
0.403336895302
0.234992109386
0.0
0.325927693479
0.327035042403
0.304425450419
0.0
0.0
0.0
0.0
0.51741412225
0.0
0.0
0.0
0.0
0.0
0.410241441342
0.0
0.0
0.797618018005
0.0
0.0
0.0
0.0
0.0
0.0
0.0
0.0
0.0
0.497364872931
0.0
0.0
0.523550128507
0.0
0.0
0.0
0.0
0.0
0.0
0.0
0.685078127124
0.0429519513344
0.582261482161
0.0410501872011
0.0
0.553297565583
0.608599883775
0.582261482161
0.52216300595
0.503919144118
0.0
0.45706123143
0.419508654349
0.716367666366
0.604430018508
0.842554288662
0.573569194791
0.0
0.0
0.044885052676
0.996378969023
0.595295004096
0.40723351529
0.65785704841
0.852511323889
0.0
0.358672235679
0.834310473035
0.602362712691
0.563187854168
0.500052810894
0.0
0.0
0.638410301008
0.427247540961
0.811520297039
0.0374541595773
0.0
0.597602756094
0.35085580167
0.811520297039
0.486849227881
0.400419011044
0.0
0.57857803579
0.809370208441
0.811520297039
0.770799686648
0.328115165022
0.355760813845
0.0
0.0
0.517149652996
0.474766061719
0.318527648416
0.343372334783
0.35730894429
0.895159002526
0.0
0.320401815235
0.542115298899
0.774584405301
0.458665383077
0.584420493615
0.481736592861
0.0
0.0
0.647957495483
0.0395330819622
0.759478954658
0.0379163222085
0.0
0.607096095793
0.0365585996425
0.759478954658
0.234322279276
0.0418115748306
0.0
0.0
0.0371627207411
0.759478954658
0.779549031351
0.0411952061852
0.0363703893054
0.0
0.0
0.041164845196
0.481890235077
0.035099843258
0.0386193684184
0.0356721702585
0.506561654018
0.0
0.326294055315
0.460447127738
0.783349332415
0.251199085931
0.0
0.489073112957
0.637924119173
0.0
0.0
0.0
0.0
0.0
0.0
0.0
0.0
0.0
0.0
0.0
0.0
0.0
0.0
0.0
0.0
0.0
0.0
0.0
0.0
0.0
0.0
0.0
0.0
0.0
0.0
0.0
0.0
0.0
0.0
0.0
0.0
0.0
0.0
0.0
0.0
0.0
0.0
0.0
0.0
0.0
0.0
0.0
0.0
0.0
0.0
0.0
0.0
0.0
0.0
0.0
0.0
0.0
0.0
0.0
0.0
0.0
0.0
0.0
0.0
0.899359619989
0.0
0.0
0.0
0.0
0.0
0.0
0.0
0.0
0.358124059496
0.0
0.0
0.0
0.0
0.0
0.652756725615
0.0461052356432
0.0475501917428
0.043921088215
0.0
0.0450153192928
0.428046804754
0.940243125798
0.0379328056187
0.0492342537853
0.0
0.0
0.42576773375
0.0475501917428
0.940243125798
0.386718292728
0.57662609413
0.0
0.0
0.0483399737811
0.0421425652458
0.0401858258091
0.368103987869
0.0409378070343
0.0365776580692
0.0
0.0534807482018
0.0399968615705
0.0493206707682
0.375064103886
0.0
0.328175184364
0.038961444144
0.0394618017686
0.0
0.0
0.0
0.0
0.0
0.0
0.0
0.0
0.0
0.0
0.0
0.0
0.0
0.0
0.0
0.0
0.0
0.0
0.0
0.0
0.0
0.0
0.0
0.0
0.0
0.0
0.860082893344
0.0
0.0
0.0
0.0
0.0
0.0
0.0
0.55435097345
0.807170872029
0.415162076046
0.0
0.0
0.0
0.0

Topic 9
Mean 0.329203905634
Median 0.299133935649
Sum 118.46354693
0.0
0.0
0.251842899157
0.0
0.0
0.0
0.0
0.0
0.0
0.0
0.0
0.0
0.0
0.0
0.0
0.0
0.0468660958056
0.329953107417
0.0
0.0
0.0
0.0
0.0510040918789
1.0
0.0
0.0
0.0
0.329953107417
0.0
0.0
0.0
0.0
0.0
0.0
0.0
0.0
0.0
0.0493543151692
0.047662170836
0.0
0.0
0.0
0.044029362425
0.047662170836
0.0
0.0
0.225091186593
0.375879169203
0.0
0.0
0.0
0.0401357255962
0.548560831678
0.0
0.23603513733
0.0
0.373027005649
0.618917067602
0.0
0.0
0.0
0.0388223760786
0.0416194554116
0.0
0.204707224623
0.932195130169
0.0
0.049345259179
0.0476537251282
0.0
0.0
0.0
0.0440221550176
0.0476537251282
0.0
0.548923287475
0.235998326716
0.2046795364
0.0
0.0
0.0
0.0
0.0
0.0
0.0
0.0
0.0
0.0
0.0
0.0
0.0
0.0
0.0
0.0
0.0
0.0
0.0
0.0
0.0
0.0
0.0
0.0
0.0
0.0
0.0
0.0
0.0
0.0
0.0
0.0
0.0
0.0
0.0
0.0
0.0
0.0
0.0
0.0
0.0
0.0
0.0
0.0425845139137
0.839829975881
0.0
0.0
0.0
0.280632310564
0.839829975881
0.0
0.226371324913
0.207939729911
0.305953250152
0.226337466598
0.0
0.0
0.0
0.0
0.243609118557
0.269721978457
0.0
0.0
0.0
0.0
0.0
0.0
0.0
0.24543653676
0.251441962926
0.0
0.0
0.0
0.0
0.0
0.0
0.435762678023
0.768777788897
0.0
0.0
0.0
0.295295115448
0.768777788897
0.0
0.0424272831178
0.534720457217
0.329306295686
0.0424205906343
0.0
0.0
0.0
0.658377750634
0.151141525736
0.0
0.0429570361473
0.983015287873
0.0
0.0
0.0
0.28285342992
0.828405923283
0.0
0.0405616930418
0.378958665952
0.461461246967
0.0405555761327
0.0
0.0
0.0
0.770815592153
0.0
0.649630309932
0.0
0.0519138732105
0.0500449886259
0.0
0.0
0.0
0.0460550676154
0.0500449886259
0.0
0.0484557081133
0.0437814079833
0.0422232604447
0.529978825798
0.0
0.0
0.0
0.0419138438293
0.0
0.0443051095905
0.0422746749293
0.0
0.436357015706
0.0433975165749
0.0
0.0
0.0
0.0403650459169
0.40484859338
0.0
0.0421973404684
0.646822955425
0.520910760149
0.042190720325
0.0
0.0
0.0
0.0371481539771
0.0
0.393507308256
0.0374313183136
0.0440544221632
0.0
0.59900388952
0.728757438676
0.0
0.0
0.0
0.313140262072
0.728757438676
0.0
0.0451156649433
0.591429716764
0.618829406634
0.0451080975335
0.0
0.0
0.0
0.617477470583
0.269043144611
0.645036737072
0.55669599095
0.0472449775718
0.377595349713
0.0
0.0
0.0
0.0
0.0
0.0
0.0
0.0
0.0
0.0
0.0
0.0
0.0
0.0
0.0
0.0
0.0
0.0
0.0
0.0
0.0
0.0
0.0
0.0
0.0
0.0
0.0
0.0
0.0
0.0
0.0
0.0
0.0
0.0
0.0
0.0
0.0
0.0
0.0
0.0
0.0
0.0
0.0
0.0
0.0
0.0
0.0
0.0
0.049667754573
0.0479544221125
0.0
0.0
0.0
0.0442786442686
0.0479544221125
0.0
0.701468882734
0.237307951468
0.205663905936
0.552186009308
0.0
0.0
0.0
0.227541790434
0.0
0.0426587062881
0.040773160912
0.0487578027442
0.0424262551861
0.045377435773
0.0
0.0
0.0
0.462857485966
0.195581735263
0.0
0.0
0.0
0.0362590674289
0.0386874255791
0.0
0.569264922412
0.823666739225
0.505283591461
0.448131590993
0.0
0.0
0.0
0.189304674914
0.190579315879
0.337368606955
0.379240750741
0.378989532411
0.527167053903
0.33728659105
0.0
0.0
0.572024637306
0.0
0.0495305149412
0.0478264753761
0.0
0.0
0.0
0.0441695380894
0.0478264753761
0.0
0.699654181468
0.236750947491
0.205245415224
0.55075774939
0.0
0.0
0.0
0.227029639452
0.0
0.0425574282614
0.0406806284305
0.0486255390254
0.0423260766023
0.045262854389
0.0
0.0
0.703827530846
0.570817309602
0.0
0.0468516470106
0.0453241070713
0.0
0.0
0.0
0.0420266418435
0.0453241070713
0.0
0.247682020855
0.225784606213
0.328239767381
0.24764148817
0.0
0.0
0.0
0.361459132467
0.0
0.0405645724556
0.0388559000609
0.0460411144982
0.0403543271814
0.0430152592683
0.0
0.0
0.249083918197
0.203981563332
0.248470333512
0.0
0.468954222019
0.718639864144
0.0
0.0
0.0
0.48008605778
0.329841388479
0.0
0.18796345174
0.756055327689
0.458329998714
0.459565997338
0.0
0.0
0.0
0.16970403958
0.242211751173
0.526943050188
0.504310092636
0.481144706323
0.441205064535
0.487893969002
0.0
0.0
0.188769724141
0.712267438868
0.188417104137
0.181405047827
0.0
0.0
0.0
0.0
0.0
0.0
0.0
0.0
0.0
0.0
0.331528869998
0.40764895013
0.0
0.0
0.0
0.0
0.0
0.0
0.0
0.711057442266
0.0
0.0
0.359099158222
0.0
0.0
0.0
0.517642382117
0.0
0.0
0.399002194285
0.0
0.227791979096
0.836240640195
0.0
0.0
0.0
0.279512664089
0.836240640195
0.0
0.0430720470486
0.712325628488
0.695209923396
0.47127799297
0.0
0.0
0.0
0.721217003114
0.321365162781
0.655853822316
0.570315423322
0.493997766793
0.480557294989
0.986465962253
0.0
0.0
0.0433105772754
0.344520290411
0.0432061841118
0.0411535712849
0.825885751628
0.415320152235
0.0
0.421288818633
0.54066170963
0.0
0.0
0.0
0.236871146831
0.54066170963
0.0
0.189790716083
0.297205758948
0.715167979632
0.189766915755
0.0
0.0
0.0
0.476899241395
0.174810396399
0.4931730055
0.403244032398
0.0351060431365
0.323424558204
0.752024085105
0.0
0.0
0.190612775123
0.509798937144
0.190253242461
0.653172213553
0.697577804889
0.396761915544
0.5266048195
0.0
0.21584271648
0.362372120025
0.0
0.0
0.0
-0.00420287130196
-0.00415188137835
0.0
-0.00436530223112
0.611300971064
0.340110649798
-0.00435061740451
0.0
0.0
0.0
-0.00391253479382
0.236834806508
0.135942303489
-0.00393835997499
-0.00452780548405
-0.00400802050165
0.361550812674
0.0
0.0
-0.00438544809006
0.173153405694
-0.00437663577297
0.0
0.567175024449
0.0
0.331884332056
0.160037125253
0.0
0.0
0.0
0.0
0.0
0.0
0.0
0.0
0.0
0.0
0.0
0.0
0.0
0.0
0.0
0.0
0.0
0.0
0.0
0.0
0.0
0.0
0.0
0.0
0.0
0.0
0.0
0.0
0.0
0.0
0.0
0.0
0.0
0.0
0.0
0.501979203779
0.81260592819
0.0
0.0
0.0
0.519673523779
0.350816907718
0.0
0.234811588906
0.537267233788
0.339850759297
0.234775158907
0.0
0.0
0.0
0.20698953905
0.320039158325
0.602858666355
0.396004576302
0.0470818781247
0.468348232705
0.856682536212
0.0
0.0
0.236071206121
0.755284337334
0.235519985995
0.224664770583
0.493274074442
0.0
0.74079745641
0.297949485465
0.321870020396
0.0
0.0
0.0397804117895
0.0386737274571
0.0
0.0
0.0
0.0362470346958
0.369283374589
0.0
0.0377177302977
0.448525899622
0.0338306956742
0.0377124410297
0.0
0.0
0.0
0.0336317680928
0.0
0.359823908934
0.0338636945169
0.0391945506208
0.492157189512
0.0369800637112
0.0
0.0
0.0379005170098
0.0318675106658
0.0378205510488
0.0362383912009
0.410020261198
0.0
0.443793267161
0.300318385834
0.0
0.0
0.43336052892
0.0
0.250044995078
0.275832594343
0.0
0.0
0.0
0.0411027864845
0.402809270733
0.0
0.0430042472771
0.483979450481
0.448744371662
0.778383218209
0.0
0.0
0.0
0.0377720829037
0.364918955517
0.391580371032
0.37494707887
0.572071902454
0.535174638095
0.395203005315
0.0
0.0
0.0432420250805
0.344076228727
0.0431379617264
0.0410916724159
0.988921972551
0.357675189719
0.478473662263
0.322121730852
0.241533156329
0.0
0.466368910777
0.489971980226
0.0
0.0448333215594
0.572108973005
0.0
0.0
0.0
0.293985012108
0.572108973005
0.0
0.0422304994911
0.0386355314461
0.0374170374956
0.0422238689401
0.0
0.0
0.0
0.489666708918
0.0
0.514285002167
0.493401828331
0.0440905652799
0.0388479837006
0.779680767936
0.0
0.0
0.0424597750938
0.0350302446352
0.0423594383375
0.0403846519069
0.880584118201
0.0
0.48778306229
0.415640161605
-0.00406678017575
0.0
0.0411831772274
0.0350190135365
0.0395308434483
0.0
0.0532579438303
0.957440851104
0.0
0.0
0.0
0.342850427226
1.0
0.0
0.223062443986
0.548560831678
0.18106158028
0.223029568182
0.0
0.0
0.0
0.798643414402
0.0
0.797397914468
0.900674879399
0.0522130711267
0.40484859338
0.757996640859
0.0
0.0
0.224198856193
0.186985135838
0.223701626776
0.762967473847
0.342558759679
0.64103877165
0.79510946746
0.60389724793
-0.00357284068426
0.0
0.350816907718
0.369283374589
0.402809270733
0.593496974323

Topic 4
Mean 0.32543297641
Median 0.319222770155
Sum 182.345300035
0.138268673929
0.579545834654
0.143031526576
6.59139644353e-300
0.362740670358
-0.00462998209946
0.217613060405
0.15409053304
0.285376126464
0.0
0.196371295654
0.139158852242
0.257032208264
0.0376549644842
0.383762471799
0.211892888983
0.921567890427
0.429059919854
0.487380911521
0.307068849595
0.274497962516
0.188593105915
0.816264620293
0.368110293299
0.0375419990783
0.36649492674
0.336085344674
0.744708955593
0.182229994524
0.222255405244
0.238222225609
0.0347082848029
0.336346003283
0.305694248552
0.253150943114
0.318439991537
0.326877539953
0.480865094017
0.350380038547
0.586426717271
0.255428934073
0.232482507062
0.752220163789
0.334237012993
0.216985775343
0.20415908348
0.89612496425
0.399046478688
-0.00477510532385
0.294501089245
0.264411146309
0.810616254252
0.745707314907
0.244547390747
0.359545972251
0.718036446567
0.724805300293
0.750298938575
0.506038637284
0.302667307985
0.263085941151
0.470450461301
0.459952425334
0.23830993544
0.562087652521
0.277255117643
0.718036446567
0.762473629371
0.750298938575
0.506038637284
0.288351154265
0.252202020977
0.786064591861
0.239515101654
0.22934453505
0.562087652521
0.265194136634
1.0
5.17735844114e-301
0.344419985263
-0.00423219456631
0.0441376332859
0.0
0.389606974897
0.352905978966
0.61811968179
0.329438203922
0.303919568
-0.00435312666261
0.684045606926
0.0436846862287
5.17735844114e-301
0.0342563842631
0.0
0.0374737839661
0.0
0.03445453
0.0350734915257
0.345222763762
0.031970943361
0.0413622782467
0.0
0.748314860687
0.0371467763561
0.503657516752
0.0
0.0
0.0
0.0
0.0
0.0
0.0
0.0
0.0
0.0
0.0
0.0
0.0
0.0
0.0
0.0
0.0
0.0
0.0
0.0
0.0
0.0
0.0
0.0
0.0
0.0
0.0
0.0
0.0
0.0
0.0
0.194782802084
0.752369037908
0.254916917277
0.0360129106135
0.851407873613
0.343240448968
0.452600125111
0.329361044849
0.303384357645
0.393451124815
0.262173188226
0.260242574705
0.249587880619
0.332169962119
0.0330746280316
0.0
0.0
0.210215149193
0.148892914471
0.275492537123
-0.00493126701262
0.414210069178
0.765545566992
0.295655605787
0.354494611732
0.325720590695
0.247481976724
0.283986978494
0.28854396032
0.275503920536
-0.00448253369861
-0.00448249829003
0.0
0.0
0.367395155181
5.17735844114e-301
0.383191808557
0.441314646324
0.0315971596297
0.0
0.0294231429459
0.596832516033
0.505782482133
0.283247664094
0.347056867509
0.405905464816
0.0375103890625
0.0313643539507
0.301948462869
0.0293124035377
0.0
0.0
0.373432458727
-0.0037112267957
5.17735844114e-301
0.0363941590215
0.0
0.0400470634632
0.0
0.0366178878041
0.0373178067079
0.0365110503705
0.033825266479
0.0445198003141
0.0
0.0500463266421
0.0396738270974
0.26526093058
0.0364465271355
0.0
0.0
0.0350631705809
-0.00478519824969
0.0308636749991
0.0
0.0
0.402316406146
0.0
0.0
0.0
0.407817666365
0.0
0.0
0.0
0.0
0.0
0.0
0.0
0.0
0.0
0.0
0.0
0.0
0.41887336298
0.0
5.17735844114e-301
0.0353593142884
-0.00436249204341
0.0387976232811
0.0
0.345741213913
0.0362305533711
0.344763074772
0.0329295577717
0.0429810440311
-0.00449109822792
0.0481101345217
0.0384472111408
0.401316785367
0.614854886814
0.0
0.0
0.0341016334978
-0.00462896822829
0.030116215435
0.0376975697683
0.0
0.204275891863
0.157256834879
0.894310831864
0.043133752818
0.294690048265
0.264563455064
0.427601524042
0.378449610834
0.244677669209
0.359734688097
0.411225412679
0.277470586601
0.265391260279
0.283741153355
0.0389855387989
0.0
0.0
0.262322928899
0.28416268212
0.698130569109
0.304049886164
0.0
0.0404203892415
5.68246674119e-300
0.649486987967
-0.00381753169663
0.431701061744
0.0
0.0360876181802
0.423469703362
0.241714894234
0.232290132096
0.840071862501
-0.00391565258135
0.41630801759
0.41630801759
0.361723278678
0.175453578149
0.0
0.0
0.401592208405
-0.00402004478516
0.353375798167
0.038278930293
0.0
0.18058051327
0.0410895089708
1.30744341759e-299
0.545410676808
-0.004351011754
0.514687213965
0.0
0.0369354924608
0.477916382469
0.387503106398
0.66612296014
0.572778404742
-0.00447893202775
0.894893827063
0.495843182596
0.363401144968
0.0367611533893
0.0
0.0
0.336811118652
-0.00461604466914
0.340936431645
0.0392342629863
0.0
0.0380342658555
0.0421923007192
1.0
0.200105037747
0.141785151104
0.262006543384
-0.00467108040778
0.391925075938
0.352681525863
0.2801787651
0.338044374879
0.311113871856
0.236544493587
0.269678116006
0.269831191608
0.258394143141
-0.00426650810362
-0.00426647602567
0.0
0.0
0.349755627997
0.378232750194
-0.00356190972037
-0.00453981379447
0.0
-0.00439896004424
0.269836554878
-0.00384542851565
-0.00438728727173
6.59139644353e-300
0.327549191052
-0.00417010465688
0.469567894958
0.0
0.0339546872974
0.438768512902
0.0338628057069
0.0315401133071
0.521641614946
-0.00428746522887
0.60309492255
0.585491346262
0.0391381857756
0.0338072959879
0.0
0.0
0.0326137531497
-0.00441294155952
0.0289498393702
0.0358876853246
0.0
0.0348810443624
0.0383468048278
0.387581629735
0.460776311272
-0.00420341479967
6.59139644353e-300
0.684744787491
-0.00442366257571
0.522193748504
0.0
0.0381610868838
0.93374370424
0.360199660029
0.244579353662
0.812112964195
-0.00455595534369
0.504517959907
0.502806393952
0.383145030482
0.369736005389
0.0
0.0
0.355308369445
-0.00469789905701
0.304725543858
0.0406200222894
0.0
0.0393351480629
0.0437991726382
0.607724657824
0.607724657824
-0.00446116484559
0.466783483224
6.59139644353e-300
0.660846323081
0.0
0.498857107728
0.0
0.303646495013
0.464237322417
0.473076179783
0.205913344251
0.594848172406
0.508936380363
0.635735760139
0.620713838184
0.65556812636
0.442254813546
0.0
0.0
0.408420292719
-0.00402955042951
0.358651937656
0.432100764045
0.0
0.310712314802
0.253600016719
0.741989039229
0.702916797855
-0.00385412541932
0.658049364978
0.518566814935
0.18123477784
0.726758194338
0.760786021881
0.03640924248
0.351037633794
0.319222770155
0.427124520718
0.49321558102
0.320204497214
0.467446284983
0.358550178507
0.740837275412
0.227770400225
0.344311305096
0.0334086251335
0.0
0.0
0.404877681728
0.340012998302
0.355917207481
0.449422832114
0.0
0.0344568059932
0.358737850198
0.488461709276
0.488461709276
0.32485059681
0.032938461318
0.71398731928
0.430519571297
0.335765859803
0.533378520427
0.773658442861
0.0353322097817
0.352108120372
0.32010776671
0.822832505818
0.548755458
0.306473875633
0.323680653477
0.364777822809
0.542346856831
0.425294682119
0.364170074281
0.0324995853945
0.0
0.0
0.31769553478
0.341017205473
0.522300105644
0.0344175776836
0.0
0.325561394835
0.595188874799
0.23159239927
0.371555215034
0.614982723983
0.032054489108
0.243805964269
0.537337047898
0.748211219438
5.17735844114e-301
0.795907503712
0.0
0.041035047205
0.0
0.364618045379
0.899054131924
0.674982306105
0.211963597183
0.636667406035
0.728680698163
0.0515988436247
0.0406432578521
0.679570881582
0.037263031519
0.0
0.0
0.420649223637
-0.0042315918129
0.386359847443
0.0398064659183
0.0
0.374854188373
0.042854766266
0.395371650513
0.33133932383
-0.00403855555006
0.0366790705814
0.349224490932
0.606861192945
0.474806563354
0.342245803527
5.17735844114e-301
0.501301864569
0.0
0.0364717483699
0.0
0.0336056283683
0.557261249731
0.0335156236751
0.0312387132144
0.512087966353
0.0
0.0445844410842
0.0361619227858
0.243532706643
0.0334612454459
0.0
0.0
0.0322915890135
-0.00436445197622
0.63884707596
0.467591577687
0.0
0.0345127827473
0.275840330014
0.0349994289385
0.035796375802
-0.00415939751647
0.0329896098536
0.0369463627066
0.524464781313
0.486735494325
0.491742025399
0.520237753114
0.307749524746
0.417757029586
0.316684950267
0.0308621613373
0.17976334344
0.165017838043
0.264063879656
0.286525879462
0.277476908141
0.6209651211
0.170482692326
0.390516100958
0.688330133971
0.295399358735
0.0286787903489
0.0
0.0
0.251495529121
0.174685058738
0.325223458455
0.0301620257069
0.617920421783
0.0294477718143
0.170564135782
0.269319327148
0.301185510926
0.167646493433
0.02833163824
0.281872956789
0.5256190983
0.407592005074
0.284384190532
0.558005835627
0.445913953694
0.176475360875
0.640216739979
0.417162139973
0.0491311602832
0.250445681688
0.298609097654
0.439180666037
0.484627063332
0.279016922593
0.36647911076
0.522329587491
0.661807382486
0.220303392415
0.506866906869
0.4914973387
0.0
0.0
0.407521484278
0.242801139474
0.861390898231
0.0473803051618
0.397054036704
0.305439785821
0.510959126731
0.587560279723
0.540561767735
0.232264676065
0.0430148721358
0.674949244149
0.899251054375
0.656404088325
0.878056313752
0.577927103946
0.0424562130244
0.316265290881
0.185468562642
0.13148575208
0.354754619493
-0.00420793204061
0.666615874173
0.326726020058
0.376937310488
0.338215492081
0.289790043612
0.323189326697
0.364153929811
0.243878962861
0.234497891777
-0.00387676688501
-0.00387674039994
0.0
0.0
0.753643057781
0.348538462959
-0.00328610691826
-0.00410110804326
0.0
-0.00398581613464
0.364347515138
-0.00352594102163
-0.00397623059086
0.332623961209
-0.00382460364389
-0.00403681752294
-0.00353325146413
0.32238451144
0.32741039076
-0.00368763554259
-0.00378812811069
0.157249855971
0.419151091511
0.190601381503
0.135098888229
0.372096765555
0.0356312560289
0.272745868936
0.246741025331
0.396576092148
0.353942461753
0.229356196726
0.337520303674
0.382450917398
0.252831905563
0.242763639973
0.238373674741
0.0327524323938
0.0
0.0
0.244791086987
0.263703921369
0.0281728427342
0.252545077821
0.0
0.0337592216867
0.47510364314
0.0342247054505
0.0349863775479
0.251321455715
0.0323004316229
0.0360841116157
0.216732974874
0.336642628055
0.34212667899
0.0354406661205
0.232772460974
0.160924125419
0.533958120619
0.450473373454
0.200755489235
0.142242601668
0.262873456154
0.0395948102591
0.39335077352
0.353835586355
0.281170330206
0.766433215715
0.312056621568
0.237250871623
0.270596627537
0.509164009248
0.259479757576
0.636314134998
0.372225131646
0.0
0.0
0.350890588596
0.379560402586
0.0305943592755
0.815723743534
0.0
0.353742212079
0.297064869161
0.0378655245735
0.038800081949
0.360763253049
0.0355240710797
0.389695841943
0.606729276058
0.440955404137
0.326751512373
0.9405293616
0.601105559087
0.168102802278
0.374644456284
0.333650296825
0.252118994221
0.0
0.0
0.0
0.0
0.0
0.0
0.0
0.0
0.0
0.0
0.0
0.0
0.0
0.0
0.0
0.0
0.0
0.0
0.0
0.0
0.0
0.0
0.0
0.0
0.0
0.0
0.0
0.0
0.0
0.0
0.0
0.0
0.0
0.0
0.0
0.0
0.0
0.0
0.0

Topic 3
Mean 0.318689809054
Median 0.319563032169
Sum 168.845179987
0.0
0.0
0.478473662263
0.0
0.395203005315
0.986465962253
0.0
0.572071902454
0.493997766793
0.0472449775718
0.0
0.0379080133452
0.0379606861502
0.362633998544
0.0420812846131
0.0
0.551069160262
0.879309822789
0.587717986487
0.485427555235
0.0329468918166
0.0
0.394184835796
0.345054389513
0.29070048467
-0.00557728983131
-0.00468442547248
0.258903170269
0.0
0.0410678368251
0.501662165822
0.561449297827
0.0460111932573
0.376697124476
0.0353080096171
-0.00456431830969
0.0
0.526122997593
0.473246293329
0.408305165949
0.0491005463327
0.352793003569
0.0370992596179
-0.00457778737025
0.678460905698
0.0
0.0
0.900450208668
0.707392934437
0.0
0.0
0.0
0.0
0.0
0.0
0.0
0.760057155844
0.532511984425
0.432722282562
0.706053058878
0.254885288888
0.667127547594
0.469700617052
0.369264915752
0.3689632572
0.0
0.0
0.377437243083
0.345146282509
0.340854229508
0.0398628068345
0.0342335037904
0.249025356384
0.39898818713
0.036789784638
0.37724368235
0.0
0.438169241387
0.0
0.417944068698
0.473733497226
0.729414266081
0.0378542627741
0.318935383085
0.449560813207
-0.00425373410981
0.341639104256
0.321860494713
0.0
0.232311641152
0.0313826696769
0.0
0.191940727913
0.178551287996
0.192551175639
0.0
0.0
0.174310155817
0.20163791918
0.0
0.0
0.0
0.285141625447
0.193931145545
0.0
0.0
0.359283420726
0.633334774628
0.824205441104
0.0452911227043
0.32383071574
0.576185778711
-0.00431637813513
0.347262345754
0.679570881582
0.0
0.235947494026
0.353767743113
0.484026496995
0.0
0.0
0.0377720829037
0.721217003114
0.617477470583
0.0419138438293
0.0357352491317
0.0328441641479
-0.00467224677653
0.660401609317
0.254341577012
0.0
0.37019616226
0.0341226097114
0.0326401167579
0.0
0.0380236475618
0.0
0.036043094513
0.509266908831
0.569543975086
0.0397955274308
0.034183872838
0.483486706368
-0.00445470276279
0.883494977617
0.243532706643
0.745073654869
0.239164859218
0.0327053166235
0.496429255817
0.0
0.520237753114
0.588508063727
0.0
0.0
0.0
0.0
0.0
0.0
0.0
0.0
0.0
0.0
0.0
0.0
0.0
0.0
0.0
0.0
0.0
0.0
0.0
0.352626145419
0.459458278843
0.50079441777
0.0411659878193
0.035190194002
0.43668544234
0.371366542764
0.638040666091
0.246447167794
0.0
0.394330221002
0.356465126407
0.749197543451
0.182386713182
0.469133963111
0.741035150517
0.570684993956
0.0
0.0
0.480228002559
0.435784420774
0.463713694899
0.0421301609505
0.325658676484
0.0329768448008
-0.00427214006618
0.349365269843
0.633553501531
0.0
0.237305708075
0.333686403171
0.299122449704
0.0
0.592093952272
0.0357704893218
0.034216118296
0.0
0.035224366868
0.0
0.141773912015
0.531544113833
0.272546596342
0.0397224222864
0.0341299174957
0.524018597008
0.149198307644
0.264934618753
0.243156412418
0.0
0.308035564485
0.143295696846
0.0312955956126
0.128555449927
0.0362113432538
0.247584699426
0.237330924368
0.0
0.240097993471
0.0341620611946
0.0
0.564126551669
0.565321215328
0.389907714526
0.664489585596
0.0531069790772
0.458888940112
0.158450433844
0.0595230100579
0.0647972407647
0.0
0.834835960113
0.151809348647
0.412026395833
0.135366034951
0.414383597597
0.0528405792516
0.440420058023
0.0
0.141956116402
0.0531848465456
0.140007583262
0.0
0.35230057402
0.348697232066
0.375090989222
0.384050229561
0.233059407879
0.339082440471
0.263403869214
0.338155807828
0.703168200191
0.0
0.656030689788
0.696906825738
0.214041987196
0.176928421245
0.555947712459
0.242905353615
0.233027776454
0.0
0.237903705899
0.524765762406
0.300142914359
0.476437409398
0.0
0.322121730852
0.5266048195
0.752024085105
0.0351060431365
0.750165923539
0.472905298856
0.186418652597
0.425675203929
0.318849681856
0.394717267346
0.255629301651
0.17981230228
0.276112137212
0.502687783498
0.381756796172
0.476899241395
0.38583807874
0.0
0.389873945551
0.295251197631
0.49280542636
0.125713981652
0.648601565028
0.0
0.295244237819
0.351395107363
0.61094366166
0.0340618206818
0.285210105625
0.0278189441574
-0.00377628236792
0.303230511785
0.301948462869
0.817547413261
0.583906394151
0.0287306784975
0.836621968286
0.0
0.386359847443
0.0297810276515
0.63884707596
0.0
0.0294015106114
0.370245253039
0.0286576818947
0.52941170254
0.541795126414
0.339244707737
0.0
0.049343625555
0.331197653728
0.379485506223
0.0566574529073
0.0459241461995
0.0412570660324
-0.00613748857868
0.364888189622
0.32481995741
0.0
0.317095888993
0.0432946443189
0.0409356106221
0.0
0.0497738121552
0.332770818608
0.3145074126
0.0
0.319385199422
0.0459823630792
0.313880106937
0.0786391503294
0.306397158075
0.272970897549
0.0365365032621
0.0
0.912262609089
0.403129765593
0.262686320056
0.516552141418
0.0347565005668
0.407596116962
0.375472180691
0.0373944937615
0.0394097440761
0.0
0.552579738786
0.360246212614
0.0318216286244
0.18411786172
0.0369174721206
0.0346421979296
0.0331823370157
0.0
0.337575896773
0.0347898359131
0.135803498755
0.495675730751
0.320887233644
0.1713446907
0.0290981493254
0.0441345381267
0.0
0.140027332207
0.465262224954
0.569543975086
0.0424747346413
0.35206052069
0.126909069602
0.147265255851
0.929420872526
0.355628198137
0.745073654869
0.256956525091
0.141511656545
0.321250716411
0.127117724676
0.326217936547
0.612307278003
1.0
0.0
0.5930371346
0.328073024608
0.246500686082
0.138303991348
0.24186184236
0.399175915119
0.63884707596
0.330815472045
0.134200094332
0.0
0.373875219324
0.374399586948
0.0399255244562
0.415463250085
0.0361743509559
0.324547424694
0.0
0.0390408370376
0.0412426659799
0.0
0.44593158238
0.0345227528156
0.0330060594346
0.0
0.0385211795779
0.0360505490304
0.034472280245
0.0
0.0354959078299
0.0362104629418
0.0344174113563
0.525752051468
0.333227937192
0.0308971093939
0.0300853702327
0.046446189242
0.342526135055
0.0364647154396
0.0
0.254381451227
0.348072438638
0.380846440406
0.0457430791243
0.267854905489
0.343778974294
0.267642382114
0.387706408647
0.387373880977
0.0
0.698226440705
0.257100044067
0.24303736947
0.179383064864
0.840281295917
0.0383416885464
0.476763005848
0.0
0.241355903172
0.248508660089
0.132198090907
0.486516100235
0.641349632629
0.226557085397
0.710143656252
0.050320200397
0.243713172524
0.270143236845
0.0388476337524
0.0
0.606445530219
0.36399513577
0.334180655714
0.431705628877
0.490513185666
0.35287193531
0.316016816675
0.308397116887
0.292188925062
0.0
0.456584765527
0.30516137536
0.30966839837
0.752993923676
0.27334282044
0.0314527633439
0.0302446533131
0.0
0.288735931532
0.273327133716
0.116953474245
0.431588766329
0.309474591233
0.459374616081
0.250761960928
0.0390851390046
0.369036010435
0.291686304817
0.310649911641
0.313382027714
0.0
0.0
0.0
0.0
0.0
0.0
0.0
0.0
0.0
0.0
0.0
0.0
0.0
0.0
0.0
0.0
0.0
0.0
0.0
0.0
0.0
0.0
0.0
0.0
0.0
0.0
0.0
0.0
0.0
0.0
0.0
0.0
0.0
0.323647425014
0.0
0.324812899052
0.0
0.0
0.0
0.0
0.0
0.0
0.0
0.0
0.0
0.429246270553
0.0
0.29792081468
0.0
0.408753619925
0.0
0.0
0.0
0.0
0.319740864917
0.0
0.0
0.354274577808
0.0
0.0
0.0
0.0
0.0
0.270958548859
0.0
0.0
0.228381353947
0.498849570962
0.546591318786
0.0347192787429
0.0303697052456
0.494225734117
0.239013393042
0.234028115516
0.216870161168
0.378970860646
0.327348289462
0.230570226352
0.0281047915618
0.290570516653
0.0320067605397
0.220385844336
0.212224080766
0.0
0.217827154406
0.0303951537033
0.27743186713
0.125320768434
0.316003103332
0.334186485265
0.326404004003
0.271414277858
0.219745399476
0.219526507639
0.0305971292973
0.320078222535
0.461606058331
0.0
0.0
0.0
0.352161875401
0.0
0.353542198565
0.0
0.0
0.0
0.0
0.0
0.0
0.0
0.0
0.0
0.373514958497
0.0
0.390417073148
0.0
0.512587599756
0.0
0.0
0.0
0.0
0.420759898786
0.0
0.0
0.442910816567
0.0
0.0
0.0
0.0
0.453808860887
0.290661967146
0.0
0.696957624046
0.0
0.0
0.410910288454
0.411474162732
0.386119713754
0.455526033492
0.371017924304
0.357713217055
-0.00463024589152
0.402103546296
0.374982326956
0.0
0.488077350524
0.0362617298966
0.52597528477
0.0
0.342430312914
0.0379510845725
0.0362060485612
0.0
0.0373369201724
0.344474948987
0.0361455265106
0.509958795359
0.326812942991
0.314309920266
0.299539654913
0.0496495458509
0.377137275282
0.374154913764
0.349286405268
0.285825938037
0.342670766168
0.0
0.0
0.0319553298648
0.0
0.0
0.0
0.0
0.0
0.0
0.0
0.0
0.0
0.0
0.0
0.0
0.0
0.0
0.0
0.0
0.0
0.0
0.0
0.0
0.0
0.0
0.0
0.0
0.0
0.0
0.783908726467
0.0
0.0
0.0
0.0
0.448150240355
0.0
0.0
0.0
0.0
0.0
0.0
0.0
0.0375012175266
0.358307307579
0.353683879354
0.0415805822478
0.336262990948
0.0326391732597
-0.00450177164092
0.361598677154
0.703026619018
0.0
0.245190893053
0.330137432584
0.30804531824
0.0
0.902097193477
0.0353735268479
0.0338527302396
0.0
0.034839367806
0.550647389177
0.0337998143666
0.0523120048485
0.519250333618
0.289004948096
0.2764698168
0.045328467305
0.034414226384
0.338837755867
0.0358037307291
0.257169507076
0.280758286723
0.0
0.0
0.0301080536749
0.0
0.356362446786
0.0
0.0
0.744618642597
0.938191330028
0.633532722531
0.0358142749869
0.292401655114
0.625198936674
0.229509400754
0.579049403358
0.618729272573
0.0
0.315074312233
0.221713392216
0.416650645368
0.185374240137
0.761431652654
0.175068001904
0.527631053353
0.0
0.209905441932
0.382168445931
0.136761229402
0.433333385128
0.30481969702
0.374570157106
1.0
0.0385604139738
0.211686132208
0.294346592183
0.0314443750902
0.468469521336
0.546799234866
0.0
1.0
0.455172073253
0.504837228581
0.307482056449
0.382738258183
0.283222131087

Topic 8
Mean 0.294792900209
Median 0.300176782679
Sum 183.189967435
0.579499943085
0.320401815235
0.777754317255
0.0351316884486
0.0401244101715
0.0465197454417
0.790347137944
0.0396944563889
0.0459427956743
0.0362305533711
0.0399663281497
0.882785413744
0.055392516283
0.854000369284
0.041394591088
0.193654526378
5.17735844114e-301
5.17735844114e-301
5.17735844114e-301
0.211892888983
5.17735844114e-301
0.555642319275
0.0395347177622
0.0457289452832
0.319621034228
0.436509467253
0.0412209059834
0.35788909082
0.449397660903
0.38896404636
0.261521475935
0.290465099864
0.420855791864
0.304125811963
0.164890783702
0.595136336994
0.486728525338
0.764846908752
0.043669745965
0.528961212427
0.432505642134
0.46719270478
0.170268627534
0.605837664252
0.872719350435
0.413393230156
0.0366905538591
0.0419661386122
0.0337114061675
0.591865467063
0.0381384145539
0.209519476239
0.214061802535
0.225207414393
0.315412843284
0.450753829399
0.466987874756
0.328265890238
0.744792813364
0.0379071162103
0.853463992459
5.17735844114e-301
0.0377614125629
0.383620315045
0.178031754791
0.0351582728712
0.0
0.0
0.0
0.0
0.0
0.0
0.0
0.0
0.0
0.0
0.0
0.0
0.464212736952
0.0418699066462
0.0488823882454
0.0380342658555
0.477916382469
0.043765949839
1.30744341759e-299
0.556963996293
0.457155287028
0.344838770487
0.444764649788
0.0398861833797
0.0
0.197528641116
0.0
0.0
0.0
0.21653984929
0.0
0.35788909082
1.0
0.167691192187
0.173256338058
0.214061802535
0.0
0.0
0.0
0.232903099932
0.26348268495
0.300794451162
0.0333003632376
0.252604103029
0.037613167188
0.341017775745
0.333145758984
0.200146990668
0.27894299232
0.340233587876
0.237030788777
0.0
0.034493796932
0.333145758984
0.969814249248
0.472483071795
0.333196345436
0.186599852722
0.417383627821
0.336526026077
0.383528322862
0.533498564447
0.584159164788
0.608137722249
0.760230946258
0.464621326846
0.0
0.43724988792
0.336920318338
0.32266868222
0.320098937205
0.345623142984
0.043563089337
0.0347342482952
0.328563256392
0.345250367606
0.188085555353
0.547574011695
0.752232040842
0.295962223647
0.307998955489
0.0362722489111
0.0
0.344622895521
0.191737954941
0.175750588677
0.320417522412
0.555063591084
0.839847879424
0.343480850253
0.0370057047332
0.45094575921
0.532718948746
5.68246674119e-300
0.456409013032
0.680383877855
0.455193293295
0.345120915244
0.475592295159
0.0
0.386047192499
0.0
0.244862740386
0.572752942176
0.642125699985
0.350413221528
0.346839333364
0.0478087187879
0.0373810782433
0.360582109555
0.52273143153
5.05889625445e-300
0.517552478619
0.483196161543
0.478716469986
0.335964637439
0.0391684389635
0.0
0.380016894566
0.0
0.033955694814
0.662268210679
0.454588092713
0.507755250642
0.800663629867
0.517113839266
0.284633264216
0.0329541954917
0.398584828817
0.514357809704
0.179901874313
0.517270707135
0.78946524008
0.607735803613
0.192086335026
0.226879575713
0.0
0.315967858911
0.183240532701
0.557684518195
0.311100466707
0.921285505294
0.342126533613
0.50196996613
0.427247540961
0.0452921880761
0.0536117534739
0.229791775267
0.440739314409
0.26739052875
5.68246674119e-300
0.0402265870904
0.0337102310222
0.187667724307
0.408192298166
0.241848346891
0.0
0.466712344043
0.0
0.0367835298704
0.400858122975
0.367102717968
0.411156059354
0.407535709208
0.0363616162958
0.251591022834
0.0415979947736
0.0485121707771
0.352449360791
0.260518361221
0.043468941118
5.17735844114e-301
0.317606756625
0.598001539342
0.630959631859
0.0347455233228
0.0396393506222
0.0
0.40235265881
0.0
0.0343090388962
0.0373218015685
0.249418695275
0.243804332041
0.248019541978
0.23332258925
0.0423646646807
0.850108450662
0.445962091759
0.0445508199293
0.0353593142884
0.921567890427
0.040261176988
0.138268673929
0.979817401279
0.439286693228
0.336574432517
0.316979898773
0.0369544387186
0.0
0.545410676808
0.141035366141
0.128948578198
0.480618234585
0.58375664792
0.438980707618
0.350048091607
0.417375117732
0.379932981702
0.254051784633
0.310655868867
0.035827421744
0.0408407559119
0.0329813557981
0.318621937476
0.037206682502
0.380650465112
0.33434458023
0.280073939371
0.293799283905
0.299246544052
0.0343649487036
0.0
0.667166420661
0.33434458023
0.529226951478
0.360100426198
0.30175353727
0.301033429468
0.328547244127
0.206518446797
0.354736337182
0.348718115091
0.310368858934
0.0359471771889
0.0411916751764
0.0479604493246
0.210865404443
0.0370984845512
0.242104722159
5.17735844114e-301
0.0369589194356
0.0313848844531
0.174850774613
0.0344615875861
0.220974046749
0.0
0.0389919089683
0.0
0.0340321637115
0.190683043106
0.0355311810965
0.0379116362354
0.0383057115038
0.0336706967728
0.498234269931
0.0387559877026
0.0361855289813
0.0336990514839
0.243584891093
-0.00412024949865
-0.00525893709691
-0.00419096922215
0.266257806104
-0.00412618700953
0.190933449236
0.194698398675
0.208267493141
0.291052378761
0.832777390143
-0.00410308110449
0.0
-0.00418037284466
0.194698398675
0.312059513839
0.315299208541
0.184204907504
-0.00390968918415
-0.00393421906303
0.176348386962
-0.00464009469493
-0.00408757904294
0.135332592722
0.178851634569
-0.00429357206614
0.584420493615
0.575333613699
0.0
0.0
0.0
0.0
0.0
0.472113306066
0.465454935176
0.483785997707
0.0
0.0
0.0
0.0
0.0
0.0
0.579128168217
0.0
0.481342287538
0.0
0.521028394398
0.0
0.0
0.0
0.0
0.0
0.0
0.259452830349
-0.00439513754201
-0.00571517044603
-0.00447570062305
0.285332866348
-0.00440189438901
0.203481973719
0.207763614056
0.219759082337
0.307566271394
0.383799500021
-0.00437560733392
0.0
-0.00446361759061
0.207763614056
0.331121325549
0.334771209285
0.195857601181
-0.00415635848053
-0.00418409224874
0.1869995428
-0.00499168237711
-0.0043579820157
0.144159848073
0.189816721639
-0.00459291353888
0.348324421297
0.0
0.0451528551054
0.0537485654142
0.0658808776681
0.267777951101
0.0469843633739
0.320254172772
5.17735844114e-301
0.0467607302777
0.0381812445492
0.212258418655
0.0428334984232
0.284293296488
0.0
0.0500632197485
0.0
0.0421720895597
0.236050556322
0.0444984526193
0.0482962913627
0.0489376485986
0.0416184363839
0.653752725197
0.0496749708961
0.0455295565987
0.0416617654047
0.583206996686
-0.00445898325763
0.0
-0.004782702946
0.446243035902
0.561033977851
0.287161466975
0.0359576356923
0.598700367227
0.560395318144
0.18684031848
0.375584540272
0.70687005522
0.371432455104
0.257300267489
0.228483003423
0.0
0.329424570864
0.190444052788
0.561390277764
0.401184232343
0.453567384619
0.488299507024
0.45508488477
0.539512274819
0.0400530579297
0.340431065537
0.35276131179
0.301691810012
0.0368123859663
0.23542284958
0.426432077919
0.250212915344
0.046526412923
0.0
0.0
0.0
0.0
0.0
0.0
0.0
0.0
0.0
0.0
0.0
0.0
0.0
0.0
0.0
0.0
0.0
0.0
0.0
0.0
0.0
0.0
0.0
0.0
0.0
0.0
0.0
0.0
0.0
0.0
0.0
0.469923617282
0.481210549889
0.0374983607432
0.0307667241459
0.388779799338
0.480740621356
0.187139078949
0.594874568596
0.3055356731
0.315143630396
0.317824097609
0.0319673624215
0.0
0.0317826927062
0.190754458825
0.698465833229
0.29210092099
0.513326825486
0.319287471634
0.299559114195
0.446819533742
0.0337165491582
0.0316257700754
0.794472969677
0.175518076918
0.0313903609263
0.293104345105
0.0
0.309858611761
0.0381893499868
0.857736632351
0.0
0.440573830785
0.43416479027
0.0370618471333
0.0304722519775
0.431991558622
0.034044323086
5.17735844114e-301
0.432840044635
0.598395352192
0.828352582405
0.0284501271911
0.0316495775864
0.0
0.31162403661
0.0
0.028156815689
0.0301545127143
0.2030758611
0.199338377395
0.202147372023
0.720573028284
0.033363228014
0.321455441575
0.206136646874
0.286693987652
0.0310838894148
-0.0035295660681
0.437586979089
-0.00372937613602
0.0377366978172
0.436564947251
0.0
0.0263238770972
0.377770434614
0.0
-0.00553186129999
-0.00436249204341
0.429059919854
-0.00429234304577
0.579545834654
0.39958036787
0.414999678456
0.426323212709
0.27456379129
-0.00426734442229
0.0
-0.004351011754
0.370569253629
0.352024035493
0.396048727177
0.194370524576
0.0
-0.00408499169223
0.39332823646
-0.00485127607614
-0.0042505788276
0.143031526576
0.392980656829
-0.00447377665583
0.249793474283
0.0
0.266508371643
-0.00465365495391
0.36463213631
0.0
0.365224907125
0.425823712748
0.243929075503
0.0373851868336
0.0428773701101
0.333384843372
0.266669100056
0.0388895127334
0.191205489122
0.302042069075
0.275873769724
0.318656769849
0.358970149497
0.0357955945408
0.0
0.0355642065103
0.194981280803
0.312474522485
0.31572288472
0.184458099013
0.0346633208419
0.0349924662781
0.176580427716
0.0380032784699
0.331193943769
0.135524046192
0.179090314126
0.0350736817093
0.327749928003
0.0
0.348841572172
0.0437832122049
0.235744339354
0.0
0.293470438356
0.0288660115293
0.250155440734
0.229015611709
0.0351501748546
0.0399630354695
0.0324065706302
0.248946456232
0.036476818616
0.179423910848
0.222883127524
0.276023976356
0.510548504736
0.335357534009
0.0337413825321
0.0
0.415385432176
0.182744688768
0.294428865802
0.297311140347
0.2153847526
0.211185147896
0.214340586075
0.203275034513
0.0356960328679
0.359093136665
0.21883097398
0.303285590044
0.0330992062271
0.625372855932
0.0
0.326501185328
0.0407487955894
0.296997754347
0.0
0.277496932714
0.282451755676
0.234495357442
0.308356853223
0.795161235436
0.484335129805
0.0388935878192
0.178374870999
0.39728949979
0.48385908183
0.17865705082
0.419606107724
0.5557208211
0.616751273026
0.190667846396
0.185555349367
0.0
0.31616903225
0.181949242885
0.167491053404
0.407266111523
0.499823143844
0.376817285586
0.301420732257
0.819424534655
0.413859707636
0.326293966892
0.397242910696
0.290536385288
0.384422511392
0.175152090703
0.433310112418
0.185654924722
0.470843740372
0.48428111418
0.0
0.423623704933
0.739921658409
0.184318214613
0.175380991898
0.286180542657
0.341187215422
0.370671687881
0.32481995741
0.401316785367
0.352905978966
0.541542152832
5.17735844114e-301
0.356753270753
0.568929016586
0.59868069929
0.0376716244358
0.251701479157
0.0
0.363401144968
0.0
0.235228876104
0.341832618696
0.484152815997
0.525485283824
0.515764686718
0.339698548742
0.0467966088448
0.86244445709
0.344419985263
0.329943213421
0.0424322917484
-0.00407057491361
0.0
-0.00433865906518
0.0558804230429
0.484716368424
0.0
0.317171830443
0.305433981281
-0.00423219456631
0.373987109893
0.324337030231
0.319259556154
0.875578167421
0.442976437087
0.307087659584
0.316886013523
0.410354745296
0.0383279747288
0.180444244774
0.288436345535
0.469547208878
0.513088457906
0.385671564116
0.436058777058
0.0
0.42954215053
0.183803252302
0.295997574866
0.524620234803
0.298455611778
0.536359870701
0.324641439596
0.216557428729
0.393352198052
0.612851395562
0.306881016284
0.290229941422
0.0346162854576
0.309669251162
0.0
0.328431389665
0.0430727499626
0.332770208853
0.0
0.333263841778
0.028555479063
0.351949245778
0.310077922363
0.542633292647
0.166284907979
0.35334923344

Topic 7
Mean 0.290041000698
Median 0.270596627537
Sum 202.630888608
0.0
0.0555703566865
0.0
0.268126641347
0.0
0.0536117534739
0.269818395236
0.0
0.0539926422264
0.552186009308
0.269098553211
0.0
0.0538305003584
0.55075774939
0.703827530846
-0.00517025640928
0.0
-0.0057403010801
-0.0050108424554
-0.00505710288833
-0.00504538816305
0.0372521235898
0.0
0.284633264216
0.0363616162958
0.0365364289362
0.0364621099002
0.187571246807
0.22848814624
0.0
0.0482291094457
0.222547259188
0.223711482218
0.223216409865
0.454034947644
0.319690668503
0.0408608418521
0.0
0.0451680649973
0.0397919211609
0.0400013677558
0.0399123013789
0.266959041308
0.512112638702
0.29398215715
0.220890027112
0.0
0.31799876176
0.215332880811
0.216422660584
0.215959289529
0.143577923919
0.375926358649
0.189000676029
0.781685152212
0.0428980525081
0.0
0.342400353053
0.0417214224212
0.0419517322968
0.0418537795192
0.270596627537
0.345973391194
0.332073864563
0.375848491253
0.255542405448
0.036290100366
0.0
0.288545784233
0.0354444712314
0.0356105563865
0.0355399526349
0.254168726886
0.302789118199
0.278546229661
0.841350441443
0.707874306868
0.337809254093
5.17735844114e-301
0.0
5.17735844114e-301
5.68246674119e-300
5.17735844114e-301
5.17735844114e-301
0.20415908348
0.179901874313
0.224456647958
0.198178320883
0.137301460892
0.200755489235
0.189091428331
0.710786042457
0.0
0.282870668195
0.195685724463
0.196585296271
0.196202902562
0.249058072972
0.605144560014
0.272420045052
0.956251694221
0.814587848608
0.332016161176
0.962985421952
0.185449559364
0.242708039327
0.0
0.0479604493246
0.498234269931
0.50099932222
0.499823301779
-0.00460912965264
0.0336706967728
0.204749224571
0.0365916801604
0.198626759191
0.0382169654457
0.0328828036766
5.17735844114e-301
0.181790729066
0.0387082466919
0.0
0.0425522582936
0.037747659492
0.0379360877903
0.0378559718164
0.0
0.524930027869
0.323893234588
0.0333571075597
0.032546804887
0.497299966405
0.310409425687
5.17735844114e-301
0.0297911183058
0.0348558410593
0.047247712412
0.0
0.0531031543868
0.50137843081
0.0461023202419
0.045984053615
0.206155561777
0.221581676621
0.255274072705
0.200059001599
0.138565690531
0.202685640029
0.323176183376
0.410727397529
0.187095407513
0.041631360271
0.341799136261
0.321310694028
0.0
0.0658808776681
0.653752725197
0.814722566843
0.812210680667
-0.0048002894868
0.0416184363839
0.257991334311
0.0461744163581
0.248345758016
0.0487928951149
0.040421303325
5.17735844114e-301
0.222573077874
0.583206996686
0.0434442727291
0.0544996209415
0.0366058535305
0.0
0.040025195833
0.339339345607
0.0359145455762
0.0358427324784
0.350885525685
0.35396476331
0.858606347067
0.611788574899
0.503915247398
0.300228547585
0.832562021649
0.175497660308
0.547722390975
0.0331418362689
0.283790426387
0.338045110942
0.0408134263765
0.0400625875745
0.0
0.0441946541675
0.0390344982171
0.0392360270462
0.0391503326041
0.2566141744
0.425282709614
0.281485974493
0.249263978024
0.395690152094
0.252432458254
0.318829311658
0.190831836836
0.233587774359
0.0359502067029
0.336940621042
0.658870210598
0.0451576350536
0.37143315767
0.217680480706
0.0
0.04252405837
0.448131590993
0.572024637306
0.570817309602
0.194900384408
0.888617118043
0.526734884865
0.189442530656
0.181544845724
0.327073515133
0.20862847511
0.384287500024
0.177778190713
0.413819221876
0.526235010067
0.387719978591
0.638041975585
0.632717499985
0.226290309124
0.0421510771945
0.0
0.0467499148413
0.0410145243752
0.041237075139
0.041142427466
0.0
0.496873953887
0.693640846548
0.0358827856712
0.0349468527017
0.537266606792
0.29964338646
5.17735844114e-301
0.0317894780258
0.0376229886405
0.965904210542
0.328791225732
0.0478288300612
0.317159356308
0.324293043085
0.32994917537
0.0404988150328
0.0
0.0447261042736
0.0394485082563
0.0396543459616
0.0395668165367
0.745707314907
0.322525515195
0.414408657149
0.348337292425
0.132781006614
0.766433215715
0.315419139427
0.188593105915
0.310362786119
0.0363010818814
0.486117073396
0.593342744708
0.0457126430083
0.326740185837
0.584870878624
0.319382503307
0.524237554044
-0.0047159402331
0.0
-0.00518565480388
-0.00458295084281
-0.0046216174753
-0.00461183152141
0.254611522699
0.175045158364
0.279078125287
0.786712595293
0.289372762801
0.324691366556
0.751662331982
0.189406669829
0.775204149701
-0.00424459949059
-0.00368685210089
0.191123830525
-0.00440618782917
0.587359660666
0.238465986906
0.181411483158
-0.00373773020319
0.305300869844
0.0432925209449
0.0
0.0481581780498
0.460685809861
0.0423289124354
0.0422291924832
-0.00462515806101
0.0337680329626
0.0387029284534
0.0367066658422
0.0357278470243
0.0383424100779
0.0329756315576
6.59139644353e-300
0.0324344228055
0.038529727418
0.0349601605504
0.919212338021
0.0493038698211
0.316849131455
0.0360611900764
0.338136314592
0.0377445579949
0.0364142456393
-0.00425818908688
0.22848814624
0.0
0.0448563636667
0.222547259188
0.223711482218
0.223216409865
0.379538708372
0.296721346439
1.0
0.24711644313
0.189000676029
0.322175549291
0.236117661229
0.18921244286
0.231700840054
0.204749224571
0.300338294027
0.234950028596
0.257991334311
0.941658341175
0.238226650687
0.48694641033
0.337970191706
0.351446815415
0.236499748434
0.0365005424111
0.0450318445074
0.0
0.050320200397
0.0437370162912
0.0439901841027
0.0438824931429
0.0
0.363131494973
0.895480879575
0.03794945735
0.0369041797288
0.496272891911
0.403142729901
5.17735844114e-301
0.0334009469832
0.0399013391025
0.531037320911
0.671808206099
0.0515724085118
0.392072030862
0.660967959546
0.363905468395
0.708398399678
0.643290930168
-0.00367965035165
0.0400381048864
0.309142469717
0.447581471057
0.0
0.282010589919
0.341740121307
0.344493095574
0.343320536897
0.3907466617
0.695504425505
0.707358537784
0.529976886446
0.268545848968
0.500252805175
0.597973580379
0.194552906226
0.623974738698
0.301495786958
1.0
0.351375759171
0.433111976287
0.566212348457
0.404515886466
0.780671485305
0.308890573927
0.467668827296
0.630922413669
0.0538269786932
0.606423336107
0.694761544547
0.0432925209449
0.0
0.0481581780498
0.460685809861
0.0423289124354
0.0422291924832
-0.00418038753677
0.294902269732
0.909716739019
0.0367066658422
0.0357278470243
0.0383424100779
0.211790779076
6.59139644353e-300
0.0324344228055
0.038529727418
0.298474738249
0.919212338021
0.0493038698211
0.791188466758
0.23001547828
0.483808838442
0.335612210939
0.224543153951
-0.00387829808804
1.0
0.839884520193
0.307168414326
0.291292671117
0.0336723585456
0.0
0.265956760901
0.0329431004254
0.0330865235445
0.033025565143
0.438499155064
0.819424534655
0.361131562885
0.261424852715
0.371285761016
0.220819371178
0.258002238437
0.167062000962
0.809992279743
0.0307188921815
0.265288372614
0.205260846463
0.0372000905392
0.292694409432
0.404399510675
0.601258696372
0.315926439092
0.406208917036
0.252398456852
0.0307998896013
0.312365518871
0.272134114532
0.470685000208
0.278216273277
0.0470833140483
0.0
0.384957461427
0.045669676016
0.0459457828409
0.0458283169604
0.411225412679
0.252588833723
0.454335927886
0.599521724903
0.787675644578
0.297064869161
0.536220867977
0.204275891863
0.693461797897
0.0415036703007
0.0373912059719
0.206274666542
0.0542810003802
0.573136259079
0.256757630577
0.195006835646
0.0405940462297
0.378449610834
0.332695005982
0.0416516613017
0.379749001141
0.457167952885
0.480092621879
0.0416516613017
0.419573488824
0.200642622707
0.0
0.0388935878192
0.413859707636
0.415765758473
0.414955522537
0.438499155064
0.819424534655
0.379462851286
0.481871756531
0.169538145644
0.324795871793
0.61854570959
0.17865705082
0.764738085989
0.384422511392
0.298866805501
0.31068367623
0.470843740372
0.263977776232
0.404399510675
0.601258696372
0.474747757803
0.406208917036
0.173866419128
0.0324520952742
0.278237690491
0.371794353507
0.65602395114
0.276637575345
1.0
0.186315600469
0.241396539548
0.0
0.0519450869518
0.234775158907
0.236071206121
0.235519985995
0.36086049294
0.525029621719
0.408875716185
0.327857569806
0.443922620886
0.3404283194
0.356176971181
0.337424210992
0.294000049911
0.215054217671
0.516726819797
0.607937245052
0.274569435442
0.70795891204
0.599719111303
0.755284337334
0.528389268399
0.541273164739
0.290701531297
0.0410600539116
0.336392713988
0.605822119534
0.386608241016
0.298016501632
0.386501939557
0.361050591585
0.725401654743
0.0399478508751
0.0
0.0440550701888
0.0389255667178
0.0391259694375
0.0390407545473
0.45669658733
0.663942688751
0.510491674662
0.543907494816
0.544360788654
0.368344505698
0.319786875539
0.424684600232
0.638563733112
0.035857789071
0.318329461816
0.429296692683
0.0450119118918
0.662729916231
0.362183176989
0.403424260093
0.307017037851
0.416624843099
0.28057800095
0.0359682016891
0.418200146692
0.397040669483
0.686678602188
0.217229143158
0.362813388517
0.626039986993
0.625390808278
0.436348675361
0.035035624047
0.0
0.0381554081212
0.375001179393
0.0344018387585
0.03433594219
0.345647286665
0.452672546013
0.375603653995
0.485505322537
0.121994132828
0.327335296402
0.288416800835
0.311206706773
0.437041788189
0.031849481738
0.0293705708012
0.433351596357
0.0388710556505
0.302129444339
0.218188130095
0.299158869881
0.0313110713925
0.322193385559
0.216738643513
0.406590593875
0.323134700905
0.0328732109193
0.466574223449
0.406590593875
0.381187067198
0.345821690892
0.428881218597
0.798721323114
0.477337244105
0.034997730021
0.0
0.038110469327
0.0342106046819
0.0343653026034
0.0342995457965
0.0
0.415712199584
0.0319361870246
0.315398174663
0.0298828808647
0.493387200966
0.288167888522
5.17735844114e-301
0.373068435666
0.0318181634155
0.43871410756
0.0340027927005
0.0388244163224
0.028119635575
0.442174964678
0.39465926466
0.0312808024793
0.461663109151
-0.00357273019455
0.0319050697196
0.0304215296259
0.374338108159
0.46741033776
0.0319050697196
0.443770255761
0.033917563402
0.443770255761
0.420865652523
0.310096884683
0.280511178628
0.0402512833064
0.0
0.0444243930969
0.42924193497
0.0394169992747
0.0393305133667
-0.00433703326063
0.0318887139085
0.0362540981916
0.0344967254479
0.0336308289755
0.0359375717421
0.0311811343682
6.59139644353e-300
0.0306967942434
0.0361020784352
0.0329497563821
0.728129137155
0.0453975220392
0.299878128
0.0339260281213
0.31887765268
0.0354118483281
0.0342383319455
-0.00401275818571
0.677142215379
0.0343146128116
0.0374231083406
0.0492046200788
0.677142215379
0.02922874184
0.0388290756476
0.030712623417
0.0383144383445
0.0338437127476
0.385124780894
0.0302222255952
0.228996578777
0.0
0.0484220132827
0.223029568182
0.224198856193
0.223701626776
0.149468538203
0.900696939126
0.695257046209
0.567276746116
0.4669765812
0.384856605896
0.332159341875
0.142678675335
0.662852874211
0.205157403072
0.324785273469
0.256049739351
0.258639731355
0.433561188047
0.483306757702
0.613589454327
0.524593346252
0.356061376389
0.138412053395
0.0388270556842
0.695257046209
0.335105695497
0.767032232743
0.34437628344
0.817010415505
0.162986332992
0.817010415505
0.557260096849
0.734059823025
0.519980024918
0.502315839275
0.0363629925813
0.0
0.0
0.0
0.0
0.0
0.0
0.294501089245
0.19886729802
0.327734837898
0.36923764256
0.152890262986
0.39335077352
0.350421183597
0.217613060405
0.322328537881
0.0
0.0
0.219882805342
0.0
0.322645378733
0.273112759994
0.207125209998
0.0
0.36649492674
0.351070588017
0.0
0.270536751298
0.0
0.345510978362
0.0
0.235788637588
0.294690048265
0.197347287957
0.346595115936
0.329805246261
0.244985570982
0.0
0.0
0.159587599155

Topic 2
Mean 0.281285543308
Median 0.242931348857
Sum 146.721609995
0.0506810988121
0.24764148817
0.0536117534739
0.0
0.0
0.0
0.0435256417336
0.384957461427
0.045669676016
0.0
0.0349893522224
0.284633264216
0.0363616162958
0.0
0.252588833723
0.0
0.0
0.0
0.0
0.0
0.0
0.0399247855419
0.342400353053
0.0417214224212
0.0
0.297064869161
0.345973391194
0.0
0.0
0.0
0.0
0.0
0.0
0.0
0.0
0.0
0.0387057012558
0.0459427956743
0.440739314409
0.0
0.427601524042
0.398584828817
0.0
0.281170330206
0.0
5.17735844114e-301
5.17735844114e-301
5.68246674119e-300
0.0
0.204275891863
0.179901874313
0.0
0.200755489235
0.0
0.211892888983
0.0377129866425
0.0445508199293
0.379932981702
0.0
0.157256834879
0.417375117732
0.0
0.142242601668
0.0
0.921567890427
0.138268673929
0.0374541595773
0.320401815235
0.427247540961
0.0
0.785441597928
0.800663629867
0.0
0.465326769877
0.0
0.790347137944
0.193654526378
0.850108450662
0.0389116801139
0.0462332915397
0.0406163467152
0.0
0.0402039520763
0.737409326082
0.0
0.382963661306
0.0
0.0360565643243
5.17735844114e-301
0.0351935733482
0.0349680696196
0.762967473847
0.0484220132827
0.223029568182
0.0
0.162986332992
0.900696939126
0.0
0.384856605896
0.0
0.502458081834
0.142678675335
0.58375664792
0.351602189261
0.818317389294
0.347611190701
0.317726895259
0.217287067085
0.0
0.278313725788
0.731432104982
0.0
0.46220440004
0.0
0.0357356401166
5.17735844114e-301
0.0348877623853
0.439689244879
0.807103428216
0.810963119467
0.248470333512
0.0538305003584
0.55075774939
0.0
0.0458283169604
0.0364621099002
0.0
0.0418537795192
0.0
0.0405160211628
5.17735844114e-301
0.0394295768932
0.0391467397645
0.0407417746431
0.223701626776
0.217924913786
0.0
0.0
0.0
0.0
0.516871233759
0.521028394398
0.0
0.0
0.0
0.0
0.0
0.0
0.584420493615
0.0
0.0
0.0
0.0
0.249083918197
0.0539926422264
0.552186009308
0.0
0.0459457828409
0.0365364289362
0.0
0.0419517322968
0.0
0.0406078054805
5.17735844114e-301
0.0395164995031
0.0392324184617
0.0408345858182
0.224198856193
0.21839676749
0.703827530846
0.0
0.0
-0.0057403010801
-0.0050108424554
0.0
0.411225412679
0.187571246807
0.0
0.270596627537
0.0
0.810616254252
0.20415908348
0.89612496425
0.468406525215
0.0
0.149468538203
-0.00427668568976
-0.00504538816305
0.597200675781
-0.00505710288833
0.342291864648
0.298072756263
0.433420440638
0.0
0.464297876218
0.554094936974
0.0
0.328930709055
0.0
0.379608321913
0.376630091424
0.487331973934
0.486849227881
0.0341372383813
0.469694376251
0.307350344836
0.434622439456
0.410241441342
0.435511380352
0.366646245994
0.0378385177608
0.0447261042736
0.0394485082563
0.0
0.378449610834
0.322525515195
0.0
0.766433215715
0.0
0.744708955593
0.188593105915
0.816264620293
0.431745563549
0.354440501113
0.356061376389
0.351433989396
0.0395668165367
0.548419597827
0.0396543459616
0.745707314907
0.55230070646
0.0392769858468
0.0467499148413
0.0410145243752
0.0
0.0405940462297
0.496873953887
0.0
0.537266606792
0.0
0.369288269157
5.17735844114e-301
0.397321253975
0.35730894429
0.0365518238208
0.524593346252
0.03622206319
0.041142427466
0.0
0.041237075139
0.0
0.323140159242
0.524237554044
0.761385034911
0.0482291094457
0.222547259188
0.0
0.454335927886
0.319690668503
0.0
0.332073864563
0.0
0.474081220049
0.224456647958
0.656213961612
0.426692125167
0.0374498614067
0.695257046209
0.190504476697
0.223216409865
0.0
0.223711482218
0.454034947644
0.515623059528
0.414408657149
0.693640846548
0.711261613314
0.0439432491607
0.218543288934
0.0
0.370041920712
0.312781332483
0.0
0.350294154523
0.0
0.383035341542
0.184581228857
0.13086099332
0.733979793562
0.342707542981
0.653221847624
0.339895994953
0.21918854319
0.433352338756
0.219665890804
0.438542398859
0.877782770032
0.406246026274
0.0351054513313
0.65206155936
0.0
0.0
0.0
0.0
0.0
0.0
0.0
0.0
0.0
0.0
0.0
0.0
0.0
0.0
0.0
0.0
0.0
0.0
0.0
0.0
0.0
0.0
0.0
0.0
0.0
0.0381336843577
0.0451390930276
0.387540512176
0.0
0.160453557977
0.828937905454
0.0
0.14485297879
0.0
0.344839937892
0.140733968787
0.759317020245
0.812347715048
0.0355596664128
0.594421890507
0.03524748832
0.0398896778157
0.0
0.0399786431374
0.147335719656
0.294386267311
0.232974831534
0.539910631437
0.334162465773
0.133067102748
0.0
0.0392769858468
0.0467499148413
0.0410145243752
0.0
0.0405940462297
0.369978847014
0.0
0.689904525153
0.0
0.369288269157
5.17735844114e-301
0.397557755371
0.35730894429
0.319764642101
0.369246300844
0.424486987885
0.041142427466
0.0
0.041237075139
0.0
0.323140159242
0.871026570161
1.0
0.693640846548
0.296662847302
0.0
0.326305636082
0.234191082126
0.0501060912539
0.517618841667
0.0
0.0431008577802
0.0347143212612
0.0
0.0395670898519
0.0
0.0383694242063
5.17735844114e-301
0.037393666741
0.0371391893653
0.0385718301448
0.212060641083
0.206862517025
0.659621508011
0.0
0.661234244614
-0.00477178718303
0.41372049555
0.0375170776099
0.0389307532406
0.211624560443
0.208000777757
0.0
0.0378072313693
0.0389307532406
0.292332086747
0.0658808776681
0.653752725197
0.0
0.0542810003802
0.0416184363839
0.0
0.0487928951149
0.0
0.0469843633739
5.17735844114e-301
0.0455295565987
0.0451528551054
0.0472882237498
0.258639731355
0.250948693569
0.812210680667
0.0
0.814722566843
-0.0048002894868
0.641817420062
0.0457126430083
0.0478288300612
0.257991334311
0.252625788364
0.0
0.0461441394395
0.0478288300612
0.754623379034
0.231133481936
0.328265890238
0.241848346891
0.0
0.286367087172
0.226879575713
0.0
0.474446941107
0.0
0.0379071162103
5.17735844114e-301
0.0369544387186
0.450753829399
0.0381046614536
0.209550510731
0.447823351901
0.242638805138
0.0
0.243223892575
-0.00439032281225
0.674345348208
0.0370749627608
0.0384549034221
0.20912468227
0.205585291997
0.0
0.0373582924375
0.0384549034221
0.229003557471
0.284293296488
0.0
-0.00544606451605
-0.00478516565683
0.0
0.205409392842
0.180780434664
0.0
0.201850153646
0.0
0.213112749853
0.563074461733
0.13899595909
0.194672924739
0.0
0.143453222972
-0.00411120194856
-0.00481665993972
0.0
-0.00482733546371
0.205291284928
0.378500335707
0.189558832805
-0.00387114951223
0.22582592319
0.185506204845
0.0
0.141487490434
-0.00368733766822
-0.00456668905583
-0.00459278717633
-0.00421610711741
0.0422698408638
0.0510523407175
0.473877411196
0.0
0.0437991726382
0.343821968181
0.0
0.389695841943
0.0
0.93374370424
6.59139644353e-300
0.684744787491
0.470310437728
0.380329351197
0.396328583042
0.376869743057
0.0444382496315
0.0
0.0445486890337
-0.00455595534369
0.536483409548
0.360199660029
0.38476516792
0.953503889758
0.348088830203
0.0
0.367420892536
0.38476516792
0.0418691021803
0.0523417190834
0.0413192181343
-0.00436862695132
0.0
0.0
0.0
0.0
0.294690048265
0.19886729802
0.0
0.39335077352
0.0
0.307068849595
0.217613060405
0.15409053304
0.277301346681
0.0
0.159587599155
0.0
0.0
0.0
0.0
0.294501089245
0.354639971265
0.36649492674
0.0
0.327734837898
0.263196826502
0.0
0.157158566943
0.0
0.0
0.0
0.0
0.218899871953
0.0
0.0329931761173
0.038110469327
0.0342106046819
0.0
0.033917563402
0.415712199584
0.0
0.493387200966
0.0
0.0309173732173
5.17735844114e-301
0.43363302566
0.438292359978
0.320393429899
0.502315839275
0.317934775809
0.0342995457965
0.435336258677
0.0343653026034
0.0
0.390479316582
0.461663109151
0.0312808024793
0.0319361870246
0.297203985078
0.0
0.0305513087639
0.422143042466
0.0327485218285
0.0388244163224
0.0324111479209
-0.00369443827925
0.325091962624
0.0
0.0363163819623
0.0426148583201
0.0377969130053
0.0
0.0374395330737
0.524930027869
0.0
0.526361927592
0.0
0.37135396517
5.17735844114e-301
0.399713486734
0.58933376121
0.0339743195351
0.0351415721347
0.0336892448763
0.0379055085747
0.585025356745
0.037985834581
0.0
0.532846257987
0.519269862086
0.505305839383
0.312622078238
0.0327212443817
0.0
0.0333797235396
0.597946506036
0.0360201816718
0.0435095268204
0.0356124512253
-0.00403468346324
0.0365066077392
0.0
0.43871410756
0.040771304232
0.0488823882454
0.466712344043
0.0
0.0421923007192
0.315967858911
0.0
0.038800081949
0.0
0.477916382469
1.30744341759e-299
0.545410676808
0.464212736952
0.0378425675685
0.373451287476
0.0374892188216
0.0427850286146
0.0
0.042887394126
-0.00447893202775
0.725977651871
0.387503106398
0.363166974563
0.581093746815
0.0362944041337
0.0
0.362573083461
0.363166974563
0.0403983502567
0.0500632197485
0.0398861833797
-0.00429775812954
0.607724657824
0.0
0.0322213304999
0.035383417294
0.0370027724845
0.043563089337
0.367102717968
0.0
0.196593030975
0.921285505294
0.0
0.357535131
0.0
0.328563256392
0.188085555353
0.58375664792
0.320098937205
0.349635166794
1.0
0.608907533703
0.0386539022514
0.0
0.0387374349243
0.196484841414
0.287130628077
0.332550493602
0.526737562761
0.324844694246
0.322200863866
0.0
0.594421890507
0.416536043843
0.0366953172312
0.0444984526193
0.0362722489111
0.189046077982
0.355237990202
0.208915578798
0.302400140612
0.0325099917867
0.344622895521
0.0
0.0
0.0
0.0
0.0
0.0
0.0
0.0
0.0
0.0
0.0
0.0
0.0
0.0
0.0
0.0
0.0
0.0
0.0
0.0
0.0
0.0
0.0
0.0
0.0
0.0
0.0
0.0
0.0
0.0
0.0
0.0
0.0
0.0
0.0
0.0
0.0
0.0
0.0333063285012
0.0385289119128
0.034547411676
0.0
0.186315600469
0.743110574673
0.0
0.329994866339
0.0
0.325817074333
0.17865705082
0.60870494396
0.795161235436
0.323253594497
0.718666284293
0.56472864805
0.0346381150021
0.0
0.0347051776498
0.186218424238
0.402660638199
0.308595841369
0.316647504187
0.2029591395
0.299663517568
0.0
0.620310339679
0.389120137533
0.033057025481
0.0392587729904
0.0327132986082
0.179523465634
0.328037015843
0.197347287957
0.896319760296
0.318315377204
0.0325199361281
0.629484966814
0.0

Topic 5
Mean 0.280434605224
Median 0.274243263428
Sum 187.370430679
0.342400353053
0.0417214224212
0.0536117534739
0.728982917187
0.296224830642
0.0362853717036
0.358434451489
0.309494241408
0.0377863082414
0.766399124264
0.366549004069
0.0443885877222
0.0391857109009
0.13496671615
0.326565265704
0.297064869161
0.384957461427
0.045669676016
0.342539225142
0.569479771494
0.274243263428
0.038800081949
0.0488823882454
0.466712344043
0.0340553583826
0.0353741234437
0.325633498901
0.0421923007192
0.242794232731
-0.00499997396377
-0.00443731729501
0.122848346111
0.228582740486
0.245594562403
0.368278305895
-0.00401506998765
0.281170330206
0.0459427956743
0.440739314409
0.14030966551
0.262285963659
0.317981685622
0.427601524042
0.477916382469
0.404523575015
0.459364202168
0.315301364309
0.215818596478
0.489428518
0.235257165253
0.232417402787
0.276450868541
0.353475307081
-0.00383038641274
0.238486270863
0.270596627537
-0.0057403010801
-0.0050108424554
0.135546683825
0.253061597817
0.274079608929
0.411225412679
-0.00447893202775
0.36808052215
0.810616254252
-0.00425032520061
0.465326769877
0.320401815235
0.427247540961
0.495108541477
0.240256456495
0.307790598023
0.785441597928
0.464212736952
0.461077216915
0.790347137944
0.520183569572
0.468406525215
0.389173094531
0.049343625555
0.778383218209
0.342379810546
0.355689163615
0.372187783121
0.274943944436
0.507990559311
0.246156347229
0.481371830356
0.0361189501676
0.274779452858
0.809370208441
0.636314134998
0.32481995741
0.0467966088448
0.496571800568
0.351703858711
0.320994343223
0.283741153355
0.363401144968
-0.003913678464
0.352905978966
0.741995635308
-0.00435312666261
0.341187215422
0.526122997593
0.257154350549
-0.00537964522551
-0.00473381265234
0.129835795421
0.808596925198
0.260297872837
0.261644284872
-0.00425628843503
0.235441660844
0.271356744678
-0.00404931927542
0.261495317752
0.247845465303
0.260929023768
-0.0041425206966
0.200755489235
5.17735844114e-301
5.68246674119e-300
0.129939036572
0.188303018644
0.203220161641
0.204275891863
1.30744341759e-299
0.183738706515
0.211892888983
5.17735844114e-301
0.20415908348
0.193654526378
0.203715045227
5.17735844114e-301
0.559629780182
0.259479757576
0.0495666058249
0.458470604286
0.163486774245
0.239047406882
0.263612075871
0.265391260279
0.495843182596
0.231739361396
0.786064591861
0.0362382799625
0.265194136634
0.457165672422
0.6210450684
0.0436846862287
0.717252758951
0.718036446567
0.0372492647615
0.046446189242
0.397366250368
0.0328547699803
0.0340805171464
0.0352147744629
0.0403648454334
0.37115952609
0.0
0.352598022863
0.0345416617971
0.0
0.342868397109
0.373875219324
0.0412426659799
0.0
5.05889625445e-300
0.375184008394
0.348816641178
0.0487459122676
0.452711591424
0.310750285392
0.321674919537
0.334360153222
0.246863398983
0.0395094922032
0.223404929392
0.25549140337
0.201433821315
0.246730783175
0.234542889121
0.47777479987
0.472562606883
0.235505902871
0.18378903656
0.231819428975
0.0379026214232
0.0
0.0
0.0
0.0
0.0
0.0
0.0
0.0
0.0
0.0
0.0
0.0
0.0
0.0
0.0
0.0
0.0
0.0
0.0
0.0
0.389695841943
0.0510523407175
0.473877411196
0.342784342129
0.356125777312
0.344166513505
0.0437991726382
0.607724657824
-0.00407685550975
0.93374370424
0.257722510581
-0.00455595534369
0.470310437728
0.515301640483
0.383145030482
-0.00432578515021
6.59139644353e-300
0.502806393952
0.376241274358
0.346629823325
0.0
0.354436282049
0.0465329709371
0.423062906078
0.315202482256
0.326448063039
0.595000600218
0.351918206357
0.45995124793
0.319835231747
0.438020317464
0.240763528539
0.351737600364
0.426481492368
0.577308301871
0.480034473027
0.519680625127
0.928558534878
0.884640090882
0.339838317891
0.439459259775
0.0
0.465936786602
0.389387628565
-0.00616888701923
-0.00533435338848
0.142515626992
0.345523718103
0.394690594051
0.29166315565
-0.00473564639116
0.259472941533
0.303783737026
-0.00448082836927
0.291478057239
0.274619503801
0.395757076003
-0.00459523247855
0.275940664067
0.215488679821
0.284632979327
0.0
0.353260296463
0.0
-0.00482183702512
0.247381688117
0.36923432493
0.0441864932965
0.370010239546
0.326851912949
0.338960061065
0.253453303111
0.380122129135
0.347183988936
0.342962113352
0.393846219384
0.0332760924928
0.700162651078
0.360577482139
0.366321782089
0.362096065798
0.242654528619
0.189390255212
0.350702866005
0.33443334893
0.714252641586
0.0
0.366784906326
0.651055024029
0.268260852179
0.0308547381848
0.0369084626393
0.0332388788494
0.0277772019242
0.0286483343159
0.476142742672
0.447902756665
0.448993516353
0.333126915472
0.421400595199
0.201671942916
0.39240525103
0.446345040787
0.302583659807
0.29580825192
-0.00341412019653
5.17735844114e-301
0.0316380627788
0.0303371218748
0.0313016819788
0.0
0.469884612724
0.490513527013
-0.00371582610159
0.0293565274042
0.310769532726
0.0405524682681
0.203504145259
0.121444105808
0.292793850989
0.314308476641
0.243652078587
0.0339498119523
0.220771674404
0.252053248749
0.220560966281
0.243522889698
0.23164222917
0.315018314599
0.0365285395042
0.232581522775
0.181498056416
0.228186396112
0.0327565235102
0.286238040073
0.0
0.0349825029696
0.211957067424
0.331832338851
0.227101617954
0.0277069435918
0.250792536473
0.050320200397
0.0437370162912
0.126527660619
0.235658473104
0.260309225272
0.509897578139
0.439884877283
0.343364821196
0.394377381171
0.376115564653
0.380405639756
0.501471003024
0.254381451227
0.387373880977
0.242955376314
0.189626009848
0.241183565592
0.0388476337524
0.230159000569
0.0
0.292472627414
0.329100459063
0.26862859255
0.353638061013
0.429366610828
0.22736511505
0.544790801473
0.3496708521
0.0420094639723
0.442627988283
0.340767084992
0.0361273676406
0.302522185267
0.0390490779202
-0.00390571100852
0.0371502324421
0.46655472902
-0.00434327175166
0.47270667436
0.508434109792
0.837529573764
-0.00413359530993
5.17735844114e-301
0.0394844793292
0.0374786952143
0.45824291494
0.0
0.368901706461
0.465265449164
-0.00458425227492
0.350514061917
0.0310119917206
0.0335447264418
0.039961207968
0.0362603801993
0.0449187182163
0.222819978072
0.0320830328677
0.0332508489308
0.034329678845
0.0392061921504
0.036957282238
-0.00388224054772
0.0352519819261
0.235237189434
-0.00431426740199
0.0342108221759
0.0372203218215
0.040033824509
-0.00410731532748
5.17735844114e-301
0.0373470527623
0.0355476020564
0.20751983266
0.0
0.0381843471657
0.035598413111
-0.00455195207138
0.0342086749186
0.0296779423607
0.320549123226
0.0377732860081
0.036477755077
0.182108236003
0.0458794544475
0.758179254752
0.118899943107
0.171802256713
0.525486866256
0.185000312944
0.523114190472
0.167994738896
0.396616350905
0.22413844133
0.18490450354
0.923908614662
0.866928891349
0.330533095897
0.318818301919
0.319065438579
0.406280855091
0.35319551366
0.168036812254
0.0
0.551691596779
0.696493754133
0.194149461669
0.331416540301
0.448542067095
0.166119666072
0.249968163586
0.0371088048865
0.0352146776976
0.37581079411
0.050169290426
0.0436229645437
0.0346750239822
0.0360431817565
0.0373142787008
0.043147612514
0.0404394227894
0.0
0.298314368054
0.0365593717932
0.0
0.466763854353
0.302606736303
0.429960841862
-0.00394412453101
5.17735844114e-301
0.0409065666108
0.0387576302518
0.0403459746292
0.0
0.0419132213768
0.0388180401468
-0.00435237485078
0.0371713639624
0.24129053016
0.0345656077667
0.0414184763202
0.708718625751
0.037688186388
0.442145340004
0.315225586574
0.0401400351493
0.0358371858688
0.0295687640314
0.0305578928746
0.28287815715
0.0355157470967
0.316766489781
0.0
0.42616243879
0.212603621325
0.0
0.394834652876
0.416903802243
0.647411990504
-0.00376762177424
5.17735844114e-301
0.0339832933614
0.0324868958085
0.0335955001374
0.0
0.333074301369
0.292306559681
-0.00413843297745
0.0313649716566
0.349462842433
0.0294891634307
0.235706193823
0.306991667763
0.0317321456834
0.428037875623
0.3336831796
1.0
0.421910823936
0.0494057865942
0.728982917187
0.358434451489
0.0414658495372
0.355128833574
0.0453613826273
0.0
0.0428190044325
0.533950286687
0.0
0.542023323574
0.389173094531
0.561603275745
-0.0043528895156
5.17735844114e-301
0.0459499881309
0.0432559451595
0.348816641178
0.0
0.389695841943
0.354436282049
-0.00485553831839
0.36923432493
0.034865102485
0.0380991144125
0.0465969053293
0.588027817854
0.0419281026898
0.0427639787451
0.0464674727093
0.0377348506184
0.325571805913
-0.00491340825687
-0.00436900508738
0.121191408193
0.292165064782
0.329270767653
0.243087767098
-0.00395905809087
0.22030827036
0.251449399446
-0.0037793761
0.242959175775
0.231132119326
0.330012678715
-0.00386044100143
0.232067272214
0.181095211816
0.227550003402
0.0
0.56619954082
0.0
-0.0040191188763
0.211529892925
0.34758416463
0.226611289116
0.0
0.282315574628
0.226873648964
-0.00385268861832
-0.00382984922017
0.165782132193
0.0
0.0
0.0
0.352117463911
0.0439449598234
0.378503388719
0.313367278766
0.651517731695
0.322532230366
0.60953784799
0.380456006167
0.226800889274
0.788011552303
0.327671419667
0.250879497733
0.328732701181
0.48226192065
0.476951909199
0.671386309666
0.186748234979
0.759757590701
0.341356486715
0.436874380545
0.0
0.359287910992
0.44325268514
0.341012056524
0.333305438255
0.196957522551
0.741278098034
0.404108444871
0.462369075154
0.0340637286119
0.338214069577
0.0370002866952
0.207370886922
0.352117463911
0.28893274761
0.572102057683
0.0473669534183
0.0414886826844
0.0333128411719
0.0345736619163
0.278022533996
0.0410584772514
0.31108000554
0.369447929621
0.418750485073
0.209014906729
0.0
0.295770038317
0.0388857300724
0.885266709809
-0.00370373193319
5.17735844114e-301
0.0390240768651
0.0370636350446
0.0385135717752
0.0
0.32679304612
0.287124828573
-0.00406147656018
0.0356104019841
0.344463119456
0.0332118402505
0.231303244147
0.824957274434
0.036084452485
0.375619587538
0.746639746127
0.37682265096
0.0440534785732
0.0
0.203955234706
0.0487928951149
0.0658808776681
0.653752725197
0.0415185830492
0.0434954748041
0.0453601314899
0.0542810003802
0.0500632197485
-0.00427140652351
0.0469843633739
0.248992044563
-0.0048002894868
0.0451528551054
0.0505471203411
0.0558804230429
-0.00454545985094
5.17735844114e-301
0.0507811360606
0.0475109713243
0.743356199397
0.0
0.0523417190834
0.0476017814708
-0.00509638084639
0.045149114699
0.0375776885637
0.232743447355
0.0515724085118
0.0491873148131
0.258357911737
0.046918119648
0.0514139061893
0.0409328401217
0.0596415692172
-0.00420807072897
0.0448969728019
0.0484748746493
0.509164009248
0.0668859370765
0.458470604286
0.431930745646
0.453330419057
0.275526349899
0.277470586601
0.894893827063
0.240896711578
0.470450461301
0.044700566458
0.277255117643
0.457165672422
0.695021020456
0.684045606926
0.717252758951
0.718036446567
1.0
0.365293529123
0.604510532049
0.0
0.504517959907
0.884640090882
0.298573386452
0.470744766923
0.0379025483953
0.237059726941
0.251118513349
0.65444264204
0.0463997785371
0.413912399081
0.0520239790535
0.041318598173
0.509164009248
0.236372952443
0.611711855505
0.718305980083
0.0691165998459
0.351007190264
0.301247710921
0.403247032309
0.283913245851
0.313576542001
0.355310513272
0.621626251078
0.439699418503
0.236062822954
0.419615060271
0.230461637122
0.262261783895
0.409013831485
0.552548355861
0.235505982254
0.249615493962
0.194845709753
0.559095124517
0.325409816565
0.321379793508
0.0
0.445166337604
0.523397978316
0.376729213257
0.306832618065
0.0280969058899
0.302258464425
0.243616873386
0.248300360492
0.0325102979445
0.362311481923
0.0351746529637
0.0299313073356
0.282668158634
0.316675112704
0.676381542399
0.0337737252133
0.0422369327686
0.559095124517

