Topic 3
Mean 0.495576212775
Median 0.486235714528
Sum 2.97345727665
0.0
0.0
0.478473662263
0.0
0.395203005315
0.986465962253
0.0
0.572071902454
0.493997766793
0.0472449775718

Topic 6
Mean 0.447610834069
Median 0.40484859338
Sum 1.34283250221
0.0
0.0
0.0
0.0
0.0
0.402809270733
0.0
0.0
0.40484859338
0.535174638095

Topic 1
Mean 0.417821586494
Median 0.379485506223
Sum 1.25346475948
0.0
0.379485506223
0.0
0.824205441104
0.0
0.0497738121552
0.0
0.0
0.0
0.0

Topic 5
Mean 0.297134077388
Median 0.302859536025
Sum 2.97134077388
0.342400353053
0.0417214224212
0.0536117534739
0.728982917187
0.296224830642
0.0362853717036
0.358434451489
0.309494241408
0.0377863082414
0.766399124264

Topic 9
Mean 0.251842899157
Median 0.251842899157
Sum 0.251842899157
0.0
0.0
0.251842899157
0.0
0.0
0.0
0.0
0.0
0.0
0.0

Topic 4
Mean 0.235083303178
Median 0.185851796723
Sum 1.87603644333
0.138268673929
0.579545834654
0.143031526576
6.59139644353e-300
0.362740670358
-0.00462998209946
0.217613060405
0.15409053304
0.285376126464
0.0

Topic 7
Mean 0.208884299713
Median 0.161848499017
Sum 1.25330579828
0.0
0.0555703566865
0.0
0.268126641347
0.0
0.0536117534739
0.269818395236
0.0
0.0539926422264
0.552186009308

Topic 2
Mean 0.137681186605
Median 0.052146426143
Sum 0.826087119633
0.0506810988121
0.24764148817
0.0536117534739
0.0
0.0
0.0
0.0435256417336
0.384957461427
0.045669676016
0.0

Topic 0
Mean 0.286284034887
Median 0.0476537251282
Sum 0.85885210466
0.0
0.0
0.0
0.0
0.0
0.0424205906343
0.0
0.0
0.768777788897
0.0476537251282

Topic 8
Mean 0.271164686302
Median 0.046231270558
Sum 2.71164686302
0.579499943085
0.320401815235
0.777754317255
0.0351316884486
0.0401244101715
0.0465197454417
0.790347137944
0.0396944563889
0.0459427956743
0.0362305533711

