Topic 1
Mean 1.76789577771
Median 1.76875135059
Sum 63.6442479975
0.0
0.0
1.64865862559
0.0
2.94443897917
1.44036158239
0.0
1.8458266905
2.25129179861
1.8458266905
0.0
1.33500106673
1.33500106673
1.33500106673
1.69167601067
0.0
2.53897387106
1.64865862559
1.8718021769
2.02814824729
1.44036158239
0.0
1.07263680226
1.15267950994
1.07263680226
1.33500106673
0.998528830111
1.15267950994
0.0
2.53897387106
1.8458266905
2.25129179861
1.8458266905
1.33500106673
1.8458266905
1.15267950994
0.0
2.94443897917
1.8458266905
2.02814824729
2.25129179861
1.33500106673
2.15948424935
1.33500106673
2.94443897917

Topic 0
Mean 1.64390523432
Median 1.64865862559
Sum 59.1805884357
1.8458266905
1.33500106673
0.998528830111
1.8458266905
1.69167601067
1.23969088693
1.8718021769
1.15267950994
1.44036158239
1.64865862559
1.23969088693
0.929535958624
0.998528830111
2.02814824729
1.15267950994
2.15948424935
1.23969088693
2.53897387106
1.55814461805
1.8458266905
1.23969088693
1.8718021769
1.33500106673
1.33500106673
2.25129179861
2.25129179861
2.25129179861
1.69167601067
2.15948424935
1.23969088693
1.33500106673
1.64865862559
2.53897387106
1.23969088693
1.8718021769
2.15948424935
0.0
0.0
0.0
0.0
0.0
0.0
0.0
0.0
0.0

Topic 8
Mean 1.59401575695
Median 1.46633706879
Sum 33.474330896
0.0
1.33500106673
0.0
1.46633706879
0.0
1.69167601067
3.25809653802
0.0
1.44036158239
1.55814461805
1.8718021769
0.0
1.33500106673
2.94443897917
2.25129179861
1.46633706879
0.0
0.929535958624
1.23969088693
1.46633706879
1.46633706879
0.0
0.0
0.0
0.0
0.0
0.0
0.0
0.0
0.0
0.0
0.0
0.0
0.0
0.0
0.0
1.15267950994
0.0
1.07263680226
1.69167601067
1.07263680226
1.69167601067
1.07263680226
0.0
0.0

Topic 2
Mean 1.63114774152
Median 1.46633706879
Sum 34.2541025719
0.0
1.23969088693
0.0
3.63758615973
0.0
1.55814461805
1.23969088693
0.0
2.02814824729
1.46633706879
0.929535958624
0.0
1.44036158239
0.929535958624
1.69167601067
1.55814461805
0.0
1.44036158239
1.55814461805
1.33500106673
1.07263680226
1.15267950994
0.0
1.8458266905
1.46633706879
1.69167601067
3.63758615973
1.33500106673
0.0
0.0
0.0
0.0
0.0
0.0
0.0
0.0
0.0
0.0
0.0
0.0
0.0
0.0
0.0
0.0
0.0

Topic 5
Mean 1.62151843746
Median 1.40066906776
Sum 16.2151843746
0.0
1.15267950994
0.0
1.33500106673
0.0
1.8458266905
0.0
0.0
0.0
0.0
0.998528830111
0.0
1.31218638897
1.69167601067
0.0
0.0
0.0
0.0
0.0
0.0
0.0
0.929535958624
0.0
3.63758615973
1.8458266905
0.0
1.46633706879
0.0
0.0
0.0
0.0
0.0
0.0
0.0
0.0
0.0
0.0
0.0
0.0
0.0
0.0
0.0
0.0
0.0
0.0

Topic 4
Mean 1.62151843746
Median 1.40066906776
Sum 16.2151843746
1.33500106673
1.8458266905
1.15267950994
1.8458266905
0.929535958624
3.63758615973
0.0
0.0
0.0
0.0
1.69167601067
0.998528830111
1.31218638897
1.46633706879
0.0
0.0
0.0
0.0
0.0
0.0
0.0
0.0
0.0
0.0
0.0
0.0
0.0
0.0
0.0
0.0
0.0
0.0
0.0
0.0
0.0
0.0
0.0
0.0
0.0
0.0
0.0
0.0
0.0
0.0
0.0

Topic 9
Mean 1.24172006155
Median 1.23969088693
Sum 26.0761212925
0.0
0.0
1.15267950994
0.0
0.0
0.0
0.0
1.33500106673
1.07263680226
0.0
0.0
0.864997437487
0.80437281567
0.0
0.80437281567
0.0
1.69167601067
1.31218638897
0.0
1.33500106673
1.23969088693
0.0
0.0
0.0
0.0
0.0
0.0
0.0
0.0
1.33500106673
1.23969088693
0.0
1.23969088693
0.929535958624
1.8718021769
0.0
0.0
1.55814461805
1.23969088693
0.0
1.23969088693
0.929535958624
1.44036158239
0.0
1.44036158239

Topic 6
Mean 1.35730526215
Median 1.23969088693
Sum 61.0787367967
1.23969088693
1.07263680226
1.44036158239
0.998528830111
1.15267950994
0.998528830111
1.23969088693
1.44036158239
1.23969088693
1.33500106673
1.33500106673
1.44036158239
1.23969088693
1.55814461805
2.15948424935
1.33500106673
1.33500106673
1.15267950994
1.23969088693
2.15948424935
2.53897387106
1.07263680226
1.44036158239
1.23969088693
0.998528830111
1.23969088693
1.23969088693
1.15267950994
1.07263680226
1.44036158239
1.23969088693
0.998528830111
1.23969088693
1.23969088693
1.15267950994
2.53897387106
1.07263680226
1.15267950994
0.998528830111
0.998528830111
1.8718021769
2.15948424935
1.8718021769
0.998528830111
0.998528830111

Topic 3
Mean 1.26285141535
Median 1.2038189345
Sum 12.6285141535
0.0
1.33500106673
0.0
1.33500106673
0.0
1.07263680226
1.64865862559
0.0
0.998528830111
0.80437281567
0.0
0.0
0.0
0.0
0.0
0.0
0.0
0.0
0.0
0.0
0.0
0.0
0.0
0.0
0.0
0.0
0.0
0.0
0.0
0.0
0.0
0.0
0.0
0.0
0.0
0.0
1.33500106673
0.0
2.02814824729
1.07263680226
0.998528830111
0.0
0.0
0.0
0.0

Topic 7
Mean 1.22226280814
Median 1.19618519844
Sum 12.2226280814
0.0
1.15267950994
0.0
0.0
0.0
0.0
0.0
0.0
0.0
0.0
1.07263680226
0.0
1.55814461805
0.0
0.0
0.80437281567
0.0
0.998528830111
0.0
0.0
0.929535958624
1.23969088693
0.0
1.44036158239
0.0
0.0
1.33500106673
1.69167601067
0.0
0.0
0.0
0.0
0.0
0.0
0.0
0.0
0.0
0.0
0.0
0.0
0.0
0.0
0.0
0.0
0.0

