Topic 1
Mean 1.63238686583
Median 1.64865862559
Sum 249.755190472
0.0
0.0
1.64865862559
0.0
2.94443897917
1.44036158239
0.0
1.8458266905
2.25129179861
1.8458266905
0.0
1.33500106673
1.33500106673
1.33500106673
1.69167601067
0.0
2.53897387106
1.64865862559
1.8718021769
2.02814824729
1.44036158239
0.0
1.07263680226
1.15267950994
1.07263680226
1.33500106673
0.998528830111
1.15267950994
0.0
2.53897387106
1.8458266905
2.25129179861
1.8458266905
1.33500106673
1.8458266905
1.15267950994
0.0
2.94443897917
1.8458266905
2.02814824729
2.25129179861
1.33500106673
2.15948424935
1.33500106673
2.94443897917
0.0
1.55814461805
1.33500106673
1.33500106673
1.69167601067
1.23969088693
1.69167601067
0.998528830111
1.33500106673
1.33500106673
0.0
1.15267950994
1.69167601067
1.15267950994
1.44036158239
1.07263680226
1.23969088693
1.15267950994
1.15267950994
1.33500106673
1.07263680226
0.0
2.15948424935
1.31218638897
1.64865862559
1.55814461805
1.15267950994
1.8718021769
0.929535958624
2.02814824729
1.64865862559
1.15267950994
0.998528830111
0.0
0.0
0.0
0.0
0.0
0.0
0.0
0.0
0.0
0.0
0.0
0.0
0.0
0.0
1.64865862559
1.64865862559
1.64865862559
1.64865862559
0.998528830111
1.8718021769
0.80437281567
1.07263680226
1.64865862559
1.33500106673
0.864997437487
2.15948424935
0.0
0.0
1.46633706879
2.02814824729
1.64865862559
1.8458266905
1.15267950994
1.64865862559
0.929535958624
1.44036158239
1.64865862559
1.15267950994
0.998528830111
1.46633706879
0.0
1.46633706879
0.0
1.8458266905
2.94443897917
1.69167601067
2.94443897917
2.53897387106
1.69167601067
1.69167601067
2.02814824729
2.25129179861
1.44036158239
1.69167601067
1.55814461805
0.0
1.15267950994
2.02814824729
0.0
1.8718021769
2.02814824729
1.8718021769
2.02814824729
1.23969088693
2.15948424935
2.25129179861
1.55814461805
1.8718021769
1.44036158239
1.55814461805
1.8718021769
0.0
1.8718021769
1.69167601067
2.02814824729
0.0
1.8458266905
1.44036158239
1.8718021769
1.8458266905
1.33500106673
2.02814824729
1.44036158239
1.44036158239
1.64865862559
1.8458266905
1.23969088693
1.64865862559
0.0
2.56494935746
1.8718021769
1.69167601067
1.8718021769
0.0
1.46633706879
1.55814461805
1.46633706879
1.55814461805
2.25129179861
1.64865862559
0.929535958624
1.8458266905
1.46633706879
1.15267950994
0.998528830111
1.46633706879
0.0
1.46633706879
1.31218638897
2.25129179861
1.64865862559
1.46633706879

Topic 0
Mean 1.61685356394
Median 1.55814461805
Sum 206.957256185
1.8458266905
1.33500106673
0.998528830111
1.8458266905
1.69167601067
1.23969088693
1.8718021769
1.15267950994
1.44036158239
1.64865862559
1.23969088693
0.929535958624
0.998528830111
2.02814824729
1.15267950994
2.15948424935
1.23969088693
2.53897387106
1.55814461805
1.8458266905
1.23969088693
1.8718021769
1.33500106673
1.33500106673
2.25129179861
2.25129179861
2.25129179861
1.69167601067
2.15948424935
1.23969088693
1.33500106673
1.64865862559
2.53897387106
1.23969088693
1.8718021769
2.15948424935
0.0
0.0
0.0
0.0
0.0
0.0
0.0
0.0
0.0
1.69167601067
1.55814461805
1.23969088693
1.69167601067
1.55814461805
1.33500106673
1.55814461805
2.02814824729
1.69167601067
0.0
1.69167601067
1.07263680226
1.15267950994
1.44036158239
1.33500106673
1.07263680226
1.55814461805
1.33500106673
1.44036158239
0.0
1.33500106673
2.15948424935
0.0
0.0
1.46633706879
1.8718021769
0.0
2.15948424935
1.8718021769
2.15948424935
0.0
0.0
0.0
1.69167601067
1.15267950994
1.23969088693
1.8458266905
1.44036158239
1.15267950994
1.69167601067
1.44036158239
2.02814824729
0.0
1.44036158239
1.55814461805
0.0
1.55814461805
1.15267950994
1.23969088693
1.44036158239
1.44036158239
1.15267950994
1.55814461805
1.44036158239
1.55814461805
0.0
1.44036158239
1.33500106673
0.0
1.44036158239
2.02814824729
1.8458266905
1.07263680226
1.8458266905
1.23969088693
0.998528830111
1.33500106673
1.44036158239
1.33500106673
0.0
1.69167601067
1.15267950994
0.0
1.23969088693
1.23969088693
1.8718021769
1.33500106673
1.33500106673
1.8458266905
2.94443897917
1.44036158239
1.69167601067
2.25129179861
2.15948424935
0.0
1.8458266905
1.33500106673
1.8718021769
1.55814461805
1.44036158239
1.44036158239
2.02814824729
1.44036158239
1.55814461805
2.25129179861
1.8458266905
1.69167601067
2.02814824729
2.25129179861
2.02814824729
0.0
2.25129179861
1.69167601067
1.46633706879
1.8458266905
1.8458266905
1.55814461805
2.25129179861
0.0
0.0
0.0
0.0
0.0
0.0
0.0
0.0
0.0
0.0
0.0
0.0
0.0
0.0
0.0
0.0
0.0
0.0
0.0
0.0
0.0
0.0
0.0
0.0
0.0
0.0
0.0
0.0
0.0
0.0
0.0
0.0
0.0
0.0
0.0
0.0
0.0

Topic 4
Mean 1.54079775389
Median 1.44036158239
Sum 69.3358989251
1.33500106673
1.8458266905
1.15267950994
1.8458266905
0.929535958624
3.63758615973
0.0
0.0
0.0
0.0
1.69167601067
0.998528830111
1.31218638897
1.46633706879
0.0
0.0
0.0
0.0
0.0
0.0
0.0
0.0
0.0
0.0
0.0
0.0
0.0
0.0
0.0
0.0
0.0
0.0
0.0
0.0
0.0
0.0
0.0
0.0
0.0
0.0
0.0
0.0
0.0
0.0
0.0
0.0
0.0
0.0
0.0
0.0
0.0
0.0
0.0
0.0
0.0
0.0
0.0
0.0
0.0
0.0
0.0
0.0
0.0
0.0
0.0
0.0
1.44036158239
0.998528830111
1.15267950994
1.33500106673
0.0
1.44036158239
0.0
0.0
0.0
0.0
0.0
0.0
0.0
0.0
0.0
0.0
0.0
0.0
0.0
0.0
0.0
0.0
0.0
0.0
0.0
1.44036158239
1.15267950994
1.15267950994
1.55814461805
0.0
1.44036158239
0.0
0.0
0.0
0.0
0.0
0.0
1.44036158239
0.0
1.69167601067
0.998528830111
1.64865862559
1.8718021769
0.0
1.64865862559
0.0
0.0
0.0
0.0
0.0
0.0
1.44036158239
0.0
2.02814824729
1.15267950994
0.80437281567
0.929535958624
1.07263680226
0.0
1.15267950994
0.0
0.0
0.0
0.0
0.0
0.0
1.55814461805
0.0
1.15267950994
1.15267950994
0.0
0.0
0.0
0.0
0.0
0.0
0.0
0.0
0.0
0.0
0.0
0.0
0.0
0.0
0.0
0.0
0.0
0.0
0.0
0.0
0.0
0.0
0.0
0.0
0.0
0.0
0.0
0.0
0.0
0.0
0.0
0.0
0.0
0.0
0.0
2.53897387106
1.07263680226
2.56494935746
3.63758615973
0.0
1.64865862559
0.0
0.0
0.0
0.0
0.0
0.0
1.8458266905
0.0
1.55814461805
2.15948424935
1.23969088693
0.0
0.0

Topic 8
Mean 1.5289683491
Median 1.44036158239
Sum 160.541676656
0.0
1.33500106673
0.0
1.46633706879
0.0
1.69167601067
3.25809653802
0.0
1.44036158239
1.55814461805
1.8718021769
0.0
1.33500106673
2.94443897917
2.25129179861
1.46633706879
0.0
0.929535958624
1.23969088693
1.46633706879
1.46633706879
0.0
0.0
0.0
0.0
0.0
0.0
0.0
0.0
0.0
0.0
0.0
0.0
0.0
0.0
0.0
1.15267950994
0.0
1.07263680226
1.69167601067
1.07263680226
1.69167601067
1.07263680226
0.0
0.0
1.23969088693
0.0
1.15267950994
1.8458266905
1.15267950994
1.44036158239
1.15267950994
0.0
0.0
1.55814461805
1.23969088693
0.0
1.15267950994
2.25129179861
1.15267950994
1.44036158239
1.15267950994
0.0
0.0
1.55814461805
1.69167601067
1.23969088693
0.0
1.55814461805
1.55814461805
3.63758615973
1.23969088693
0.864997437487
0.0
0.0
0.998528830111
1.07263680226
1.07263680226
0.0
0.0
0.0
0.0
0.0
0.0
0.0
0.0
0.0
0.0
0.0
0.0
0.0
1.64865862559
0.0
1.15267950994
1.55814461805
1.64865862559
1.8718021769
1.69167601067
0.0
0.0
1.33500106673
1.44036158239
1.44036158239
1.07263680226
0.0
1.64865862559
0.0
1.23969088693
1.69167601067
1.64865862559
1.64865862559
1.46633706879
0.0
0.0
2.25129179861
1.55814461805
1.55814461805
1.15267950994
0.0
1.64865862559
2.15948424935
0.0
0.998528830111
2.53897387106
2.15948424935
2.25129179861
1.17865499634
0.0
0.0
2.94443897917
1.44036158239
1.44036158239
0.929535958624
0.0
1.44036158239
1.8458266905
1.46633706879
0.0
1.33500106673
1.8458266905
1.69167601067
1.8458266905
1.31218638897
0.0
0.0
1.44036158239
1.55814461805
1.55814461805
1.23969088693
0.0
1.8458266905
1.69167601067
1.69167601067
0.0
0.0
0.0
0.0
0.0
0.0
0.0
0.0
0.0
0.0
0.0
0.0
0.0
0.0
0.0
0.0
0.0
0.0
1.33500106673
0.0
1.69167601067
2.02814824729
1.44036158239
1.33500106673
0.929535958624
0.0
0.0
1.07263680226
1.15267950994
1.15267950994
1.55814461805
0.0
1.15267950994
1.23969088693
0.998528830111
1.33500106673
0.0

Topic 2
Mean 1.49869001856
Median 1.44036158239
Sum 98.9135412251
0.0
1.23969088693
0.0
3.63758615973
0.0
1.55814461805
1.23969088693
0.0
2.02814824729
1.46633706879
0.929535958624
0.0
1.44036158239
0.929535958624
1.69167601067
1.55814461805
0.0
1.44036158239
1.55814461805
1.33500106673
1.07263680226
1.15267950994
0.0
1.8458266905
1.46633706879
1.69167601067
3.63758615973
1.33500106673
0.0
0.0
0.0
0.0
0.0
0.0
0.0
0.0
0.0
0.0
0.0
0.0
0.0
0.0
0.0
0.0
0.0
1.44036158239
0.0
1.33500106673
1.44036158239
1.23969088693
0.998528830111
1.8458266905
1.23969088693
0.0
0.0
0.0
0.0
0.0
0.0
0.0
0.0
0.0
0.0
0.0
0.0
0.0
1.33500106673
0.0
1.69167601067
2.15948424935
1.64865862559
1.07263680226
1.44036158239
1.8718021769
0.0
0.0
1.33500106673
0.0
2.25129179861
0.0
1.33500106673
2.25129179861
1.33500106673
0.998528830111
1.69167601067
1.23969088693
0.0
0.0
1.55814461805
0.0
1.44036158239
0.0
0.0
0.0
0.0
0.0
0.0
0.0
0.0
0.0
0.0
0.0
0.0
0.0
0.0
0.0
0.0
0.0
0.0
0.0
0.0
0.0
0.0
0.0
0.0
0.0
0.0
0.0
0.0
0.0
0.0
0.0
0.0
0.0
0.0
0.0
0.0
0.0
0.0
0.0
0.0
0.0
0.0
0.0
0.0
0.0
0.0
0.0
0.0
0.0
0.0
0.0
0.0
0.0
0.0
0.0
0.0
0.0
0.0
0.0
0.0
0.0
0.0
1.07263680226
0.0
1.69167601067
1.8718021769
1.64865862559
0.80437281567
1.15267950994
1.64865862559
0.0
0.0
1.07263680226
0.0
2.15948424935
1.15267950994
0.0
0.0
0.0
0.0
1.07263680226
0.0
1.69167601067
1.33500106673
1.69167601067
0.80437281567
1.15267950994
1.44036158239
0.0
0.0
1.07263680226
0.0
1.33500106673
1.15267950994
0.0
0.0
0.0
0.0
1.44036158239

Topic 5
Mean 1.48269840079
Median 1.33500106673
Sum 81.5484120434
0.0
1.15267950994
0.0
1.33500106673
0.0
1.8458266905
0.0
0.0
0.0
0.0
0.998528830111
0.0
1.31218638897
1.69167601067
0.0
0.0
0.0
0.0
0.0
0.0
0.0
0.929535958624
0.0
3.63758615973
1.8458266905
0.0
1.46633706879
0.0
0.0
0.0
0.0
0.0
0.0
0.0
0.0
0.0
0.0
0.0
0.0
0.0
0.0
0.0
0.0
0.0
0.0
0.0
0.0
0.0
0.0
0.0
0.0
0.0
0.0
0.0
0.0
0.929535958624
0.0
1.23969088693
1.23969088693
0.0
1.07263680226
0.0
0.998528830111
0.0
0.0
0.0
1.33500106673
0.0
1.69167601067
1.69167601067
0.0
1.64865862559
0.0
1.8718021769
0.0
0.0
0.0
1.15267950994
0.998528830111
0.0
2.94443897917
1.69167601067
0.0
1.44036158239
0.0
2.94443897917
0.0
0.0
0.0
1.07263680226
2.53897387106
0.864997437487
0.0
0.998528830111
1.23969088693
0.0
1.23969088693
0.0
1.15267950994
0.0
0.0
0.0
0.929535958624
1.44036158239
1.44036158239
0.74721440183
0.0
2.56494935746
1.69167601067
0.0
1.46633706879
0.0
2.15948424935
0.0
0.0
0.0
0.80437281567
1.8718021769
2.02814824729
0.929535958624
0.0
0.0
0.0
0.0
0.0
0.0
0.0
0.0
0.0
0.0
0.0
0.0
0.0
0.0
0.0
0.0
0.0
0.0
0.0
0.0
0.0
0.0
0.0
0.0
0.0
0.0
0.0
0.0
0.0
0.0
0.0
0.0
0.0
1.15267950994
0.0
1.15267950994
1.44036158239
0.0
1.44036158239
0.0
1.55814461805
0.0
0.0
0.0
1.07263680226
1.69167601067
1.44036158239
1.23969088693
1.07263680226
0.0
0.0
0.0
0.0
0.0
0.0
0.0
0.0
0.0
0.0
0.0
0.0
0.0
0.0
0.0
0.0
0.0
0.0
0.0
0.0
0.0

Topic 6
Mean 1.46321078669
Median 1.33500106673
Sum 278.01004947
1.23969088693
1.07263680226
1.44036158239
0.998528830111
1.15267950994
0.998528830111
1.23969088693
1.44036158239
1.23969088693
1.33500106673
1.33500106673
1.44036158239
1.23969088693
1.55814461805
2.15948424935
1.33500106673
1.33500106673
1.15267950994
1.23969088693
2.15948424935
2.53897387106
1.07263680226
1.44036158239
1.23969088693
0.998528830111
1.23969088693
1.23969088693
1.15267950994
1.07263680226
1.44036158239
1.23969088693
0.998528830111
1.23969088693
1.23969088693
1.15267950994
2.53897387106
1.07263680226
1.15267950994
0.998528830111
0.998528830111
1.8718021769
2.15948424935
1.8718021769
0.998528830111
0.998528830111
0.998528830111
1.15267950994
0.998528830111
1.15267950994
2.56494935746
1.8458266905
1.8718021769
0.998528830111
0.998528830111
1.64865862559
2.53897387106
1.55814461805
1.33500106673
1.23969088693
1.8718021769
1.69167601067
1.8718021769
1.33500106673
1.33500106673
1.64865862559
1.64865862559
1.23969088693
1.44036158239
1.23969088693
1.15267950994
1.8718021769
1.64865862559
1.8718021769
1.23969088693
1.23969088693
1.64865862559
1.64865862559
2.25129179861
1.23969088693
1.69167601067
1.44036158239
1.55814461805
1.69167601067
1.69167601067
1.33500106673
2.02814824729
2.02814824729
1.15267950994
1.15267950994
1.55814461805
1.44036158239
1.07263680226
1.23969088693
1.07263680226
2.02814824729
1.46633706879
1.69167601067
1.69167601067
1.07263680226
1.07263680226
1.8458266905
1.69167601067
1.33500106673
1.31218638897
1.23969088693
1.23969088693
1.44036158239
1.23969088693
1.44036158239
2.56494935746
1.8718021769
1.8718021769
1.23969088693
1.23969088693
1.64865862559
2.15948424935
1.64865862559
1.64865862559
1.69167601067
1.64865862559
1.33500106673
1.55814461805
1.33500106673
1.23969088693
2.56494935746
1.8458266905
1.8718021769
1.33500106673
1.33500106673
1.64865862559
2.53897387106
1.69167601067
2.02814824729
1.55814461805
1.69167601067
2.15948424935
1.23969088693
1.55814461805
1.8458266905
1.15267950994
1.44036158239
1.44036158239
1.33500106673
1.33500106673
1.33500106673
1.15267950994
1.15267950994
1.55814461805
1.55814461805
1.55814461805
1.23969088693
1.44036158239
1.8458266905
1.07263680226
1.23969088693
1.07263680226
1.07263680226
1.23969088693
1.44036158239
1.44036158239
1.07263680226
1.07263680226
1.33500106673
1.44036158239
1.33500106673
1.44036158239
1.23969088693
1.44036158239
1.23969088693
1.8458266905
1.23969088693
1.07263680226
1.44036158239
1.23969088693
0.998528830111
1.46633706879
1.33500106673
1.46633706879
1.23969088693
1.23969088693
2.25129179861
1.31218638897
1.33500106673
1.31218638897
1.44036158239
1.33500106673
1.64865862559
1.33500106673
1.69167601067
1.33500106673

Topic 3
Mean 1.30657945899
Median 1.31218638897
Sum 92.7671415886
0.0
1.33500106673
0.0
1.33500106673
0.0
1.07263680226
1.64865862559
0.0
0.998528830111
0.80437281567
0.0
0.0
0.0
0.0
0.0
0.0
0.0
0.0
0.0
0.0
0.0
0.0
0.0
0.0
0.0
0.0
0.0
0.0
0.0
0.0
0.0
0.0
0.0
0.0
0.0
0.0
1.33500106673
0.0
2.02814824729
1.07263680226
0.998528830111
0.0
0.0
0.0
0.0
1.69167601067
0.0
1.33500106673
1.07263680226
1.23969088693
0.0
0.0
0.0
0.0
1.33500106673
1.33500106673
0.0
1.07263680226
0.80437281567
1.07263680226
0.0
0.0
0.0
0.0
1.07263680226
1.23969088693
1.64865862559
0.0
0.929535958624
0.74721440183
1.64865862559
0.0
0.0
0.0
0.0
1.31218638897
1.15267950994
0.864997437487
1.46633706879
0.0
0.0
0.0
1.46633706879
0.0
0.0
0.0
0.0
1.64865862559
0.0
0.0
1.8718021769
0.0
0.0
0.0
0.0
0.0
0.0
0.0
0.0
0.0
0.0
0.0
0.0
0.0
0.0
1.8718021769
0.0
1.69167601067
1.33500106673
2.02814824729
0.0
0.0
0.0
0.0
1.33500106673
1.69167601067
1.44036158239
1.8718021769
1.64865862559
0.0
0.0
0.0
0.0
0.0
0.0
0.0
0.0
0.0
0.0
0.0
0.0
0.0
0.0
0.0
0.0
0.0
1.23969088693
0.0
1.23969088693
0.864997437487
0.998528830111
0.0
0.0
0.0
0.0
1.07263680226
1.69167601067
0.998528830111
0.929535958624
0.0
0.0
1.44036158239
0.0
1.69167601067
0.0
2.02814824729
1.07263680226
1.33500106673
0.0
0.0
0.0
0.0
2.02814824729
1.55814461805
1.55814461805
1.07263680226
0.0
0.0
1.8458266905
0.0
1.23969088693
1.33500106673
0.0
1.07263680226
1.69167601067
0.74721440183
0.0
0.0
0.0
0.0
1.07263680226
0.998528830111
0.80437281567
0.69314718056
0.0
0.0
0.998528830111
0.0
0.80437281567
1.07263680226

Topic 7
Mean 1.27209112539
Median 1.23969088693
Sum 83.9580142757
0.0
1.15267950994
0.0
0.0
0.0
0.0
0.0
0.0
0.0
0.0
1.07263680226
0.0
1.55814461805
0.0
0.0
0.80437281567
0.0
0.998528830111
0.0
0.0
0.929535958624
1.23969088693
0.0
1.44036158239
0.0
0.0
1.33500106673
1.69167601067
0.0
0.0
0.0
0.0
0.0
0.0
0.0
0.0
0.0
0.0
0.0
0.0
0.0
0.0
0.0
0.0
0.0
0.998528830111
0.0
1.15267950994
0.0
0.0
1.07263680226
0.998528830111
1.33500106673
0.0
0.0
0.0
0.0
0.0
0.0
0.0
0.0
0.0
0.0
0.0
0.0
0.0
0.929535958624
0.0
1.33500106673
0.0
0.0
2.02814824729
0.80437281567
1.15267950994
0.0
0.0
0.929535958624
0.0
1.15267950994
0.0
1.44036158239
0.0
0.0
1.55814461805
0.998528830111
2.02814824729
0.0
0.0
1.46633706879
0.0
1.33500106673
0.929535958624
0.0
1.33500106673
0.0
0.0
1.44036158239
0.80437281567
1.15267950994
0.0
0.0
0.929535958624
0.0
1.23969088693
1.8458266905
1.23969088693
0.0
1.23969088693
0.0
0.0
1.15267950994
0.998528830111
1.69167601067
0.0
0.0
1.15267950994
0.0
0.998528830111
1.33500106673
0.998528830111
0.0
0.0
0.0
0.0
0.0
0.0
0.0
0.0
0.0
0.0
0.0
0.0
0.0
0.0
0.0
0.0
1.23969088693
0.0
1.55814461805
0.0
0.0
1.55814461805
0.998528830111
1.69167601067
0.0
0.0
1.64865862559
0.0
1.33500106673
1.8718021769
1.33500106673
1.69167601067
0.0
0.0
0.0
0.0
0.0
0.0
0.0
0.0
0.0
0.0
0.0
0.0
0.0
0.0
0.0
0.0
0.0
0.0
0.0
0.998528830111
0.0
1.33500106673
0.0
0.0
1.23969088693
0.998528830111
1.33500106673
0.0
0.0
1.69167601067
0.0
1.07263680226
1.15267950994
1.07263680226
1.15267950994
0.0
1.55814461805
0.0

Topic 9
Mean 1.26801086592
Median 1.23969088693
Sum 172.449477765
0.0
0.0
1.15267950994
0.0
0.0
0.0
0.0
1.33500106673
1.07263680226
0.0
0.0
0.864997437487
0.80437281567
0.0
0.80437281567
0.0
1.69167601067
1.31218638897
0.0
1.33500106673
1.23969088693
0.0
0.0
0.0
0.0
0.0
0.0
0.0
0.0
1.33500106673
1.23969088693
0.0
1.23969088693
0.929535958624
1.8718021769
0.0
0.0
1.55814461805
1.23969088693
0.0
1.23969088693
0.929535958624
1.44036158239
0.0
1.44036158239
0.0
1.23969088693
1.33500106673
0.0
1.15267950994
0.864997437487
1.64865862559
0.0
1.46633706879
1.33500106673
0.0
0.864997437487
0.80437281567
0.0
0.80437281567
2.02814824729
1.23969088693
0.0
0.929535958624
0.929535958624
0.864997437487
0.0
1.15267950994
1.07263680226
0.0
1.07263680226
0.80437281567
1.23969088693
0.0
1.23969088693
1.23969088693
1.15267950994
0.80437281567
0.0
0.998528830111
0.929535958624
0.0
0.929535958624
0.929535958624
1.23969088693
0.0
1.07263680226
1.07263680226
0.998528830111
0.929535958624
0.929535958624
0.0
0.998528830111
0.929535958624
0.0
0.929535958624
1.07263680226
1.69167601067
0.0
1.69167601067
1.07263680226
0.998528830111
1.07263680226
0.929535958624
1.15267950994
0.0
1.44036158239
1.31218638897
0.0
1.33500106673
1.23969088693
2.53897387106
0.0
1.8718021769
1.33500106673
1.64865862559
1.23969088693
2.02814824729
1.23969088693
1.44036158239
0.0
2.25129179861
1.69167601067
0.0
1.33500106673
0.998528830111
1.64865862559
0.0
1.64865862559
1.55814461805
1.69167601067
0.998528830111
1.33500106673
1.15267950994
1.8458266905
1.8718021769
0.0
1.15267950994
1.17865499634
0.0
1.07263680226
0.998528830111
2.15948424935
0.0
1.64865862559
1.15267950994
1.46633706879
0.998528830111
0.998528830111
1.15267950994
1.44036158239
1.8718021769
1.64865862559
0.0
1.55814461805
1.23969088693
0.0
1.23969088693
0.929535958624
1.44036158239
0.0
1.44036158239
1.69167601067
1.33500106673
0.929535958624
1.44036158239
1.07263680226
1.07263680226
1.44036158239
1.55814461805
1.15267950994
0.0
1.33500106673
1.07263680226
0.0
1.23969088693
0.998528830111
1.33500106673
0.0
1.23969088693
1.23969088693
1.15267950994
0.998528830111
1.07263680226
1.15267950994
1.15267950994
1.33500106673
1.33500106673
1.44036158239
1.23969088693

