Topic 1
Mean 1.99606739446
Median 1.8458266905
Sum 11.9764043668
0.0
0.0
1.64865862559
0.0
2.94443897917
1.44036158239
0.0
1.8458266905
2.25129179861
1.8458266905

Topic 4
Mean 1.79107601267
Median 1.59041387862
Sum 10.746456076
1.33500106673
1.8458266905
1.15267950994
1.8458266905
0.929535958624
3.63758615973
0.0
0.0
0.0
0.0

Topic 0
Mean 1.50700520703
Median 1.54451010399
Sum 15.0700520703
1.8458266905
1.33500106673
0.998528830111
1.8458266905
1.69167601067
1.23969088693
1.8718021769
1.15267950994
1.44036158239
1.64865862559

Topic 8
Mean 1.79160281411
Median 1.51224084342
Sum 10.7496168846
0.0
1.33500106673
0.0
1.46633706879
0.0
1.69167601067
3.25809653802
0.0
1.44036158239
1.55814461805

Topic 2
Mean 1.86159964462
Median 1.51224084342
Sum 11.1695978677
0.0
1.23969088693
0.0
3.63758615973
0.0
1.55814461805
1.23969088693
0.0
2.02814824729
1.46633706879

Topic 5
Mean 1.44450242239
Median 1.33500106673
Sum 4.33350726717
0.0
1.15267950994
0.0
1.33500106673
0.0
1.8458266905
0.0
0.0
0.0
0.0

Topic 6
Mean 1.21571708647
Median 1.23969088693
Sum 12.1571708647
1.23969088693
1.07263680226
1.44036158239
0.998528830111
1.15267950994
0.998528830111
1.23969088693
1.44036158239
1.23969088693
1.33500106673

Topic 3
Mean 1.19903320118
Median 1.2038189345
Sum 7.19419920709
0.0
1.33500106673
0.0
1.33500106673
0.0
1.07263680226
1.64865862559
0.0
0.998528830111
0.80437281567

Topic 9
Mean 1.18677245964
Median 1.15267950994
Sum 3.56031737893
0.0
0.0
1.15267950994
0.0
0.0
0.0
0.0
1.33500106673
1.07263680226
0.0

Topic 7
Mean 1.15267950994
Median 1.15267950994
Sum 1.15267950994
0.0
1.15267950994
0.0
0.0
0.0
0.0
0.0
0.0
0.0
0.0

