Topic 9
Mean 2.19702988939
Median 2.36042103402
Sum 48.3346575666
2.19139394082
0.0
0.0
3.29569822177
0.258867922057
0.0
4.25179587426
0.258867922057
0.0
6.53721708797
0.0
2.88105501423
0.0
0.0
0.0
1.901615776
3.2638231573
0.0
1.47825664166
1.47825664166
0.0
2.52944812723
0.258867922057
0.0
2.52944812723
2.52944812723
0.0
0.258867922057
3.68633587351
2.65736164002
0.0
0.258867922057
3.68633587351
0.0
1.88395990989
0.258867922057
0.0
0.0
0.0
0.0
0.0
0.0
0.0
0.0
0.0

Topic 8
Mean 2.19523480762
Median 1.901615776
Sum 72.2225712625
-0.0314539127118
0.258867922057
1.47825664166
0.258867922057
-0.0314539127118
3.29569822177
1.45665308339
-0.0314539127118
2.8412333706
2.8412333706
0.258867922057
0.0
0.258867922057
2.52163044914
0.258867922057
0.0
1.901615776
1.47825664166
0.0
0.0
0.0
0.258867922057
1.47825664166
6.53721708797
6.15677572861
2.8412333706
0.258867922057
1.47825664166
5.17001188122
1.901615776
1.47825664166
0.258867922057
1.45665308339
0.258867922057
2.46487936388
2.67127752987
-0.0314539127118
1.901615776
4.243752572
-0.0314539127118
-0.0314539127118
-0.0314539127118
1.901615776
4.243752572
6.37318935563

Topic 5
Mean 2.05505644799
Median 1.88395990989
Sum 51.3764111998
0.0
0.0
2.4073371456
0.0
1.88395990989
0.258867922057
0.0
0.258867922057
3.29569822177
0.258867922057
0.0
6.70352506916
3.68633587351
1.88395990989
2.8412333706
0.0
0.0
0.0
0.0
0.0
0.0
0.0
2.4073371456
2.52944812723
0.258867922057
2.52944812723
2.52944812723
0.0
0.0
1.47825664166
1.47825664166
0.0
0.0
1.47825664166
0.0
1.05525050774
0.0
3.40989710727
0.258867922057
1.88395990989
0.258867922057
3.50163155289
0.0
2.83996363694
0.0

Topic 1
Mean 1.99928303509
Median 1.68993620883
Sum 35.9870946316
0.0
0.0
2.52163044914
0.0
1.45665308339
0.258867922057
0.0
2.61620369493
0.258867922057
0.258867922057
0.0
0.0
0.0
0.0
0.0
0.0
1.901615776
1.47825664166
0.0
0.0
0.0
0.0
0.0
0.0
0.0
0.0
0.0
0.0
0.0
2.43221116349
0.258867922057
1.45665308339
5.56213475743
0.0
0.0
0.0
0.0
3.74236277852
3.46734801976
1.45665308339
3.50163155289
0.0
1.901615776
0.0
1.45665308339

Topic 7
Mean 2.06184241195
Median 1.47825664166
Sum 65.8531415316
5.17095834295
0.258867922057
0.258867922057
0.0
0.0
0.0
3.32028419588
5.37851529035
0.258867922057
0.0
0.258867922057
3.40989710727
1.45665308339
0.0
3.40989710727
1.47825664166
1.47825664166
-0.0314539127118
0.0
-0.0314539127118
-0.0314539127118
3.29569822177
3.29569822177
0.258867922057
0.0
0.258867922057
0.258867922057
4.243752572
0.258867922057
1.88395990989
0.258867922057
0.0
1.88395990989
1.88395990989
-0.0314539127118
0.258867922057
4.57272676128
3.74236277852
1.45665308339
0.0
3.52097462311
5.29243235454
1.47825664166
1.47825664166
0.258867922057

Topic 4
Mean 1.69700893492
Median 1.47825664166
Sum 55.9069331141
0.258867922057
0.258867922057
1.88395990989
0.258867922057
1.88395990989
2.67127752987
-0.0314539127118
-0.0314539127118
1.47825664166
1.901615776
2.8412333706
0.258867922057
1.47825664166
1.47825664166
1.47825664166
1.45665308339
0.258867922057
7.07547469554
2.67127752987
1.05525050774
1.05525050774
0.0
0.0
0.0
0.0
0.0
0.0
0.0
3.07502873886
0.258867922057
0.258867922057
0.258867922057
-0.0314539127118
0.258867922057
1.45665308339
0.0
2.52944812723
0.258867922057
2.8723591574
1.05525050774
4.87689762696
2.52944812723
4.34968295362
0.0
0.258867922057

Topic 0
Mean 1.91800643456
Median 1.47825664166
Sum 19.1800643456
0.0
0.0
0.0
0.0
0.0
0.0
0.0
1.47825664166
0.0
0.0
0.0
0.0
0.0
0.0
0.0
0.0
0.258867922057
0.0
0.0
0.258867922057
0.0
0.0
0.0
0.0
0.0
0.0
0.0
0.0
0.0
4.60064365519
0.0
0.0
2.52163044914
0.0
0.258867922057
0.0
0.0
2.83769948638
0.0
0.0
1.47825664166
0.0
1.45665308339
0.0
4.030320622

Topic 6
Mean 1.36342748448
Median 0.258867922057
Sum 32.7222596275
0.0
0.0
0.0
2.52163044914
1.901615776
0.0
1.88395990989
0.0
0.0
0.258867922057
0.0
0.0
0.0
0.0
0.0
0.258867922057
1.47825664166
0.0
3.29569822177
0.258867922057
0.0
0.258867922057
0.0
0.0
0.258867922057
0.258867922057
0.0
0.258867922057
3.68633587351
2.58818279411
0.0
3.29569822177
0.258867922057
0.0
3.29569822177
0.258867922057
2.65736164002
0.0
0.0
2.75253889114
0.258867922057
0.0
0.258867922057
0.258867922057
0.258867922057

Topic 3
Mean 1.63258590079
Median 0.258867922057
Sum 24.4887885119
0.0
0.0
0.0
0.0
0.0
0.0
0.0
2.4073371456
0.0
0.0
0.0
0.258867922057
0.0
0.0
1.88395990989
0.0
3.29569822177
0.0
0.0
0.258867922057
0.258867922057
0.0
0.0
0.0
0.0
0.0
0.0
0.0
0.0
4.87841428675
0.0
0.0
0.258867922057
0.258867922057
2.8412333706
0.0
0.0
2.4073371456
0.0
0.0
4.70386505524
0.258867922057
0.258867922057
0.0
0.258867922057

Topic 2
Mean 1.77420852726
Median 0.258867922057
Sum 63.8715069815
3.52097462311
0.258867922057
6.47065149922
1.88395990989
4.0169117007
0.258867922057
0.258867922057
0.258867922057
1.45665308339
0.258867922057
3.23016303709
0.258867922057
0.258867922057
0.258867922057
0.258867922057
3.29569822177
0.258867922057
0.258867922057
0.258867922057
0.258867922057
2.65803170655
0.258867922057
0.258867922057
5.29243235454
0.258867922057
1.83162575173
2.52089831331
0.258867922057
6.62453422756
4.10812273735
4.10812273735
1.88395990989
0.258867922057
4.57202000732
1.47825664166
0.258867922057
0.0
0.0
0.0
0.0
0.0
0.0
0.0
0.0
0.0

