Topic 9
Mean 3.75287631294
Median 3.46734801976
Sum 161.310773631
4.70386505524
4.030320622
7.27859385256
4.97351384001
5.6320668157
6.40435187644
6.73692478954
8.30119656485
4.67426370585
6.60999291599
2.52089831331
5.76287631949
3.46734801976
5.6320668157
3.46734801976
1.901615776
1.901615776
1.901615776
1.47825664166
1.901615776
-0.0314539127118
1.47825664166
1.47825664166
1.47825664166
2.65803170655
1.47825664166
-0.0314539127118
1.47825664166
4.70386505524
4.90602361857
4.44164224497
6.68782824071
3.74236277852
3.46734801976
1.901615776
1.47825664166
4.030320622
4.01224498126
4.030320622
3.40989710727
5.23505870543
2.52089831331
2.58818279411
1.47825664166
3.40989710727

Topic 5
Mean 3.50902726178
Median 2.86114419241
Sum 84.2166542827
0.0
0.0
2.83996363694
0.0
0.0
0.0
0.0
0.0
0.0
0.0
2.52163044914
0.0
0.0
0.0
0.0
2.8412333706
0.0
0.0
0.0
0.0
2.52163044914
2.67127752987
2.75253889114
4.56684930335
2.19139394082
0.0
4.01224498126
4.85330544807
2.67127752987
2.88105501423
4.24608529711
2.19139394082
0.0
2.52163044914
5.84294754607
5.27981371318
2.67127752987
4.02013437842
0.0
2.19139394082
0.0
4.01224498126
4.030320622
5.77688860222
4.10812273735

Topic 0
Mean 2.72822172694
Median 2.83996363694
Sum 68.2055431734
2.67127752987
0.0
0.0
4.57202000732
3.90568410763
2.83996363694
4.29949985932
1.05525050774
2.83996363694
2.83996363694
4.57202000732
6.67852614062
0.0
4.57202000732
1.05525050774
2.52163044914
0.258867922057
2.92427664783
2.52163044914
2.4073371456
2.52163044914
0.0
0.0
0.0
0.0
0.0
2.88105501423
0.0
3.40989710727
2.67127752987
0.0
0.258867922057
0.258867922057
3.40989710727
0.258867922057
0.0
0.0
0.0
0.0
0.0
0.0
0.0
0.0
0.0
0.0

Topic 7
Mean 3.17766031249
Median 2.75448850813
Sum 133.367371386
4.05787786643
4.05787786643
4.05787786643
4.05787786643
4.10812273735
4.60064365519
4.030320622
4.030320622
2.67127752987
2.88105501423
-0.0314539127118
1.05525050774
2.58818279411
-0.0314539127118
-0.0314539127118
2.67127752987
2.67127752987
2.67127752987
2.67127752987
2.67127752987
1.901615776
4.030320622
4.030320622
2.67127752987
2.88105501423
4.030320622
1.05525050774
2.67127752987
3.68633587351
2.67127752987
6.33280969599
2.67127752987
2.67127752987
2.58818279411
2.67127752987
2.67127752987
5.84294754607
4.05787786643
4.05787786643
4.05787786643
0.258867922057
1.901615776
2.83769948638
3.46734801976
2.19139394082

Topic 4
Mean 2.79048434641
Median 2.67127752987
Sum 91.9916216934
2.67127752987
0.258867922057
0.258867922057
2.67127752987
3.31029155092
0.258867922057
0.0
0.0
0.0
0.0
0.258867922057
1.47825664166
2.52089831331
5.19613229774
0.0
-0.0314539127118
1.47825664166
-0.0314539127118
1.901615776
0.0
1.901615776
0.258867922057
6.15677572861
0.258867922057
2.52163044914
0.0
6.68068181593
-0.0314539127118
2.67127752987
4.34968295362
2.52089831331
2.67127752987
0.0
3.21683793994
1.05525050774
1.80186789467
3.40989710727
3.68633587351
4.01224498126
8.079732087
0.0
6.05976343785
1.901615776
3.93610638673
2.67127752987

Topic 3
Mean 2.62738858176
Median 2.67127752987
Sum 76.1313610457
2.52944812723
2.52163044914
1.88395990989
0.258867922057
1.88395990989
2.8723591574
-0.0314539127118
1.901615776
1.47825664166
0.0
0.258867922057
5.15697821022
2.67127752987
2.67127752987
1.901615776
0.0
0.0
0.0
0.0
5.30998432343
0.0
2.52944812723
2.94156252171
2.75253889114
0.258867922057
4.82021220383
1.901615776
4.82021220383
2.52163044914
1.80186789467
2.67127752987
2.67127752987
-0.0314539127118
3.68633587351
0.0
4.01224498126
0.0
0.0
2.75253889114
0.0
0.0
0.0
0.0
2.75253889114
0.0

Topic 6
Mean 2.64167467897
Median 2.61620369493
Sum 100.352183888
2.61620369493
2.35693924394
0.0
2.35693924394
4.80476727432
3.46734801976
4.10812273735
2.8723591574
0.258867922057
0.258867922057
2.4073371456
2.8723591574
3.23016303709
2.52163044914
2.8723591574
6.60310826113
2.61620369493
2.99292963378
2.35693924394
1.88395990989
2.4073371456
2.67127752987
-0.0314539127118
0.258867922057
0.258867922057
2.67127752987
0.258867922057
0.258867922057
0.0
6.988480457
5.61470777554
0.0
2.8723591574
2.8723591574
0.0
0.0
2.67127752987
2.58818279411
0.258867922057
2.58818279411
4.87636455629
0.258867922057
2.52089831331
4.030320622
0.0

Topic 2
Mean 2.57507902971
Median 2.52126438123
Sum 66.9520547725
2.58818279411
1.901615776
1.901615776
0.0
0.0
0.0
1.47825664166
1.47825664166
1.47825664166
0.0
2.52089831331
0.0
5.42586288991
0.0
0.0
2.58818279411
6.00941700816
3.46734801976
0.0
1.47825664166
1.80186789467
2.58818279411
2.58818279411
5.99286911376
0.0
1.47825664166
4.4755190297
2.58818279411
0.0
0.0
0.0
0.0
0.0
0.0
0.0
0.0
1.05525050774
1.05525050774
2.75253889114
0.0
1.05525050774
1.80186789467
2.52163044914
2.88105501423
0.0

Topic 8
Mean 2.3325024604
Median 2.35693924394
Sum 86.1138675586
0.258867922057
0.258867922057
3.46734801976
1.45665308339
2.65736164002
5.87477909224
-0.0314539127118
-0.0314539127118
2.65803170655
-0.0314539127118
0.258867922057
3.93610638673
3.68633587351
5.07448871887
1.05525050774
0.258867922057
3.46734801976
3.46734801976
1.80186789467
1.47825664166
2.52163044914
0.258867922057
2.35693924394
2.88105501423
1.80186789467
0.0
2.35693924394
2.35693924394
1.45665308339
3.93610638673
3.46734801976
1.80186789467
1.47825664166
3.93610638673
3.46734801976
2.35693924394
-0.0314539127118
-0.0314539127118
1.47825664166
-0.0314539127118
1.47825664166
1.05525050774
1.901615776
0.0
2.83769948638

Topic 1
Mean 2.31448638757
Median 1.47825664166
Sum 39.2519068506
-0.0314539127118
0.0
0.258867922057
1.47825664166
2.67127752987
0.258867922057
1.47825664166
4.87841428675
0.258867922057
2.67127752987
0.0
0.0
0.0
0.0
0.0
-0.0314539127118
5.63830561616
0.258867922057
1.45665308339
5.60289060396
0.0
-0.0314539127118
3.29569822177
0.258867922057
1.45665308339
4.58301236937
0.0
2.8412333706
0.0
0.0
0.0
0.0
0.0
0.0
0.0
0.0
0.0
0.0
0.0
0.0
0.0
0.0
0.0
0.0
0.0

