Topic 7
Mean 3.37995475993
Median 2.8412333706
Sum 537.255537265
4.05787786643
4.05787786643
4.05787786643
4.05787786643
4.10812273735
4.60064365519
4.030320622
4.030320622
2.67127752987
2.88105501423
-0.0314539127118
1.05525050774
2.58818279411
-0.0314539127118
-0.0314539127118
2.67127752987
2.67127752987
2.67127752987
2.67127752987
2.67127752987
1.901615776
4.030320622
4.030320622
2.67127752987
2.88105501423
4.030320622
1.05525050774
2.67127752987
3.68633587351
2.67127752987
6.33280969599
2.67127752987
2.67127752987
2.58818279411
2.67127752987
2.67127752987
5.84294754607
4.05787786643
4.05787786643
4.05787786643
0.258867922057
1.901615776
2.83769948638
3.46734801976
2.19139394082
2.52944812723
0.258867922057
2.52944812723
0.258867922057
0.258867922057
0.0
2.52944812723
0.258867922057
2.52944812723
0.258867922057
6.42648940976
4.10812273735
3.29569822177
4.10812273735
2.67127752987
1.901615776
2.83769948638
4.34968295362
5.70609336725
4.56834585101
2.52944812723
4.030320622
4.030320622
2.67127752987
2.67127752987
4.030320622
-0.0314539127118
2.67127752987
5.6265465064
2.67127752987
7.02927102499
0.258867922057
2.67127752987
0.0
1.05525050774
2.58818279411
0.0
0.0
2.58818279411
1.901615776
1.05525050774
2.58818279411
1.901615776
0.0
1.901615776
0.0
7.0904552782
4.030320622
7.0648729612
2.8723591574
4.030320622
1.901615776
2.83769948638
4.030320622
6.62049699593
7.6666728681
0.258867922057
3.68633587351
4.030320622
1.901615776
0.0
0.0
0.0
0.0
0.0
0.0
0.0
0.0
0.0
0.0
0.0
0.0
0.0
0.0
0.0
4.85330544807
2.67127752987
2.67127752987
4.97351384001
2.83996363694
1.901615776
2.83769948638
3.46734801976
3.68633587351
5.58252072733
0.258867922057
4.85330544807
3.46734801976
1.901615776
6.77863020593
0.0
4.030320622
4.10812273735
3.40989710727
4.97351384001
4.030320622
1.901615776
2.83769948638
6.49702799343
3.68633587351
3.74236277852
0.258867922057
5.43761139318
4.030320622
1.901615776
6.40435187644
0.0
4.97351384001
2.8412333706
0.258867922057
2.8412333706
1.80186789467
0.258867922057
-0.0314539127118
2.52944812723
2.52163044914
6.58712882087
5.6320668157
2.52944812723
2.8412333706
2.52163044914
0.0
2.52163044914
0.0
3.07502873886
2.52089831331
3.68633587351
2.67127752987
7.2301064104
4.97351384001
2.8723591574
2.58818279411
2.83769948638
6.11468199968
3.68633587351
6.29824834267
0.258867922057
7.36057719164
3.46734801976
2.58818279411
6.40435187644
0.0
4.97351384001
8.17815169536
5.6320668157

Topic 5
Mean 3.23418117556
Median 2.83996363694
Sum 281.373762273
0.0
0.0
2.83996363694
0.0
0.0
0.0
0.0
0.0
0.0
0.0
2.52163044914
0.0
0.0
0.0
0.0
2.8412333706
0.0
0.0
0.0
0.0
2.52163044914
2.67127752987
2.75253889114
4.56684930335
2.19139394082
0.0
4.01224498126
4.85330544807
2.67127752987
2.88105501423
4.24608529711
2.19139394082
0.0
2.52163044914
5.84294754607
5.27981371318
2.67127752987
4.02013437842
0.0
2.19139394082
0.0
4.01224498126
4.030320622
5.77688860222
4.10812273735
5.47514620348
0.0
0.0
0.0
0.0
2.52163044914
3.46734801976
5.77688860222
6.43504035467
5.77688860222
2.8412333706
0.0
0.0
0.0
0.0
0.258867922057
2.8412333706
0.258867922057
0.258867922057
0.258867922057
2.8412333706
0.0
0.0
0.0
2.19139394082
0.0
0.0
0.0
2.92427664783
3.56496301712
2.61620369493
0.0
0.0
0.0
0.0
0.0
0.0
0.0
0.0
0.0
0.0
0.0
0.0
0.0
0.0
0.0
0.0
0.0
0.0
0.0
0.0
0.0
0.0
0.0
0.0
0.0
0.0
0.0
0.0
0.0
0.0
2.75253889114
0.0
0.0
0.0
0.0
3.2638231573
2.75253889114
6.12927174772
3.2638231573
0.0
0.0
0.0
0.0
0.0
1.80186789467
0.0
0.0
0.0
0.0
1.80186789467
1.80186789467
2.65736164002
1.80186789467
2.65736164002
2.65736164002
0.258867922057
0.0
0.0
0.0
0.0
2.52944812723
4.02013437842
0.0
0.0
0.0
2.52089831331
2.52944812723
2.52089831331
6.64765905236
4.02013437842
2.52944812723
2.52944812723
0.0
0.0
0.0
0.0
1.901615776
2.52163044914
5.17143363273
4.56684930335
5.79905824247
0.0
2.52163044914
6.26694724723
4.56684930335
4.99828834645
5.30998432343
3.46734801976
0.258867922057
2.4073371456
0.0
0.0
2.75253889114
1.80186789467
4.99828834645
0.0
3.52097462311
2.83996363694
4.79362581287
0.0
0.0
0.0
2.19139394082
2.83996363694
2.19139394082
0.0
0.0
2.19139394082
0.0
0.0
0.0
0.0
0.0
3.52097462311

Topic 6
Mean 2.59921927751
Median 2.67127752987
Sum 332.668613609
2.61620369493
2.35693924394
0.0
2.35693924394
4.80476727432
3.46734801976
4.10812273735
2.8723591574
0.258867922057
0.258867922057
2.4073371456
2.8723591574
3.23016303709
2.52163044914
2.8723591574
6.60310826113
2.61620369493
2.99292963378
2.35693924394
1.88395990989
2.4073371456
2.67127752987
-0.0314539127118
0.258867922057
0.258867922057
2.67127752987
0.258867922057
0.258867922057
0.0
6.988480457
5.61470777554
0.0
2.8723591574
2.8723591574
0.0
0.0
2.67127752987
2.58818279411
0.258867922057
2.58818279411
4.87636455629
0.258867922057
2.52089831331
4.030320622
0.0
2.83996363694
2.4073371456
3.50163155289
2.52163044914
3.52097462311
5.17095834295
2.99292963378
0.258867922057
0.0
0.258867922057
2.35693924394
1.05525050774
3.50163155289
3.46734801976
0.258867922057
3.23016303709
3.61429666102
0.258867922057
0.0
1.05525050774
3.50163155289
0.0
2.8723591574
0.0
0.0
2.8723591574
2.8723591574
0.0
0.0
2.8723591574
0.0
0.0
0.0
2.61620369493
2.8723591574
0.0
0.0
2.8723591574
2.8723591574
2.61620369493
0.0
2.8723591574
0.0
2.4073371456
0.0
6.67642467274
2.61620369493
2.61620369493
2.52163044914
2.52163044914
0.258867922057
2.52163044914
3.61429666102
0.258867922057
0.0
4.01224498126
2.52163044914
3.61429666102
0.0
2.61620369493
0.0
0.0
0.0
0.0
0.0
0.0
0.0
0.0
0.0
0.0
0.0
0.0
0.0
0.0
0.0
5.06036567366
0.0
2.99292963378
0.0
0.0
0.0
4.67426370585
0.0
0.0
0.0
2.99292963378
0.0
0.0
0.0
0.0
2.88105501423
2.75253889114
2.58818279411
0.258867922057
2.58818279411
0.258867922057
0.258867922057
4.32371284784
0.258867922057
0.0
4.01224498126
0.258867922057
1.05525050774
0.0
0.0
4.76291215958
3.32028419588
2.75253889114
4.10812273735
0.0
0.258867922057
0.258867922057
4.10812273735
0.258867922057
0.258867922057
2.67127752987
0.0
2.67127752987
0.258867922057
0.258867922057
0.0
0.0
0.258867922057
0.0
0.0
0.258867922057
5.34580268713
2.61620369493
3.83566619559
3.46734801976
2.83996363694
3.23016303709
2.99292963378
0.258867922057
0.0
6.34752937895
3.50163155289
4.58301236937
0.0
4.36816707291
5.2214690851
0.0
2.99292963378
4.01224498126
0.258867922057

Topic 4
Mean 3.00232728371
Median 2.67127752987
Sum 315.024187401
2.67127752987
0.258867922057
0.258867922057
2.67127752987
3.31029155092
0.258867922057
0.0
0.0
0.0
0.0
0.258867922057
1.47825664166
2.52089831331
5.19613229774
0.0
-0.0314539127118
1.47825664166
-0.0314539127118
1.901615776
0.0
1.901615776
0.258867922057
6.15677572861
0.258867922057
2.52163044914
0.0
6.68068181593
-0.0314539127118
2.67127752987
4.34968295362
2.52089831331
2.67127752987
0.0
3.21683793994
1.05525050774
1.80186789467
3.40989710727
3.68633587351
4.01224498126
8.079732087
0.0
6.05976343785
1.901615776
3.93610638673
2.67127752987
2.8723591574
0.0
2.61620369493
4.02013437842
0.0
0.0
0.0
0.0
0.0
4.02013437842
0.0
0.0
0.0
6.00453953585
0.0
0.0
0.0
0.0
0.0
7.61501538211
0.0
0.0
0.0
0.0
0.0
0.0
0.0
0.0
0.0
0.0
0.0
0.0
0.0
2.67127752987
3.68633587351
4.76291215958
2.67127752987
0.0
4.67476355543
-0.0314539127118
4.67476355543
2.67127752987
4.01224498126
0.0
0.0
0.0
2.67127752987
4.34968295362
0.258867922057
4.36773432198
0.0
2.35693924394
1.47825664166
2.52944812723
6.26142980784
6.90738806576
0.0
0.0
0.0
3.68633587351
4.87636455629
2.67127752987
3.52097462311
4.10812273735
0.0
0.258867922057
-0.0314539127118
0.258867922057
2.67127752987
3.40989710727
2.8723591574
0.0
0.0
2.67127752987
2.67127752987
0.258867922057
5.98419639343
0.258867922057
2.83769948638
0.0
2.83769948638
1.901615776
5.98419639343
1.80186789467
3.46734801976
0.0
0.0
0.0
2.52163044914
2.52944812723
0.258867922057
2.67127752987
2.67127752987
0.258867922057
5.81805913704
0.0
0.258867922057
0.0
0.258867922057
2.67127752987
2.67127752987
0.0
0.0
0.0
2.67127752987
2.67127752987
4.10812273735
0.258867922057
2.8723591574
0.0
0.0
0.0
0.0
0.0
0.0
0.0
0.0
2.8723591574
6.67642467274
0.0
0.0
0.0
0.0
2.8723591574
0.0
0.0
0.0
4.243752572
0.0
5.70009490222
0.0
5.59518254063
1.901615776
-0.0314539127118
1.05525050774
2.83769948638
0.0
2.75253889114
0.0
-0.0314539127118
1.47825664166
0.0
2.83769948638
0.0
0.0

Topic 9
Mean 3.17163508955
Median 2.65736164002
Sum 522.942342824
4.70386505524
4.030320622
7.27859385256
4.97351384001
5.6320668157
6.40435187644
6.73692478954
8.30119656485
4.67426370585
6.60999291599
2.52089831331
5.76287631949
3.46734801976
5.6320668157
3.46734801976
1.901615776
1.901615776
1.901615776
1.47825664166
1.901615776
-0.0314539127118
1.47825664166
1.47825664166
1.47825664166
2.65803170655
1.47825664166
-0.0314539127118
1.47825664166
4.70386505524
4.90602361857
4.44164224497
6.68782824071
3.74236277852
3.46734801976
1.901615776
1.47825664166
4.030320622
4.01224498126
4.030320622
3.40989710727
5.23505870543
2.52089831331
2.58818279411
1.47825664166
3.40989710727
4.87841428675
4.26844152781
5.62112902517
2.65803170655
2.8412333706
2.52163044914
2.58818279411
2.77189465128
2.83769948638
2.58818279411
2.65736164002
2.65736164002
4.82021220383
2.65736164002
2.65736164002
1.80186789467
2.58818279411
1.47825664166
1.901615776
2.58818279411
2.58818279411
2.52944812723
3.98589350794
2.83996363694
4.29949985932
6.96448469322
2.4073371456
1.05525050774
1.05525050774
2.4073371456
1.05525050774
2.52944812723
1.05525050774
3.74236277852
3.74236277852
4.67426370585
2.99292963378
4.67426370585
0.0
1.901615776
1.47825664166
3.74236277852
1.901615776
2.83769948638
1.901615776
1.05525050774
2.67127752987
0.258867922057
2.67127752987
2.67127752987
2.67127752987
0.258867922057
-0.0314539127118
-0.0314539127118
0.258867922057
2.67127752987
0.258867922057
0.258867922057
0.258867922057
-0.0314539127118
7.1188661027
4.90602361857
7.48192699003
6.40435187644
6.79853690686
2.52089831331
2.46487936388
1.47825664166
6.70352506916
3.40989710727
2.8412333706
2.46487936388
2.52944812723
3.74236277852
2.67127752987
1.80186789467
3.93610638673
2.52163044914
2.52163044914
2.52163044914
2.52163044914
-0.0314539127118
-0.0314539127118
2.52163044914
0.258867922057
2.52163044914
1.80186789467
0.258867922057
-0.0314539127118
0.258867922057
0.258867922057
1.901615776
5.43295680701
2.8723591574
1.47825664166
1.901615776
5.43295680701
2.58818279411
1.47825664166
2.61620369493
2.58818279411
2.58818279411
4.80476727432
2.4073371456
1.901615776
-0.0314539127118
2.46487936388
-0.0314539127118
2.8412333706
2.65736164002
6.26694724723
7.35143084862
6.60999291599
1.80186789467
-0.0314539127118
-0.0314539127118
1.80186789467
2.67127752987
3.29569822177
5.77688860222
2.52944812723
0.0
2.67127752987
3.68633587351
1.80186789467
0.0
0.0
5.76287631949
7.12107208045
0.0
4.02013437842
5.76287631949
0.0
0.0
2.61620369493
0.0
2.19139394082
0.0
2.4073371456
4.02013437842
0.0
0.0
0.0
2.8723591574
0.0

Topic 3
Mean 2.75935062982
Median 2.6437406124
Sum 342.033662446
2.52944812723
2.52163044914
1.88395990989
0.258867922057
1.88395990989
2.8723591574
-0.0314539127118
1.901615776
1.47825664166
0.0
0.258867922057
5.15697821022
2.67127752987
2.67127752987
1.901615776
0.0
0.0
0.0
0.0
5.30998432343
0.0
2.52944812723
2.94156252171
2.75253889114
0.258867922057
4.82021220383
1.901615776
4.82021220383
2.52163044914
1.80186789467
2.67127752987
2.67127752987
-0.0314539127118
3.68633587351
0.0
4.01224498126
0.0
0.0
2.75253889114
0.0
0.0
0.0
0.0
2.75253889114
0.0
0.258867922057
2.83769948638
1.88395990989
3.40989710727
1.901615776
3.74236277852
0.0
1.901615776
0.258867922057
3.2638231573
2.8412333706
5.15697821022
4.10812273735
2.67127752987
1.901615776
5.47389731506
0.0
2.52944812723
3.68633587351
0.0
4.56834585101
3.93610638673
6.50464729864
6.508464612
3.40989710727
2.58818279411
5.15697821022
0.0
7.95051249529
3.46734801976
0.0
5.26165026291
5.15697821022
0.0
0.0
4.02013437842
2.8723591574
0.0
2.61620369493
0.0
0.0
0.0
0.0
0.0
0.0
2.61620369493
0.258867922057
1.901615776
1.47825664166
0.258867922057
2.58818279411
1.901615776
0.0
5.57278486217
2.52089831331
0.0
1.901615776
1.901615776
2.58818279411
0.0
2.8412333706
2.52944812723
1.47825664166
0.258867922057
1.47825664166
1.47825664166
0.0
2.52944812723
0.258867922057
0.0
1.47825664166
3.29569822177
1.47825664166
0.0
1.47825664166
6.37356365054
4.97351384001
4.92320565668
1.88395990989
2.58818279411
3.32445195189
0.0
2.94156252171
2.52163044914
0.0
2.83769948638
2.83769948638
3.93610638673
0.0
2.58818279411
3.0438081324
3.93610638673
2.52944812723
2.67127752987
2.67127752987
-0.0314539127118
2.67127752987
0.0
2.52944812723
2.67127752987
0.0
0.258867922057
3.29569822177
5.47514620348
0.0
0.258867922057
3.29569822177
3.93610638673
0.0
0.0
0.0
0.0
0.0
0.0
0.0
0.0
0.0
0.0
0.0
0.0
0.0
0.0
0.0
0.0
0.0
0.0
3.93610638673
1.80186789467
2.52163044914
0.258867922057
-0.0314539127118
0.258867922057
0.0
1.80186789467
2.52163044914
0.0
0.258867922057
0.258867922057
4.50074434538
0.0
0.258867922057
0.258867922057
3.93610638673
4.50074434538
0.0

Topic 1
Mean 2.42554718751
Median 2.62973016199
Sum 227.749804324
-0.0314539127118
0.0
0.258867922057
1.47825664166
2.67127752987
0.258867922057
1.47825664166
4.87841428675
0.258867922057
2.67127752987
0.0
0.0
0.0
0.0
0.0
-0.0314539127118
5.63830561616
0.258867922057
1.45665308339
5.60289060396
0.0
-0.0314539127118
3.29569822177
0.258867922057
1.45665308339
4.58301236937
0.0
2.8412333706
0.0
0.0
0.0
0.0
0.0
0.0
0.0
0.0
0.0
0.0
0.0
0.0
0.0
0.0
0.0
0.0
0.0
-0.0314539127118
6.25059381323
0.258867922057
2.67127752987
3.50163155289
0.0
2.8412333706
3.50163155289
0.0
0.0
1.47825664166
3.29569822177
0.258867922057
1.901615776
2.8412333706
0.0
2.8412333706
5.70609336725
0.0
0.0
3.29569822177
0.0
0.0
0.0
0.0
0.0
0.0
0.0
0.0
0.0
0.0
0.0
0.0
1.47825664166
3.46734801976
0.258867922057
2.83769948638
3.23016303709
0.0
0.258867922057
7.32240750706
0.0
0.0
3.40989710727
2.58818279411
0.0
-0.0314539127118
3.98589350794
0.258867922057
4.67426370585
2.88105501423
0.0
0.258867922057
0.258867922057
0.0
0.0
3.52097462311
0.258867922057
0.0
3.46734801976
-0.0314539127118
3.29569822177
0.258867922057
2.67127752987
2.8412333706
0.0
2.8412333706
3.29569822177
0.0
0.0
5.50329216319
3.29569822177
0.0
5.47514620348
2.52163044914
-0.0314539127118
0.258867922057
0.258867922057
1.45665308339
3.80442387549
0.0
3.07502873886
1.45665308339
0.0
0.0
0.258867922057
0.258867922057
0.0
0.258867922057
0.258867922057
0.258867922057
1.47825664166
0.0
0.0
1.901615776
2.58818279411
0.0
0.0
0.0
0.0
0.0
0.0
2.58818279411
0.0
2.58818279411
0.0
0.0
0.0
0.0
2.83996363694
4.56684930335
4.67426370585
2.19139394082
0.0
0.0
0.0
0.0
0.0
4.94158870798
0.0
0.0
2.19139394082
4.67426370585
0.0
0.0
0.0
-0.0314539127118
2.52163044914
0.258867922057
0.258867922057
0.258867922057
0.0
0.258867922057
3.40989710727
0.0
0.0
3.40989710727
0.258867922057
0.0
4.67476355543
2.52163044914
4.67476355543
0.258867922057
0.0
0.0

Topic 0
Mean 2.44389663423
Median 2.59340488362
Sum 278.604216303
2.67127752987
0.0
0.0
4.57202000732
3.90568410763
2.83996363694
4.29949985932
1.05525050774
2.83996363694
2.83996363694
4.57202000732
6.67852614062
0.0
4.57202000732
1.05525050774
2.52163044914
0.258867922057
2.92427664783
2.52163044914
2.4073371456
2.52163044914
0.0
0.0
0.0
0.0
0.0
2.88105501423
0.0
3.40989710727
2.67127752987
0.0
0.258867922057
0.258867922057
3.40989710727
0.258867922057
0.0
0.0
0.0
0.0
0.0
0.0
0.0
0.0
0.0
0.0
2.67127752987
2.67127752987
0.0
2.52089831331
0.258867922057
2.67127752987
4.32371284784
0.0
2.67127752987
0.0
4.05787786643
0.258867922057
0.0
2.52163044914
0.258867922057
4.05787786643
4.01224498126
0.0
3.40989710727
0.0
2.52089831331
5.72322594265
2.67127752987
0.0
2.52944812723
4.29949985932
2.67127752987
2.65736164002
0.0
4.030320622
0.0
2.67127752987
2.65736164002
1.80186789467
1.45665308339
0.0
1.80186789467
0.258867922057
1.80186789467
2.65736164002
0.0
0.258867922057
0.0
7.28605368986
2.65736164002
4.59215404346
4.05787786643
0.258867922057
0.0
0.258867922057
0.258867922057
4.05787786643
0.258867922057
0.0
3.40989710727
0.0
0.258867922057
4.87079337259
0.258867922057
0.258867922057
0.258867922057
0.258867922057
0.0
2.52944812723
2.52944812723
0.258867922057
0.258867922057
0.0
0.258867922057
0.0
0.258867922057
0.258867922057
6.50275061462
0.258867922057
0.258867922057
1.88395990989
0.258867922057
0.0
0.258867922057
0.258867922057
1.88395990989
0.258867922057
0.0
1.88395990989
0.0
0.258867922057
1.88395990989
0.258867922057
0.258867922057
1.88395990989
0.258867922057
0.0
0.0
2.92427664783
0.0
2.4073371456
0.0
2.92427664783
0.0
0.0
0.0
0.0
0.0
0.0
0.0
0.0
0.0
0.0
5.33560560486
5.80734220873
2.83996363694
6.84345544641
3.98589350794
5.80734220873
2.65736164002
0.0
4.030320622
0.0
2.67127752987
4.60064365519
7.92416454778
2.94156252171
4.60064365519
0.258867922057
1.88395990989
0.0
0.0
0.0
0.0
0.0
0.0
2.99292963378
0.0
0.0
0.0
0.0
0.0
0.0
0.0
0.0
0.0
0.0
0.0
0.0
0.0

Topic 2
Mean 2.59207122826
Median 2.58818279411
Sum 238.344737349
2.58818279411
1.901615776
1.901615776
0.0
0.0
0.0
1.47825664166
1.47825664166
1.47825664166
0.0
2.52089831331
0.0
5.42586288991
0.0
0.0
2.58818279411
6.00941700816
3.46734801976
0.0
1.47825664166
1.80186789467
2.58818279411
2.58818279411
5.99286911376
0.0
1.47825664166
4.4755190297
2.58818279411
0.0
0.0
0.0
0.0
0.0
0.0
0.0
0.0
1.05525050774
1.05525050774
2.75253889114
0.0
1.05525050774
1.80186789467
2.52163044914
2.88105501423
0.0
1.901615776
1.901615776
3.68633587351
0.0
5.43761139318
0.258867922057
1.901615776
1.901615776
0.0
4.34968295362
2.52089831331
0.0
3.68633587351
0.0
0.0
5.96250769095
0.258867922057
4.4755190297
0.0
2.67127752987
3.68633587351
2.58818279411
5.25593459452
1.901615776
0.0
1.47825664166
-0.0314539127118
5.25593459452
2.58818279411
0.0
1.05525050774
1.901615776
-0.0314539127118
0.258867922057
0.0
2.65736164002
0.0
0.0
2.94156252171
2.52163044914
2.94156252171
0.0
2.52163044914
3.29569822177
0.258867922057
-0.0314539127118
0.258867922057
0.0
3.68633587351
0.0
0.0
0.258867922057
0.258867922057
0.258867922057
0.0
5.81805913704
4.85330544807
5.81039331012
-0.0314539127118
0.258867922057
0.0
0.0
7.12107208045
0.0
0.0
0.0
0.0
2.4073371456
0.0
0.0
0.0
0.0
0.0
0.0
0.0
0.0
0.0
0.0
0.0
0.0
0.0
0.0
0.0
0.0
0.0
0.0
0.0
0.0
0.0
0.0
0.0
5.57278486217
1.901615776
2.83769948638
0.0
1.47825664166
4.76291215958
1.901615776
2.94156252171
0.0
2.67127752987
2.83769948638
4.76291215958
1.901615776
2.94156252171
2.67127752987
0.0
0.0
0.0
0.0
0.0
0.0
0.0
0.0
0.0
0.0
0.0
0.0
0.0
0.0
0.0
0.0
0.0
0.0
0.0
0.0
0.258867922057
0.0
2.67127752987
0.0
0.0
0.258867922057
0.258867922057
0.258867922057
0.0
2.67127752987
2.67127752987
2.67127752987
0.0
0.258867922057
2.67127752987
0.0
0.0
2.67127752987
0.0

Topic 8
Mean 2.05091183262
Median 1.84291390228
Sum 278.483654458
0.258867922057
0.258867922057
3.46734801976
1.45665308339
2.65736164002
5.87477909224
-0.0314539127118
-0.0314539127118
2.65803170655
-0.0314539127118
0.258867922057
3.93610638673
3.68633587351
5.07448871887
1.05525050774
0.258867922057
3.46734801976
3.46734801976
1.80186789467
1.47825664166
2.52163044914
0.258867922057
2.35693924394
2.88105501423
1.80186789467
0.0
2.35693924394
2.35693924394
1.45665308339
3.93610638673
3.46734801976
1.80186789467
1.47825664166
3.93610638673
3.46734801976
2.35693924394
-0.0314539127118
-0.0314539127118
1.47825664166
-0.0314539127118
1.47825664166
1.05525050774
1.901615776
0.0
2.83769948638
0.258867922057
4.57202000732
2.94156252171
2.65736164002
1.47825664166
2.65736164002
2.52163044914
2.35693924394
2.52163044914
1.47825664166
0.258867922057
2.65736164002
2.65736164002
2.65736164002
1.47825664166
2.65736164002
5.85709582578
1.80186789467
1.901615776
1.901615776
2.65736164002
0.258867922057
0.258867922057
4.29949985932
1.88395990989
1.47825664166
1.88395990989
1.901615776
0.258867922057
2.83769948638
2.83769948638
1.47825664166
1.901615776
0.0
0.0
0.0
0.0
0.0
0.0
0.0
0.0
0.0
0.0
0.0
0.0
0.0
-0.0314539127118
-0.0314539127118
2.65803170655
-0.0314539127118
3.08315141329
1.05525050774
1.47825664166
0.0
1.47825664166
1.47825664166
1.47825664166
1.47825664166
1.47825664166
0.0
3.07502873886
0.258867922057
0.258867922057
1.45665308339
-0.0314539127118
0.258867922057
0.258867922057
0.258867922057
1.45665308339
-0.0314539127118
0.258867922057
0.258867922057
0.258867922057
0.0
-0.0314539127118
0.0
0.0
0.0
0.0
0.0
0.0
0.0
2.4073371456
0.0
0.0
4.02013437842
0.0
0.0
0.0
0.0
0.0
0.258867922057
4.26844152781
5.45981273027
1.80186789467
-0.0314539127118
3.93610638673
3.46734801976
2.88105501423
3.93610638673
2.75253889114
4.26844152781
1.80186789467
3.2638231573
0.0
-0.0314539127118
0.258867922057
2.61620369493
0.258867922057
0.258867922057
2.52089831331
0.258867922057
0.0
0.258867922057
0.258867922057
0.258867922057
2.52089831331
0.0
0.258867922057
0.258867922057
0.258867922057
0.0
0.0
0.258867922057
0.0
0.258867922057
1.45665308339
3.46734801976
3.46734801976
1.80186789467
1.05525050774
4.34968295362
3.46734801976
5.46507004286
5.19613229774
1.05525050774
2.52163044914
1.80186789467
1.05525050774
0.0
1.05525050774
1.45665308339
0.0
3.46734801976
0.258867922057

