Topic 5
Mean 2.93138784783
Median 2.83769948638
Sum 794.185929372
0.0
0.0
2.4073371456
0.0
1.88395990989
0.258867922057
0.0
0.258867922057
3.29569822177
0.258867922057
0.0
6.70352506916
3.68633587351
1.88395990989
2.8412333706
0.0
0.0
0.0
0.0
0.0
0.0
0.0
2.4073371456
2.52944812723
0.258867922057
2.52944812723
2.52944812723
0.0
0.0
1.47825664166
1.47825664166
0.0
0.0
1.47825664166
0.0
1.05525050774
0.0
3.40989710727
0.258867922057
1.88395990989
0.258867922057
3.50163155289
0.0
2.83996363694
0.0
0.0
6.20895380081
2.4073371456
0.258867922057
0.258867922057
4.58301236937
0.0
2.83996363694
0.0
3.50163155289
0.0
3.32028419588
0.0
0.0
0.0
6.28024771068
0.0
0.0
0.0
3.32028419588
0.0
0.0
5.87477909224
2.19139394082
1.88395990989
0.258867922057
7.14395331171
0.0
2.19139394082
1.47825664166
3.40989710727
2.52089831331
0.0
0.0
0.0
0.0
0.0
0.0
0.0
0.0
0.0
0.0
0.0
0.0
0.0
0.0
0.0
0.0
0.0
0.0
0.0
0.0
0.0
0.0
0.0
0.0
0.0
0.0
0.0
0.0
0.0
3.40989710727
0.258867922057
1.88395990989
0.258867922057
3.40989710727
0.0
0.258867922057
0.0
6.27198864074
2.52163044914
0.0
3.40989710727
0.0
0.0
0.0
6.26553350544
4.25179587426
1.88395990989
3.29569822177
6.26553350544
0.0
2.52944812723
1.47825664166
4.47112142302
4.01224498126
0.0
4.56834585101
0.0
0.0
4.47112142302
0.0
4.80335301107
2.4073371456
0.258867922057
0.258867922057
3.23016303709
0.0
2.4073371456
0.0
3.23016303709
3.23016303709
0.0
2.19139394082
0.0
0.0
2.52163044914
2.52163044914
0.0
1.901615776
2.58818279411
-0.0314539127118
-0.0314539127118
2.46487936388
0.0
1.05525050774
1.47825664166
-0.0314539127118
-0.0314539127118
0.0
1.901615776
0.0
0.0
-0.0314539127118
1.901615776
-0.0314539127118
0.0
4.70386505524
4.25179587426
1.88395990989
3.29569822177
6.79853690686
0.0
2.52944812723
0.0
4.47112142302
5.2214690851
0.0
3.40989710727
0.0
0.0
4.47112142302
4.84040382068
3.93610638673
-0.0314539127118
0.0
3.46734801976
1.47825664166
0.258867922057
0.258867922057
3.23016303709
0.0
1.05525050774
2.65803170655
3.23016303709
3.46734801976
2.88105501423
2.75253889114
0.0
0.0
2.52163044914
4.26844152781
4.99065912401
1.47825664166
3.93610638673
0.0
3.40989710727
1.05525050774
1.88395990989
0.258867922057
3.40989710727
0.0
1.05525050774
1.05525050774
7.33555062658
2.52163044914
3.32028419588
3.40989710727
0.0
0.0
6.27198864074
4.47112142302
2.52163044914
1.05525050774
4.47112142302
5.47389731506
0.0
4.80335301107
2.58818279411
0.258867922057
0.258867922057
3.74236277852
0.0
1.05525050774
1.47825664166
3.50163155289
6.8975603342
0.0
3.74236277852
0.0
0.0
0.258867922057
4.01224498126
4.80335301107
2.58818279411
3.50163155289
3.23016303709
1.05525050774
0.0
6.0511028914
3.68633587351
1.88395990989
0.258867922057
4.56834585101
0.0
2.83996363694
1.47825664166
3.52097462311
3.46734801976
0.0
4.56834585101
0.0
0.0
5.07448871887
4.85330544807
2.52163044914
1.901615776
3.68633587351
4.34968295362
4.34968295362
3.74236277852
0.0
2.83769948638
1.901615776
0.258867922057
0.258867922057
2.83769948638
0.0
2.83996363694
1.47825664166
2.83996363694
5.34580268713
0.0
2.83769948638
0.0
0.0
2.65736164002
2.83769948638
1.80186789467
1.901615776
1.80186789467
3.2638231573
1.80186789467
2.83769948638
4.59215404346
0.0
4.05787786643
2.67127752987
1.88395990989
0.258867922057
5.33560560486
0.0
4.29949985932
1.47825664166
3.40989710727
3.46734801976
0.0
7.32528350841
0.0
0.0
3.40989710727
4.26844152781
4.67476355543
1.901615776
3.93610638673
4.67476355543
3.40989710727
1.901615776
5.50329216319
1.901615776
0.0
4.56834585101
4.25179587426
0.258867922057
3.29569822177
7.46599377392
0.0
2.52944812723
1.47825664166
3.50163155289
4.36816707291
0.0
4.56834585101
0.0
0.0
0.258867922057
7.14244320061
3.23016303709
1.901615776
6.94360587719
3.23016303709
1.05525050774
3.74236277852
4.56834585101
2.83769948638
1.901615776
0.0
1.901615776
6.43821389735
0.258867922057
3.29569822177
2.8412333706
0.0
2.52944812723
1.47825664166
0.258867922057
0.258867922057
0.0
1.901615776
0.0
0.0
0.258867922057
3.29569822177
0.258867922057
2.58818279411
3.29569822177
1.47825664166
1.05525050774
6.82938395134
1.901615776
1.901615776
1.901615776
3.29569822177
0.0
1.901615776
4.25179587426
1.88395990989
3.29569822177
2.8412333706
0.0
5.10439641431
1.47825664166
1.88395990989
1.80186789467
0.0
1.901615776
0.0
0.0
2.65736164002
4.25179587426
1.80186789467
1.901615776
4.25179587426
1.80186789467
1.88395990989
1.901615776
4.59215404346
4.59215404346
4.29949985932
4.25179587426
3.29569822177
0.0
0.0
0.0
0.0
0.0
0.0
0.0
0.0
0.0
0.0
0.0
0.0
6.12927174772
0.0
0.0
0.0
0.0
0.0
0.0
0.0
3.2638231573
0.0
2.75253889114
0.0
3.2638231573
0.0
0.0
0.0
0.0

Topic 7
Mean 2.49923596047
Median 2.55881546067
Sum 689.09713901
5.17095834295
0.258867922057
0.258867922057
0.0
0.0
0.0
3.32028419588
5.37851529035
0.258867922057
0.0
0.258867922057
3.40989710727
1.45665308339
0.0
3.40989710727
1.47825664166
1.47825664166
-0.0314539127118
0.0
-0.0314539127118
-0.0314539127118
3.29569822177
3.29569822177
0.258867922057
0.0
0.258867922057
0.258867922057
4.243752572
0.258867922057
1.88395990989
0.258867922057
0.0
1.88395990989
1.88395990989
-0.0314539127118
0.258867922057
4.57272676128
3.74236277852
1.45665308339
0.0
3.52097462311
5.29243235454
1.47825664166
1.47825664166
0.258867922057
0.0
0.0
0.0
0.0
0.0
0.0
0.0
0.0
0.0
0.0
1.47825664166
1.47825664166
-0.0314539127118
0.0
-0.0314539127118
-0.0314539127118
4.243752572
4.243752572
-0.0314539127118
1.47825664166
0.0
6.15771662112
5.17095834295
0.258867922057
0.0
3.23016303709
0.258867922057
1.05525050774
2.52944812723
0.258867922057
3.46734801976
0.0
1.05525050774
4.59804761536
3.29569822177
0.258867922057
0.0
0.258867922057
0.258867922057
1.47825664166
3.29569822177
0.258867922057
1.901615776
0.0
1.47825664166
2.52944812723
0.258867922057
3.52097462311
2.67127752987
0.0
4.47112142302
3.40989710727
-0.0314539127118
0.258867922057
4.0169117007
5.65937173778
0.0
-0.0314539127118
2.8723591574
0.258867922057
2.35693924394
2.35693924394
1.45665308339
0.0
0.258867922057
1.45665308339
-0.0314539127118
0.258867922057
0.258867922057
4.01224498126
0.0
-0.0314539127118
2.35693924394
0.258867922057
0.258867922057
3.46734801976
3.52097462311
0.258867922057
0.0
3.52097462311
0.258867922057
-0.0314539127118
0.258867922057
0.258867922057
3.52097462311
0.0
-0.0314539127118
3.46734801976
0.258867922057
3.52097462311
2.65736164002
1.47825664166
1.47825664166
0.0
0.0
0.0
0.0
2.65803170655
2.65803170655
0.0
1.47825664166
0.0
2.65803170655
1.05525050774
1.47825664166
0.0
0.0
0.0
0.0
0.0
0.0
0.0
0.0
0.0
0.0
0.0
0.0
0.0
0.0
0.0
0.0
0.0
0.0
0.0
0.0
0.0
0.258867922057
0.258867922057
1.45665308339
0.0
0.258867922057
5.29243235454
-0.0314539127118
0.258867922057
0.258867922057
6.74171457741
0.0
-0.0314539127118
0.258867922057
0.258867922057
0.258867922057
2.52089831331
0.258867922057
0.0
0.0
2.52163044914
3.52097462311
0.258867922057
0.0
3.52097462311
0.258867922057
-0.0314539127118
0.258867922057
0.258867922057
7.26226598523
0.0
-0.0314539127118
2.52163044914
0.258867922057
3.52097462311
4.01224498126
6.12948101415
0.0
0.0
2.52089831331
4.59804761536
3.50163155289
0.258867922057
0.0
3.50163155289
0.258867922057
2.65803170655
3.29569822177
0.258867922057
6.54193355011
0.0
2.65803170655
3.46734801976
4.97054296193
0.258867922057
2.35693924394
3.46734801976
2.65803170655
0.0
0.258867922057
2.52163044914
6.02505152766
3.50163155289
0.258867922057
0.0
3.50163155289
0.258867922057
-0.0314539127118
0.258867922057
0.258867922057
4.01224498126
0.0
-0.0314539127118
4.87689762696
0.258867922057
2.83996363694
4.01224498126
3.46734801976
0.0
0.0
2.52089831331
4.01224498126
4.58301236937
1.901615776
3.40989710727
2.67127752987
0.0
4.47112142302
3.40989710727
1.47825664166
1.47825664166
1.88395990989
4.01224498126
0.0
1.47825664166
1.05525050774
2.58818279411
4.87636455629
4.01224498126
0.258867922057
1.47825664166
0.0
2.52089831331
4.01224498126
1.901615776
6.34752937895
0.0
3.52097462311
0.0
0.0
3.52097462311
0.0
0.0
0.0
0.0
3.52097462311
0.0
0.0
0.0
0.0
3.52097462311
0.0
5.09006560434
0.0
0.0
0.0
3.52097462311
0.0
3.83566619559
0.0
2.8412333706
6.59167247447
2.67127752987
0.0
3.50163155289
3.40989710727
1.47825664166
2.8412333706
1.88395990989
4.90602361857
0.0
1.47825664166
3.23016303709
2.8412333706
3.40989710727
2.52089831331
2.88105501423
1.47825664166
0.0
2.52089831331
4.70386505524
6.41926300777
4.58301236937
3.40989710727
0.0
0.0
0.0
0.0
0.0
0.0
0.0
0.0
0.0
0.0
0.0
0.0
0.0
0.0
0.0
0.0
0.0
0.0
0.0
0.0
0.0
0.0
0.0
0.0
0.0
0.0
0.0
2.75253889114
2.83996363694
0.258867922057
0.0
2.83996363694
0.258867922057
-0.0314539127118
0.258867922057
0.258867922057
2.83996363694
0.0
-0.0314539127118
1.80186789467
0.258867922057
2.83996363694
5.77688860222
6.66832223772
0.0
0.0
0.258867922057
5.17341645977
1.80186789467
2.83996363694
0.258867922057
2.83996363694
2.88105501423
0.0
3.29569822177
6.97019259002
0.258867922057
0.0
3.40989710727
3.40989710727
1.47825664166
3.29569822177
1.88395990989
4.90602361857
0.0
1.47825664166
2.52944812723
3.29569822177
3.40989710727
2.52089831331
0.258867922057
1.47825664166
0.0
2.52089831331
4.70386505524
4.25179587426
2.52089831331
3.40989710727
0.0
6.26553350544
0.0
0.258867922057
3.46734801976
3.23016303709
0.258867922057
0.0
3.23016303709
0.258867922057
2.65803170655
2.65803170655
0.258867922057
3.46734801976
0.0
2.65803170655
7.26759833287
1.47825664166
0.258867922057
2.52089831331
5.68437677434
7.27725571303
0.0
2.52089831331
2.52163044914
3.46734801976
3.46734801976
2.52089831331
3.2638231573
3.23016303709
0.0
2.88105501423
2.52089831331

Topic 9
Mean 2.47500741183
Median 2.58818279411
Sum 598.511438885
2.19139394082
0.0
0.0
3.29569822177
0.258867922057
0.0
4.25179587426
0.258867922057
0.0
6.53721708797
0.0
2.88105501423
0.0
0.0
0.0
1.901615776
3.2638231573
0.0
1.47825664166
1.47825664166
0.0
2.52944812723
0.258867922057
0.0
2.52944812723
2.52944812723
0.0
0.258867922057
3.68633587351
2.65736164002
0.0
0.258867922057
3.68633587351
0.0
1.88395990989
0.258867922057
0.0
0.0
0.0
0.0
0.0
0.0
0.0
0.0
0.0
2.19139394082
2.8723591574
0.0
0.0
0.0
0.0
0.0
0.0
0.0
0.0
1.901615776
5.45470099664
0.0
1.47825664166
1.47825664166
0.0
3.2638231573
0.258867922057
2.65736164002
0.0
0.0
3.29569822177
0.258867922057
0.0
3.29569822177
3.29569822177
0.0
0.258867922057
2.52944812723
0.258867922057
0.0
0.0
0.258867922057
0.0
0.0
0.0
0.0
0.0
0.0
0.0
0.0
0.0
0.0
0.0
0.0
0.0
0.258867922057
6.66832223772
0.0
0.258867922057
3.61429666102
2.88105501423
0.258867922057
0.258867922057
2.65736164002
0.0
0.0
2.83996363694
0.258867922057
0.0
2.58818279411
3.46734801976
0.0
1.47825664166
1.47825664166
0.0
1.901615776
0.258867922057
2.52163044914
0.0
0.0
1.901615776
0.258867922057
0.0
1.80186789467
3.68633587351
5.06036567366
0.0
1.47825664166
4.34968295362
2.75253889114
3.2638231573
0.258867922057
3.68633587351
0.0
0.0
3.2638231573
0.258867922057
0.0
2.75253889114
3.46734801976
2.58818279411
-0.0314539127118
0.0
1.47825664166
1.47825664166
0.0
1.901615776
0.0
-0.0314539127118
0.0
0.0
1.901615776
-0.0314539127118
0.0
-0.0314539127118
6.46674208164
1.901615776
2.67127752987
4.59215404346
0.0
2.52944812723
2.67127752987
0.0
4.29949985932
6.50275061462
4.030320622
0.0
0.0
7.07323365711
2.52944812723
0.0
2.65736164002
1.901615776
3.74236277852
1.901615776
0.0
2.99292963378
0.0
0.0
6.22720836867
0.0
0.0
0.0
0.0
0.0
0.0
5.99435281957
0.0
0.0
3.61429666102
0.0
4.24608529711
0.0
0.0
2.58818279411
3.46734801976
0.0
1.47825664166
5.15697821022
0.0
2.83769948638
0.258867922057
2.65736164002
0.0
2.19139394082
5.2134863777
0.258867922057
0.0
2.65736164002
3.46734801976
4.34968295362
2.58818279411
2.94156252171
0.0
0.258867922057
0.258867922057
0.0
0.258867922057
0.258867922057
0.0
1.88395990989
0.258867922057
1.88395990989
0.0
0.0
0.258867922057
0.258867922057
0.0
0.258867922057
0.258867922057
0.258867922057
-0.0314539127118
0.258867922057
0.0
1.88395990989
3.29569822177
2.52163044914
0.0
3.29569822177
3.29569822177
0.0
0.258867922057
2.52944812723
2.67127752987
0.0
0.0
1.80186789467
4.59804761536
0.0
1.80186789467
2.52163044914
5.50329216319
-0.0314539127118
2.67127752987
0.0
5.47514620348
0.258867922057
3.29569822177
3.46734801976
0.0
3.29569822177
3.29569822177
2.75253889114
2.83769948638
2.52944812723
2.52163044914
0.0
2.19139394082
2.83769948638
4.59804761536
0.0
2.75253889114
3.46734801976
3.46734801976
1.901615776
2.83769948638
0.0
3.46734801976
0.258867922057
6.35312213906
2.58818279411
0.0
0.0
1.47825664166
1.47825664166
0.0
1.901615776
0.0
0.0
0.0
0.0
1.901615776
0.0
0.0
0.0
2.58818279411
1.901615776
2.58818279411
1.901615776
0.0
2.58818279411
0.0
0.0
1.901615776
0.0
0.0
0.0
0.0
0.0
0.0
0.0
0.0
0.0
0.0
0.0
0.0
0.0
0.0
0.0
0.0
0.0
0.0
0.0
0.0
0.0
0.0
0.0
0.0
0.0
2.58818279411
3.46734801976
0.0
1.47825664166
1.47825664166
0.0
1.901615776
0.258867922057
2.52163044914
0.0
0.0
1.901615776
0.258867922057
0.0
1.80186789467
6.91603028538
3.46734801976
2.58818279411
1.901615776
0.0
3.46734801976
0.258867922057
2.52163044914
3.46734801976
6.00941700816
0.0
2.8412333706
3.46734801976
0.0
2.8412333706
2.8412333706
0.0
0.258867922057
2.52944812723
2.52163044914
0.0
0.0
1.80186789467
2.8412333706
0.0
1.80186789467
3.46734801976
5.45408296252
-0.0314539127118
2.52944812723
0.0
3.93610638673
0.258867922057
3.93610638673
3.46734801976
0.0
0.0
3.46734801976
2.67127752987
0.258867922057
0.0
2.65803170655
2.67127752987
0.0
4.29949985932
0.258867922057
4.030320622
0.0
0.0
1.47825664166
0.258867922057
0.0
0.258867922057
1.47825664166
2.67127752987
1.47825664166
4.29949985932
0.0
1.47825664166
0.258867922057
2.67127752987
1.47825664166
1.47825664166
0.0
1.47825664166
0.258867922057
2.58818279411
-0.0314539127118
0.0
1.47825664166
1.47825664166
0.0
2.83769948638
0.0
-0.0314539127118
0.0
0.0
2.83769948638
-0.0314539127118
0.0
-0.0314539127118
6.01630278466
3.74236277852
2.58818279411
3.74236277852
0.0
2.83769948638
-0.0314539127118
-0.0314539127118
2.83769948638
4.89624282101
0.0
6.01630278466
-0.0314539127118
1.47825664166

Topic 6
Mean 2.46744639124
Median 2.58818279411
Sum 568.97359117
0.0
0.0
0.0
2.52163044914
1.901615776
0.0
1.88395990989
0.0
0.0
0.258867922057
0.0
0.0
0.0
0.0
0.0
0.258867922057
1.47825664166
0.0
3.29569822177
0.258867922057
0.0
0.258867922057
0.0
0.0
0.258867922057
0.258867922057
0.0
0.258867922057
3.68633587351
2.58818279411
0.0
3.29569822177
0.258867922057
0.0
3.29569822177
0.258867922057
2.65736164002
0.0
0.0
2.75253889114
0.258867922057
0.0
0.258867922057
0.258867922057
0.258867922057
4.01224498126
1.901615776
0.0
3.29569822177
1.88395990989
0.0
3.29569822177
0.258867922057
4.25179587426
1.80186789467
2.52163044914
1.901615776
0.0
5.17095834295
1.88395990989
0.0
3.29569822177
0.258867922057
5.70609336725
2.83996363694
4.05787786643
-0.0314539127118
1.05525050774
0.0
2.75253889114
-0.0314539127118
0.0
1.05525050774
0.0
1.05525050774
2.75253889114
1.05525050774
3.50163155289
-0.0314539127118
2.58818279411
0.0
1.901615776
-0.0314539127118
0.0
1.47825664166
0.0
2.58818279411
-0.0314539127118
1.901615776
1.901615776
1.05525050774
2.65736164002
0.0
0.0
3.46734801976
0.258867922057
0.0
0.258867922057
0.258867922057
2.19139394082
6.66832223772
2.52163044914
3.52097462311
4.67426370585
-0.0314539127118
2.65736164002
0.0
0.0
3.29569822177
0.258867922057
0.0
6.53721708797
0.258867922057
3.29569822177
2.65736164002
3.29569822177
3.29569822177
-0.0314539127118
-0.0314539127118
2.94156252171
2.67127752987
2.58818279411
0.0
3.29569822177
1.88395990989
0.0
3.29569822177
5.19613229774
6.33280969599
0.258867922057
4.05787786643
7.25416421293
3.50163155289
2.58818279411
2.99292963378
3.29569822177
2.52163044914
0.0
0.0
3.32028419588
0.258867922057
0.0
0.258867922057
0.258867922057
0.258867922057
1.80186789467
2.52163044914
2.52163044914
0.0
-0.0314539127118
3.32028419588
2.52163044914
0.258867922057
-0.0314539127118
2.58818279411
0.0
1.901615776
-0.0314539127118
0.0
1.47825664166
0.0
2.58818279411
0.0
1.901615776
1.901615776
1.05525050774
2.58818279411
5.30998432343
-0.0314539127118
2.58818279411
0.0
0.258867922057
7.99153286752
0.0
3.29569822177
0.258867922057
0.0
3.29569822177
0.258867922057
5.70609336725
2.75253889114
3.29569822177
6.54796313718
8.25125672243
2.58818279411
4.67426370585
3.29569822177
3.50163155289
0.258867922057
2.58818279411
1.88395990989
0.0
0.0
3.29569822177
1.88395990989
0.0
3.29569822177
1.45665308339
5.70609336725
0.258867922057
4.05787786643
6.59167247447
4.58301236937
-0.0314539127118
0.258867922057
3.29569822177
6.59167247447
0.258867922057
0.0
6.54796313718
0.0
0.0
0.0
0.0
0.0
0.0
0.0
0.0
0.0
2.83996363694
0.0
3.52097462311
2.99292963378
0.0
5.09006560434
0.0
3.83566619559
0.0
0.0
2.99292963378
0.0
-0.0314539127118
2.58818279411
0.0
1.901615776
-0.0314539127118
0.0
1.47825664166
0.0
2.58818279411
-0.0314539127118
1.901615776
1.901615776
1.05525050774
2.58818279411
-0.0314539127118
-0.0314539127118
2.58818279411
-0.0314539127118
2.58818279411
2.58818279411
-0.0314539127118
0.0
0.0
0.0
0.0
0.0
0.0
0.0
0.0
0.0
0.0
0.0
0.0
0.0
0.0
0.0
0.0
0.0
0.0
0.0
0.0
0.0
0.0
0.0
0.0
2.67127752987
0.0
0.0
6.35312213906
0.258867922057
0.0
3.29569822177
0.258867922057
3.29569822177
1.80186789467
3.29569822177
3.29569822177
-0.0314539127118
-0.0314539127118
2.52163044914
3.93610638673
5.50329216319
2.52163044914
-0.0314539127118
3.29569822177
3.29569822177
0.0
-0.0314539127118
0.0
0.0
0.0
0.0
0.0
0.0
0.0
0.0
0.0
0.0
0.0
0.0
0.0
0.0
0.0
0.0
0.0
0.0
0.0
0.0
0.0
0.0
0.0
0.0
0.0
0.0
0.258867922057
0.0
0.0
4.59804761536
0.258867922057
0.0
3.29569822177
0.258867922057
3.29569822177
0.258867922057
3.29569822177
3.29569822177
-0.0314539127118
-0.0314539127118
0.258867922057
3.29569822177
3.29569822177
0.258867922057
-0.0314539127118
3.29569822177
3.29569822177
0.0
-0.0314539127118
0.0
4.59804761536
0.0
0.258867922057
1.901615776
0.0
3.29569822177
0.258867922057
0.0
3.29569822177
0.258867922057
4.25179587426
0.258867922057
7.14244320061
3.74236277852
5.46507004286
1.901615776
0.258867922057
3.29569822177
3.50163155289
0.258867922057
1.901615776
5.46507004286
3.50163155289
0.0
1.901615776
0.0
3.29569822177
0.0
3.29569822177
2.67127752987
0.0
0.0
0.258867922057
0.258867922057
0.0
0.258867922057
1.45665308339
2.67127752987
0.258867922057
2.67127752987
0.258867922057
-0.0314539127118
-0.0314539127118
0.258867922057
0.258867922057
2.67127752987
0.258867922057
-0.0314539127118
0.258867922057
1.45665308339
0.0
-0.0314539127118
0.0
2.67127752987
0.0
0.258867922057
0.258867922057
0.0
0.0
0.0
0.0
0.0
0.0
0.0
0.0
0.0
0.0
0.0
0.0
0.0
0.0
0.0
0.0
0.0
0.0
0.0
0.0
0.0
0.0
0.0
0.0
0.0
0.0
0.0
0.0
0.0

Topic 3
Mean 2.35037846514
Median 2.52553928818
Sum 643.657706408
0.0
0.0
0.0
0.0
0.0
0.0
0.0
2.4073371456
0.0
0.0
0.0
0.258867922057
0.0
0.0
1.88395990989
0.0
3.29569822177
0.0
0.0
0.258867922057
0.258867922057
0.0
0.0
0.0
0.0
0.0
0.0
0.0
0.0
4.87841428675
0.0
0.0
0.258867922057
0.258867922057
2.8412333706
0.0
0.0
2.4073371456
0.0
0.0
4.70386505524
0.258867922057
0.258867922057
0.0
0.258867922057
0.0
4.25179587426
0.0
0.0
1.901615776
1.88395990989
3.29569822177
0.0
2.8412333706
2.65736164002
0.0
2.52944812723
0.0
0.0
2.52089831331
0.258867922057
2.52944812723
3.2638231573
2.52944812723
4.36773432198
2.52944812723
0.0
2.58818279411
0.0
0.0
3.40989710727
1.88395990989
0.258867922057
0.0
1.45665308339
0.258867922057
1.901615776
1.05525050774
0.0
3.68633587351
0.0
0.0
2.52163044914
0.258867922057
0.258867922057
0.0
0.258867922057
4.01224498126
1.80186789467
4.76291215958
0.258867922057
0.0
0.258867922057
0.0
0.0
4.05787786643
1.88395990989
0.258867922057
0.0
0.258867922057
0.258867922057
1.88395990989
0.258867922057
5.56213475743
0.258867922057
0.0
0.0
0.0
0.0
3.32028419588
0.0
0.0
0.0
0.0
0.0
0.0
0.0
0.0
0.0
3.32028419588
0.0
1.901615776
0.0
0.0
1.901615776
0.258867922057
0.258867922057
0.0
0.258867922057
2.65736164002
4.97351384001
2.8723591574
1.901615776
1.80186789467
0.258867922057
5.56657835182
0.0
2.58818279411
0.0
0.0
1.901615776
-0.0314539127118
-0.0314539127118
0.0
-0.0314539127118
-0.0314539127118
1.901615776
1.05525050774
2.58818279411
-0.0314539127118
-0.0314539127118
0.0
1.901615776
0.0
0.258867922057
0.0
0.0
3.40989710727
1.88395990989
0.258867922057
0.0
0.258867922057
2.65736164002
2.65736164002
2.35693924394
4.47112142302
2.52163044914
4.47112142302
0.0
2.65736164002
-0.0314539127118
0.0
2.19139394082
0.0
0.0
3.46734801976
0.258867922057
0.258867922057
5.09006560434
0.258867922057
2.65736164002
4.97351384001
3.2638231573
0.258867922057
2.52163044914
4.80226415306
3.32028419588
6.08747236257
-0.0314539127118
2.65736164002
0.0
0.258867922057
0.0
0.0
0.258867922057
0.258867922057
0.258867922057
0.0
1.45665308339
0.258867922057
1.83162575173
0.258867922057
1.45665308339
0.258867922057
0.258867922057
0.0
0.258867922057
0.0
0.258867922057
0.258867922057
0.0
0.0
0.0
0.0
0.0
0.0
0.0
0.0
0.0
0.0
0.0
0.0
0.0
0.0
0.0
0.0
0.0
0.0
0.0
0.0
0.0
0.0
2.52944812723
0.0
0.0
2.4073371456
0.258867922057
2.52944812723
2.83996363694
2.52944812723
2.4073371456
5.10439641431
2.52944812723
1.05525050774
0.258867922057
0.258867922057
0.0
1.05525050774
1.05525050774
0.258867922057
3.98589350794
0.258867922057
0.0
0.0
3.29569822177
0.0
0.0
3.46734801976
0.258867922057
4.8033867767
0.0
2.8412333706
2.65736164002
3.29569822177
2.52944812723
0.258867922057
4.67476355543
0.258867922057
0.0
2.94156252171
-0.0314539127118
2.65736164002
3.46734801976
0.258867922057
0.0
2.52944812723
0.0
2.67127752987
0.0
0.0
4.05787786643
1.88395990989
0.258867922057
0.0
0.258867922057
0.258867922057
1.88395990989
0.258867922057
3.40989710727
2.67127752987
5.26165026291
3.32028419588
0.258867922057
-0.0314539127118
3.40989710727
4.80226415306
0.258867922057
0.0
0.258867922057
0.258867922057
0.0
3.29569822177
0.0
0.0
4.05787786643
1.88395990989
3.29569822177
0.0
2.8412333706
2.52089831331
3.29569822177
2.52944812723
3.40989710727
2.52089831331
4.05787786643
0.0
1.901615776
1.901615776
3.40989710727
0.258867922057
0.258867922057
0.0
2.52944812723
3.29569822177
4.05787786643
0.0
2.4073371456
0.0
0.0
4.80335301107
0.258867922057
0.258867922057
0.0
0.258867922057
2.52163044914
1.80186789467
2.8723591574
4.99065912401
6.66842972727
0.258867922057
0.0
2.8723591574
-0.0314539127118
2.52163044914
6.63432437473
0.258867922057
0.0
2.4073371456
4.67476355543
0.258867922057
0.258867922057
0.0
6.62049699593
0.0
0.0
4.44164224497
0.258867922057
0.258867922057
5.09006560434
1.45665308339
2.65736164002
2.65736164002
2.8723591574
1.901615776
3.68633587351
0.258867922057
0.0
2.8723591574
1.901615776
5.07448871887
5.94035693454
1.45665308339
0.0
2.83996363694
3.46734801976
4.030320622
2.83769948638
2.8723591574
0.0
3.68633587351
0.0
0.0
3.46734801976
0.258867922057
0.258867922057
0.0
0.258867922057
2.65736164002
2.65736164002
4.34968295362
1.05525050774
3.68633587351
0.258867922057
0.0
2.65736164002
1.05525050774
5.07448871887
3.46734801976
0.258867922057
0.0
1.05525050774
7.0496898976
2.67127752987
1.05525050774
2.52163044914
5.07448871887
0.0
3.68633587351
0.0
0.0
6.70352506916
1.88395990989
2.8412333706
0.0
2.8412333706
4.70386505524
2.8412333706
2.52944812723
3.40989710727
3.68633587351
5.26165026291
6.28024771068
1.901615776
2.46487936388
3.40989710727
2.88105501423
0.258867922057
0.0
2.52944812723
2.8412333706
5.26165026291
7.98718995179
3.23016303709
7.48192699003
3.68633587351

Topic 1
Mean 2.28743013569
Median 1.901615776
Sum 532.405051187
0.0
0.0
2.52163044914
0.0
1.45665308339
0.258867922057
0.0
2.61620369493
0.258867922057
0.258867922057
0.0
0.0
0.0
0.0
0.0
0.0
1.901615776
1.47825664166
0.0
0.0
0.0
0.0
0.0
0.0
0.0
0.0
0.0
0.0
0.0
2.43221116349
0.258867922057
1.45665308339
5.56213475743
0.0
0.0
0.0
0.0
3.74236277852
3.46734801976
1.45665308339
3.50163155289
0.0
1.901615776
0.0
1.45665308339
0.0
4.26844152781
3.0438081324
3.90568410763
2.83996363694
0.0
1.47825664166
0.0
1.45665308339
5.54715792378
0.0
2.83769948638
1.47825664166
-0.0314539127118
-0.0314539127118
0.0
1.901615776
0.0
-0.0314539127118
5.2134863777
1.47825664166
0.0
0.258867922057
0.258867922057
0.258867922057
0.258867922057
0.0
0.0
0.0
0.258867922057
3.68633587351
0.258867922057
0.0
0.0
0.258867922057
0.258867922057
0.258867922057
0.258867922057
0.0
0.0
0.0
0.258867922057
2.8412333706
2.52944812723
-0.0314539127118
0.258867922057
0.0
0.0
0.0
0.0
0.0
0.0
0.0
0.0
0.0
0.0
0.0
0.0
0.0
0.0
0.0
4.56834585101
1.47825664166
0.258867922057
3.50163155289
0.0
2.46487936388
0.0
5.26165026291
6.79853690686
2.52944812723
2.83769948638
3.68633587351
2.8412333706
0.0
0.0
2.4073371456
1.47825664166
0.258867922057
2.4073371456
0.0
2.58818279411
0.0
0.258867922057
6.72654899473
2.52944812723
1.901615776
3.68633587351
3.29569822177
0.0
3.68633587351
0.0
4.56834585101
3.46734801976
0.258867922057
3.40989710727
0.0
1.901615776
0.0
4.05787786643
3.74236277852
2.52163044914
2.83769948638
0.258867922057
0.258867922057
0.0
6.70352506916
2.4073371456
0.0
5.61470777554
3.46734801976
0.258867922057
2.83996363694
0.0
1.47825664166
0.0
0.258867922057
5.45408296252
2.83996363694
1.47825664166
2.67127752987
0.258867922057
0.0
4.54804671427
2.67127752987
3.46734801976
0.0
2.19139394082
0.0
0.0
4.94158870798
0.0
0.0
0.0
0.0
4.67426370585
3.52097462311
0.0
0.0
0.0
0.0
0.0
2.19139394082
2.19139394082
3.31029155092
0.0
4.56834585101
1.47825664166
0.258867922057
3.50163155289
0.0
1.901615776
0.0
0.258867922057
3.74236277852
2.52944812723
2.83769948638
0.258867922057
3.29569822177
0.0
7.46599377392
4.25179587426
4.56834585101
1.47825664166
0.0
0.0
6.57230158638
3.08315141329
1.45665308339
3.40989710727
0.0
1.47825664166
0.0
4.05787786643
6.04500794652
4.57202000732
1.47825664166
2.67127752987
0.258867922057
0.0
4.79430379079
2.67127752987
5.87477909224
2.99292963378
2.99292963378
4.36113548286
0.0
1.901615776
1.47825664166
-0.0314539127118
-0.0314539127118
0.0
2.58818279411
0.0
-0.0314539127118
1.901615776
1.47825664166
1.901615776
0.0
-0.0314539127118
0.0
2.46487936388
2.58818279411
1.901615776
1.47825664166
0.0
1.901615776
1.47825664166
0.0
0.0
0.0
0.0
0.0
0.0
0.0
0.0
0.0
0.0
0.0
0.0
0.0
0.0
0.0
0.0
0.0
0.0
0.0
0.0
0.0
0.0
0.0
0.0
0.258867922057
0.258867922057
0.258867922057
1.88395990989
0.0
0.0
0.0
1.88395990989
0.258867922057
0.258867922057
-0.0314539127118
0.258867922057
0.258867922057
0.0
1.88395990989
0.258867922057
1.88395990989
0.258867922057
0.0
0.258867922057
1.88395990989
-0.0314539127118
0.0
0.0
1.901615776
1.47825664166
0.258867922057
0.258867922057
0.0
2.58818279411
0.0
0.258867922057
2.67127752987
1.47825664166
1.901615776
2.67127752987
0.258867922057
0.0
2.67127752987
2.67127752987
1.901615776
4.10812273735
0.0
1.901615776
2.67127752987
2.58818279411
0.0
0.258867922057
0.0
4.26844152781
2.52163044914
1.45665308339
0.258867922057
0.0
1.05525050774
0.0
1.45665308339
4.36773432198
4.57202000732
1.05525050774
2.67127752987
0.258867922057
0.0
2.88105501423
2.67127752987
2.52163044914
7.07547469554
0.0
1.05525050774
6.63791597519
1.05525050774
0.0
0.258867922057
4.10812273735
0.0
1.45665308339
0.258867922057
3.90568410763
0.258867922057
0.0
0.0
0.0
1.45665308339
1.45665308339
3.90568410763
-0.0314539127118
0.258867922057
0.258867922057
0.0
0.258867922057
0.258867922057
0.258867922057
0.258867922057
0.0
0.258867922057
1.45665308339
-0.0314539127118
0.0
0.258867922057
0.258867922057
1.45665308339
0.0
0.0
0.0
0.0
0.0
0.0
0.0
0.0
0.0
0.0
0.0
0.0
0.0
0.0
0.0
0.0
0.0
0.0
0.0
0.0
0.0
0.0
0.0
0.0
0.0
0.0
0.0
0.0
0.0
4.56834585101
1.47825664166
-0.0314539127118
-0.0314539127118
0.0
2.58818279411
0.0
-0.0314539127118
3.74236277852
1.47825664166
2.83769948638
0.0
-0.0314539127118
0.0
4.56834585101
2.58818279411
4.56834585101
1.47825664166
0.0
4.56834585101
1.47825664166
4.72507767841
0.0
-0.0314539127118
2.58818279411
1.05525050774
-0.0314539127118
0.0

Topic 8
Mean 2.16409324629
Median 1.901615776
Sum 751.877747114
-0.0314539127118
0.258867922057
1.47825664166
0.258867922057
-0.0314539127118
3.29569822177
1.45665308339
-0.0314539127118
2.8412333706
2.8412333706
0.258867922057
0.0
0.258867922057
2.52163044914
0.258867922057
0.0
1.901615776
1.47825664166
0.0
0.0
0.0
0.258867922057
1.47825664166
6.53721708797
6.15677572861
2.8412333706
0.258867922057
1.47825664166
5.17001188122
1.901615776
1.47825664166
0.258867922057
1.45665308339
0.258867922057
2.46487936388
2.67127752987
-0.0314539127118
1.901615776
4.243752572
-0.0314539127118
-0.0314539127118
-0.0314539127118
1.901615776
4.243752572
6.37318935563
0.258867922057
2.83769948638
7.57668521299
4.25179587426
2.8412333706
4.36773432198
1.901615776
6.43554254664
2.67127752987
4.243752572
0.258867922057
1.901615776
1.47825664166
1.80186789467
0.258867922057
2.65736164002
2.55832286293
2.67127752987
8.36572680165
6.37318935563
2.67127752987
0.0
0.0
0.0
0.0
0.0
0.0
0.0
0.0
0.0
0.0
0.0
0.0
0.258867922057
-0.0314539127118
0.258867922057
2.52163044914
0.258867922057
5.2214690851
0.0
3.68633587351
2.67127752987
-0.0314539127118
3.68633587351
2.67127752987
0.0
0.258867922057
-0.0314539127118
0.258867922057
0.258867922057
0.258867922057
0.258867922057
0.0
0.258867922057
1.88395990989
-0.0314539127118
0.258867922057
1.88395990989
0.0
1.88395990989
0.258867922057
1.47825664166
4.243752572
5.363216687
2.8412333706
0.258867922057
1.47825664166
6.75609151219
1.47825664166
4.243752572
6.43554254664
1.47825664166
0.0
0.258867922057
0.258867922057
0.258867922057
1.47825664166
3.29569822177
5.69538245655
2.8412333706
2.65736164002
1.47825664166
5.69538245655
1.47825664166
3.08315141329
4.25179587426
2.65736164002
0.0
2.65736164002
0.258867922057
4.25179587426
0.258867922057
1.47825664166
2.77189465128
0.258867922057
0.258867922057
0.258867922057
1.47825664166
2.77189465128
1.88395990989
2.77189465128
2.77189465128
1.88395990989
0.0
1.88395990989
1.88395990989
4.57850434902
2.77189465128
1.45665308339
-0.0314539127118
0.258867922057
0.258867922057
3.07502873886
0.258867922057
0.0
0.258867922057
1.45665308339
-0.0314539127118
0.258867922057
0.258867922057
0.0
0.258867922057
0.258867922057
0.258867922057
0.258867922057
0.258867922057
-0.0314539127118
1.901615776
1.47825664166
-0.0314539127118
-0.0314539127118
-0.0314539127118
2.58818279411
1.47825664166
2.46487936388
1.901615776
1.901615776
2.55832286293
0.0
-0.0314539127118
-0.0314539127118
1.47825664166
1.47825664166
1.47825664166
-0.0314539127118
0.258867922057
2.99292963378
2.65803170655
0.258867922057
0.258867922057
0.258867922057
2.55832286293
2.65803170655
4.36113548286
2.65803170655
2.83769948638
7.4922787148
0.0
1.88395990989
1.88395990989
2.65803170655
2.65803170655
2.65803170655
0.258867922057
2.55832286293
0.258867922057
1.901615776
1.47825664166
2.35693924394
0.258867922057
4.36773432198
2.58818279411
1.47825664166
2.46487936388
1.901615776
4.36773432198
2.55832286293
0.0
2.35693924394
0.258867922057
1.47825664166
1.80186789467
1.47825664166
0.258867922057
2.58818279411
2.55832286293
-0.0314539127118
1.901615776
1.47825664166
-0.0314539127118
-0.0314539127118
-0.0314539127118
2.58818279411
1.47825664166
2.46487936388
1.901615776
1.901615776
2.55832286293
0.0
-0.0314539127118
-0.0314539127118
1.47825664166
1.47825664166
1.47825664166
-0.0314539127118
2.58818279411
2.55832286293
2.58818279411
0.258867922057
0.0
0.258867922057
2.52163044914
0.258867922057
7.02034109264
0.0
0.258867922057
0.258867922057
-0.0314539127118
2.52163044914
1.80186789467
0.0
5.2214690851
0.258867922057
0.258867922057
1.80186789467
0.258867922057
0.258867922057
-0.0314539127118
0.258867922057
2.35693924394
-0.0314539127118
0.258867922057
4.87689762696
2.52944812723
6.15771662112
2.52944812723
2.52163044914
1.05525050774
5.47389731506
1.05525050774
1.05525050774
4.34968295362
3.23016303709
0.0
2.52163044914
0.258867922057
5.363216687
2.52944812723
1.05525050774
0.258867922057
1.05525050774
1.05525050774
2.35693924394
1.05525050774
5.92213544768
-0.0314539127118
2.99292963378
1.47825664166
-0.0314539127118
-0.0314539127118
0.0
1.901615776
1.47825664166
6.4081510606
1.901615776
2.83769948638
1.901615776
0.0
-0.0314539127118
-0.0314539127118
1.47825664166
1.47825664166
1.47825664166
-0.0314539127118
1.901615776
3.74236277852
1.901615776
1.901615776
0.0
1.05525050774
0.258867922057
0.0
2.52944812723
2.52944812723
2.52944812723
0.258867922057
0.0
2.52944812723
0.258867922057
0.0
2.52944812723
0.258867922057
0.0
0.258867922057
0.258867922057
2.52944812723
2.52944812723
0.258867922057
0.258867922057
0.0
0.258867922057
0.258867922057
0.0
0.258867922057
2.52944812723
0.0
0.258867922057
2.99292963378
0.258867922057
2.52163044914
0.258867922057
2.65736164002
0.0
0.258867922057
2.88105501423
-0.0314539127118
2.52163044914
6.72807817934
0.0
2.65736164002
0.258867922057
0.258867922057
4.97351384001
0.258867922057
0.258867922057
-0.0314539127118
2.99292963378
2.35693924394
-0.0314539127118
3.46734801976
3.46734801976
4.67426370585
0.258867922057
1.45665308339
2.99292963378
2.8412333706
2.8412333706
2.8412333706
7.01034087063
1.901615776
4.34968295362
2.88105501423
1.901615776
7.31143187056
3.50163155289
0.0
3.68633587351
0.258867922057
2.8412333706
2.94156252171
1.47825664166
1.45665308339
1.901615776
3.74236277852
4.36773432198
1.901615776
3.46734801976
5.45408296252
4.67426370585
2.52944812723
7.67146049203
0.258867922057
1.901615776
1.47825664166
0.258867922057
0.258867922057
0.258867922057
2.46487936388
2.67127752987
6.78527272743
1.901615776
2.67127752987
6.78527272743
0.0
2.67127752987
0.258867922057
1.47825664166
1.47825664166
1.47825664166
0.258867922057
2.46487936388
4.36113548286
2.46487936388
2.46487936388
0.258867922057
1.05525050774
1.901615776
0.258867922057
0.258867922057
2.67127752987

Topic 4
Mean 2.16121012431
Median 1.88395990989
Sum 792.943938233
0.258867922057
0.258867922057
1.88395990989
0.258867922057
1.88395990989
2.67127752987
-0.0314539127118
-0.0314539127118
1.47825664166
1.901615776
2.8412333706
0.258867922057
1.47825664166
1.47825664166
1.47825664166
1.45665308339
0.258867922057
7.07547469554
2.67127752987
1.05525050774
1.05525050774
0.0
0.0
0.0
0.0
0.0
0.0
0.0
3.07502873886
0.258867922057
0.258867922057
0.258867922057
-0.0314539127118
0.258867922057
1.45665308339
0.0
2.52944812723
0.258867922057
2.8723591574
1.05525050774
4.87689762696
2.52944812723
4.34968295362
0.0
0.258867922057
0.258867922057
0.258867922057
2.67127752987
5.64691806841
5.22977482363
1.47825664166
2.67127752987
0.0
0.258867922057
4.87689762696
1.45665308339
0.258867922057
0.258867922057
0.258867922057
-0.0314539127118
0.258867922057
1.45665308339
0.0
1.45665308339
0.258867922057
0.258867922057
3.07502873886
0.258867922057
0.258867922057
0.258867922057
-0.0314539127118
0.258867922057
1.45665308339
0.0
3.80442387549
0.258867922057
0.258867922057
1.45665308339
1.45665308339
1.88395990989
6.13974769993
4.030320622
2.83769948638
1.47825664166
5.81805913704
0.0
1.45665308339
2.8723591574
4.030320622
1.83162575173
1.45665308339
3.07502873886
0.258867922057
6.73641076022
2.67127752987
2.99292963378
1.47825664166
5.81805913704
0.0
3.07502873886
3.46734801976
2.99292963378
1.45665308339
3.07502873886
5.81805913704
2.8412333706
0.258867922057
2.52163044914
0.258867922057
-0.0314539127118
6.53721708797
2.52163044914
0.0
0.258867922057
3.93610638673
2.94156252171
0.258867922057
0.258867922057
2.94156252171
2.65736164002
1.45665308339
0.258867922057
2.52163044914
2.52089831331
2.83769948638
1.47825664166
5.19613229774
0.0
1.45665308339
4.67476355543
2.83769948638
1.45665308339
1.45665308339
5.2134863777
3.46734801976
3.93610638673
0.258867922057
0.258867922057
2.88105501423
4.030320622
0.0
0.258867922057
2.88105501423
0.0
0.258867922057
2.8723591574
4.030320622
0.258867922057
0.258867922057
4.030320622
2.88105501423
0.258867922057
0.258867922057
1.45665308339
0.258867922057
0.258867922057
0.258867922057
0.0
0.258867922057
5.19613229774
0.0
1.45665308339
0.258867922057
0.258867922057
1.83162575173
1.45665308339
2.47105743788
1.45665308339
0.258867922057
5.19613229774
0.258867922057
0.0
0.0
1.47825664166
2.58818279411
1.901615776
1.47825664166
1.05525050774
0.0
0.0
1.05525050774
2.58818279411
0.0
0.0
2.58818279411
1.47825664166
0.0
1.901615776
0.0
0.0
0.258867922057
1.88395990989
1.88395990989
1.901615776
2.83769948638
1.47825664166
1.05525050774
0.0
0.258867922057
1.05525050774
2.83769948638
0.258867922057
0.258867922057
3.2638231573
1.47825664166
0.258867922057
2.83769948638
0.258867922057
0.258867922057
1.901615776
2.8412333706
0.258867922057
4.10812273735
2.67127752987
2.83769948638
3.29569822177
4.34968295362
0.0
0.258867922057
6.91938829073
2.83769948638
0.258867922057
0.258867922057
4.10812273735
4.10812273735
3.29569822177
2.83769948638
2.67127752987
0.258867922057
1.901615776
2.83769948638
2.8412333706
0.258867922057
2.75253889114
1.901615776
4.87689762696
3.29569822177
2.75253889114
0.0
0.258867922057
6.15771662112
4.87689762696
0.258867922057
0.258867922057
2.83769948638
3.46734801976
3.29569822177
3.46734801976
0.258867922057
0.258867922057
1.901615776
2.83769948638
3.29569822177
3.07502873886
0.258867922057
0.258867922057
0.258867922057
-0.0314539127118
0.258867922057
1.45665308339
0.0
3.80442387549
0.258867922057
0.258867922057
1.45665308339
3.90568410763
1.45665308339
3.07502873886
0.258867922057
1.45665308339
0.258867922057
1.45665308339
0.0
0.258867922057
0.258867922057
0.258867922057
1.45665308339
0.258867922057
4.36773432198
2.67127752987
2.83769948638
2.65803170655
4.36773432198
0.0
1.45665308339
3.46734801976
4.59215404346
1.45665308339
1.45665308339
2.94156252171
6.54471428897
2.94156252171
3.46734801976
2.8723591574
1.45665308339
2.58818279411
2.83769948638
7.36057719164
3.46734801976
1.45665308339
0.258867922057
0.258867922057
2.52163044914
2.52089831331
0.0
0.258867922057
2.52163044914
0.0
0.258867922057
3.46734801976
3.87003026464
0.258867922057
0.258867922057
7.8407399166
6.96120001929
2.52163044914
7.25841261757
0.258867922057
0.258867922057
0.0
3.2638231573
0.258867922057
3.46734801976
0.258867922057
3.46734801976
0.258867922057
1.88395990989
6.55160139222
1.901615776
2.99292963378
1.47825664166
4.57202000732
0.0
0.258867922057
2.8723591574
2.99292963378
0.258867922057
0.258867922057
4.57202000732
8.52623357716
2.52163044914
2.83769948638
2.88105501423
0.258867922057
1.901615776
3.32445195189
3.74236277852
2.83769948638
0.258867922057
2.8723591574
2.52163044914
0.0
0.0
3.52097462311
0.0
3.64276707503
0.0
0.0
0.0
0.0
0.0
3.64276707503
0.0
0.0
3.52097462311
2.99292963378
0.0
0.0
2.83996363694
0.0
0.0
3.2638231573
0.0
0.0
0.0
0.0
3.2638231573
2.99292963378
2.8412333706
0.258867922057
1.47825664166
1.47825664166
1.47825664166
4.243752572
1.05525050774
0.0
0.258867922057
5.363216687
1.47825664166
0.258867922057
0.258867922057
1.47825664166
1.47825664166
3.29569822177
1.47825664166
0.258867922057
0.258867922057
1.47825664166
1.47825664166
3.29569822177
5.363216687
0.258867922057
2.65803170655
0.258867922057
1.47825664166
0.0
0.258867922057
0.258867922057
4.10812273735
2.67127752987
2.83769948638
1.47825664166
4.34968295362
0.0
0.258867922057
6.91938829073
2.83769948638
0.258867922057
0.258867922057
4.10812273735
4.10812273735
0.258867922057
2.83769948638
2.67127752987
0.258867922057
2.58818279411
2.83769948638
8.92429780106
2.83769948638
0.258867922057
2.83769948638
0.258867922057
3.74236277852
0.0
1.47825664166

Topic 2
Mean 2.01235358849
Median 1.88395990989
Sum 647.757678106
3.52097462311
0.258867922057
6.47065149922
1.88395990989
4.0169117007
0.258867922057
0.258867922057
0.258867922057
1.45665308339
0.258867922057
3.23016303709
0.258867922057
0.258867922057
0.258867922057
0.258867922057
3.29569822177
0.258867922057
0.258867922057
0.258867922057
0.258867922057
2.65803170655
0.258867922057
0.258867922057
5.29243235454
0.258867922057
1.83162575173
2.52089831331
0.258867922057
6.62453422756
4.10812273735
4.10812273735
1.88395990989
0.258867922057
4.57202000732
1.47825664166
0.258867922057
0.0
0.0
0.0
0.0
0.0
0.0
0.0
0.0
0.0
5.17095834295
0.258867922057
0.258867922057
0.258867922057
0.258867922057
3.46734801976
3.29569822177
0.258867922057
2.75253889114
0.0
4.05787786643
6.45094695241
4.030320622
1.88395990989
0.258867922057
3.46734801976
2.8412333706
0.258867922057
2.67127752987
0.0
3.46734801976
1.901615776
1.88395990989
0.258867922057
1.88395990989
0.258867922057
2.65803170655
2.77189465128
0.258867922057
4.92320565668
0.0
1.901615776
1.88395990989
1.901615776
0.258867922057
0.258867922057
0.258867922057
0.258867922057
1.80186789467
1.47825664166
0.258867922057
1.80186789467
0.0
1.901615776
1.80186789467
2.58818279411
4.05787786643
3.40989710727
2.67127752987
1.88395990989
0.258867922057
5.6320668157
1.47825664166
2.52089831331
6.64990499371
0.0
3.46734801976
5.87477909224
1.901615776
2.65736164002
0.258867922057
0.258867922057
1.45665308339
0.258867922057
1.45665308339
0.258867922057
0.258867922057
1.45665308339
0.258867922057
0.0
0.258867922057
0.258867922057
0.258867922057
0.258867922057
0.258867922057
0.258867922057
0.258867922057
1.45665308339
0.258867922057
1.45665308339
0.258867922057
0.258867922057
1.45665308339
0.258867922057
0.0
0.258867922057
0.258867922057
0.258867922057
0.258867922057
0.258867922057
3.07502873886
0.0
0.0
0.0
0.0
0.0
0.0
0.0
0.0
0.0
0.0
0.0
0.0
0.0
0.0
0.0
0.0
0.0
3.74236277852
4.10812273735
4.10812273735
1.88395990989
0.258867922057
2.88105501423
1.47825664166
0.258867922057
4.92320565668
0.0
4.57272676128
3.68633587351
4.92320565668
2.65736164002
6.77799982194
0.258867922057
0.258867922057
0.0
2.8412333706
0.258867922057
1.45665308339
0.258867922057
1.45665308339
0.258867922057
2.8412333706
1.45665308339
0.258867922057
0.0
2.8412333706
2.8412333706
0.258867922057
0.258867922057
0.258867922057
3.07502873886
3.07502873886
0.0
0.258867922057
0.0
0.0
0.0
0.0
0.0
0.0
0.0
0.0
0.0
0.0
0.0
0.0
0.0
0.0
0.0
0.0
0.0
0.0
0.0
0.0
6.97019259002
3.40989710727
0.258867922057
1.88395990989
0.258867922057
2.52089831331
3.29569822177
2.52089831331
1.88395990989
0.0
3.29569822177
4.05787786643
2.58818279411
4.80476727432
4.4755190297
0.258867922057
0.258867922057
0.0
2.83769948638
2.8412333706
0.0
0.258867922057
0.258867922057
1.45665308339
0.258867922057
1.45665308339
0.258867922057
0.258867922057
1.45665308339
0.258867922057
0.0
0.258867922057
0.258867922057
0.258867922057
0.258867922057
0.258867922057
3.07502873886
3.80442387549
0.0
0.258867922057
3.07502873886
0.0
0.258867922057
5.17095834295
2.8723591574
0.258867922057
0.258867922057
0.258867922057
7.26759833287
2.52944812723
0.258867922057
2.8723591574
0.0
6.15771662112
3.46734801976
1.05525050774
1.80186789467
3.93610638673
0.258867922057
0.258867922057
0.0
2.4073371456
2.52944812723
0.0
2.52944812723
0.258867922057
6.62453422756
2.67127752987
2.67127752987
0.258867922057
0.258867922057
4.34968295362
1.47825664166
0.258867922057
6.62453422756
0.0
2.19139394082
4.85330544807
1.47825664166
1.47825664166
4.85330544807
0.258867922057
0.258867922057
0.0
3.68633587351
0.258867922057
0.0
1.47825664166
0.258867922057
4.34968295362
3.29569822177
0.258867922057
0.258867922057
0.258867922057
0.258867922057
1.47825664166
3.29569822177
0.258867922057
1.47825664166
0.0
5.363216687
2.8412333706
2.58818279411
2.58818279411
1.901615776
0.258867922057
0.258867922057
0.0
1.901615776
2.8412333706
0.0
4.25179587426
0.258867922057
5.363216687
1.47825664166
2.83769948638
0.0
-0.0314539127118
-0.0314539127118
0.0
2.75253889114
4.243752572
-0.0314539127118
2.75253889114
0.0
2.83769948638
0.0
2.77189465128
1.901615776
2.83769948638
-0.0314539127118
-0.0314539127118
0.0
2.83769948638
-0.0314539127118
0.0
2.83769948638
-0.0314539127118
1.05525050774
1.47825664166
1.901615776
3.52097462311
3.52097462311
0.0
0.0
0.0
3.2638231573
0.0
0.0
3.52097462311
0.0
0.0
3.2638231573
0.0
0.0
3.2638231573
0.0
0.0
0.0
2.99292963378
0.0
0.0
0.0
0.0
0.0
0.0
0.0
0.0
2.52944812723
0.258867922057
0.258867922057
0.258867922057
0.258867922057
2.65803170655
3.08315141329
0.258867922057
1.80186789467
0.0
2.52944812723
2.52944812723
4.57850434902
2.65736164002
2.65736164002
0.258867922057
0.258867922057
0.0
2.65736164002
2.52944812723
0.0
2.52944812723
0.258867922057
2.52944812723
1.47825664166
2.52944812723
3.08315141329
0.0
2.52944812723
2.67127752987
2.67127752987
0.258867922057
0.258867922057
4.34968295362
2.52944812723
0.258867922057
7.83049405172
0.0
2.52944812723
4.85330544807
1.47825664166
1.80186789467
6.90738806576
0.258867922057
0.258867922057
0.0
3.68633587351
2.52944812723
0.0
2.52944812723
0.258867922057
4.34968295362
4.85330544807
2.52944812723
1.47825664166
0.0
2.52944812723

Topic 0
Mean 1.98740505364
Median 1.88395990989
Sum 349.78328944
0.0
0.0
0.0
0.0
0.0
0.0
0.0
1.47825664166
0.0
0.0
0.0
0.0
0.0
0.0
0.0
0.0
0.258867922057
0.0
0.0
0.258867922057
0.0
0.0
0.0
0.0
0.0
0.0
0.0
0.0
0.0
4.60064365519
0.0
0.0
2.52163044914
0.0
0.258867922057
0.0
0.0
2.83769948638
0.0
0.0
1.47825664166
0.0
1.45665308339
0.0
4.030320622
0.0
1.88395990989
0.0
0.0
0.258867922057
0.0
0.258867922057
0.0
1.88395990989
0.258867922057
0.0
5.26165026291
0.0
0.0
0.258867922057
0.0
0.258867922057
0.0
4.60064365519
4.030320622
1.88395990989
0.0
0.258867922057
0.0
0.0
2.52163044914
0.0
0.258867922057
0.0
2.67127752987
4.76291215958
0.258867922057
2.67127752987
0.0
0.0
0.0
0.0
0.0
0.0
0.0
0.0
0.0
2.19139394082
0.0
0.0
0.0
0.0
0.258867922057
0.0
0.0
0.258867922057
0.0
2.8412333706
0.0
0.258867922057
0.258867922057
0.258867922057
0.258867922057
0.258867922057
0.0
0.0
0.0
0.0
0.0
0.0
0.0
0.0
0.0
0.0
0.0
0.0
0.0
0.0
0.0
0.0
0.0
0.0
0.0
0.0
0.0
0.0
0.0
0.0
0.0
0.0
0.0
0.0
0.0
0.0
0.0
0.0
0.0
4.56834585101
0.0
0.0
3.46734801976
0.0
0.258867922057
0.0
4.05787786643
4.4755190297
1.88395990989
4.05787786643
2.52163044914
2.19139394082
0.258867922057
0.0
0.0
0.0
5.08107100209
0.0
0.0
0.258867922057
0.0
1.45665308339
0.0
4.60064365519
4.030320622
1.88395990989
6.34173350974
2.67127752987
4.49118520715
0.258867922057
0.0
0.0
4.05787786643
0.0
6.36861973791
0.0
0.0
3.46734801976
0.0
1.45665308339
0.0
4.36773432198
4.4755190297
2.75253889114
2.67127752987
3.68633587351
0.0
0.258867922057
0.0
0.0
6.68782824071
2.67127752987
0.0
0.0
0.0
0.0
0.0
0.0
0.0
0.0
0.0
0.0
0.0
0.0
0.0
0.0
0.0
0.0
0.0
0.0
0.0
0.0
0.0
3.40989710727
0.0
0.0
0.258867922057
0.0
0.258867922057
0.0
3.40989710727
0.258867922057
1.88395990989
3.40989710727
0.258867922057
0.0
0.258867922057
0.0
0.0
4.95683100739
3.40989710727
0.258867922057
0.0
0.0
0.258867922057
0.0
0.0
0.258867922057
0.0
3.07502873886
0.0
0.258867922057
1.45665308339
0.258867922057
0.258867922057
0.258867922057
0.0
0.258867922057
0.0
0.0
0.258867922057
1.45665308339
1.45665308339
0.0
0.258867922057
0.0
2.83769948638
0.0
0.0
3.0438081324
0.0
3.07502873886
0.0
2.52163044914
5.29243235454
1.88395990989
1.88395990989
3.93610638673
2.88105501423
0.258867922057
0.0
0.0
2.83769948638
2.88105501423
7.67518612038
0.0
1.88395990989
3.07502873886
0.0
1.901615776
0.0
0.0
1.47825664166
0.0
4.87841428675
0.0
2.67127752987
3.68633587351
0.258867922057
2.67127752987
3.68633587351
2.19139394082
3.29569822177
0.0
0.0
2.4073371456
2.67127752987
3.68633587351
0.0
0.258867922057
0.258867922057
2.58818279411
0.0
0.258867922057
0.0
0.0
0.258867922057
0.0
3.07502873886
0.0
0.258867922057
1.45665308339
0.258867922057
0.258867922057
0.258867922057
0.0
0.258867922057
0.0
0.0
0.258867922057
1.45665308339
1.45665308339
0.0
0.258867922057
3.90568410763
3.07502873886
0.258867922057
0.0
1.05525050774
0.0
0.0
3.46734801976
0.0
0.258867922057
0.0
4.34968295362
3.68633587351
0.258867922057
2.67127752987
3.68633587351
0.0
0.258867922057
0.0
0.0
3.46734801976
2.67127752987
3.68633587351
0.0
0.258867922057
0.258867922057
2.65736164002
3.68633587351
0.258867922057
0.0
0.0
0.0
0.0
0.0
0.0
0.0
0.0
0.0
0.0
0.0
0.0
0.0
0.0
0.0
0.0
0.0
0.0
0.0
0.0
0.0
0.0
0.0
0.0
0.0
0.0
0.0
0.0
0.0
0.0
0.0
0.0
0.0
0.0
0.0
0.0
0.0
0.0
0.0
0.0
0.0
0.0
0.0
0.0
0.0
0.0
0.0
0.0
0.0
0.0
0.0
0.0
0.0
0.0
0.0
0.0
0.258867922057
0.0
0.0
0.258867922057
0.0
1.45665308339
0.0
0.258867922057
1.45665308339
0.258867922057
0.258867922057
0.258867922057
0.0
0.258867922057
0.0
0.0
0.258867922057
5.19613229774
1.45665308339
0.0
0.258867922057
1.45665308339
2.43221116349
0.258867922057
1.45665308339
0.258867922057
0.0
0.0

