Topic 7
Mean 2.71461674755
Median 2.67127752987
Sum 909.082071304
4.05787786643
4.05787786643
4.05787786643
4.05787786643
4.10812273735
4.60064365519
4.030320622
4.030320622
2.67127752987
2.88105501423
-0.0314539127118
1.05525050774
2.58818279411
-0.0314539127118
-0.0314539127118
2.67127752987
2.67127752987
2.67127752987
2.67127752987
2.67127752987
1.901615776
4.030320622
4.030320622
2.67127752987
2.88105501423
4.030320622
1.05525050774
2.67127752987
3.68633587351
2.67127752987
6.33280969599
2.67127752987
2.67127752987
2.58818279411
2.67127752987
2.67127752987
5.84294754607
4.05787786643
4.05787786643
4.05787786643
0.258867922057
1.901615776
2.83769948638
3.46734801976
2.19139394082
2.52944812723
0.258867922057
2.52944812723
0.258867922057
0.258867922057
0.0
2.52944812723
0.258867922057
2.52944812723
0.258867922057
6.42648940976
4.10812273735
3.29569822177
4.10812273735
2.67127752987
1.901615776
2.83769948638
4.34968295362
5.70609336725
4.56834585101
2.52944812723
4.030320622
4.030320622
2.67127752987
2.67127752987
4.030320622
-0.0314539127118
2.67127752987
5.6265465064
2.67127752987
7.02927102499
0.258867922057
2.67127752987
0.0
1.05525050774
2.58818279411
0.0
0.0
2.58818279411
1.901615776
1.05525050774
2.58818279411
1.901615776
0.0
1.901615776
0.0
7.0904552782
4.030320622
7.0648729612
2.8723591574
4.030320622
1.901615776
2.83769948638
4.030320622
6.62049699593
7.6666728681
0.258867922057
3.68633587351
4.030320622
1.901615776
0.0
0.0
0.0
0.0
0.0
0.0
0.0
0.0
0.0
0.0
0.0
0.0
0.0
0.0
0.0
4.85330544807
2.67127752987
2.67127752987
4.97351384001
2.83996363694
1.901615776
2.83769948638
3.46734801976
3.68633587351
5.58252072733
0.258867922057
4.85330544807
3.46734801976
1.901615776
6.77863020593
0.0
4.030320622
4.10812273735
3.40989710727
4.97351384001
4.030320622
1.901615776
2.83769948638
6.49702799343
3.68633587351
3.74236277852
0.258867922057
5.43761139318
4.030320622
1.901615776
6.40435187644
0.0
4.97351384001
2.8412333706
0.258867922057
2.8412333706
1.80186789467
0.258867922057
-0.0314539127118
2.52944812723
2.52163044914
6.58712882087
5.6320668157
2.52944812723
2.8412333706
2.52163044914
0.0
2.52163044914
0.0
3.07502873886
2.52089831331
3.68633587351
2.67127752987
7.2301064104
4.97351384001
2.8723591574
2.58818279411
2.83769948638
6.11468199968
3.68633587351
6.29824834267
0.258867922057
7.36057719164
3.46734801976
2.58818279411
6.40435187644
0.0
4.97351384001
8.17815169536
5.6320668157
1.80186789467
1.05525050774
2.58818279411
2.94156252171
0.258867922057
2.58818279411
1.901615776
1.80186789467
2.58818279411
2.65736164002
0.258867922057
1.901615776
1.80186789467
5.25593459452
2.65736164002
0.0
2.94156252171
2.94156252171
1.80186789467
2.94156252171
0.0
0.0
0.0
2.8723591574
2.8723591574
0.0
0.0
2.8723591574
0.0
0.0
0.0
0.0
0.0
0.0
5.84104623035
0.0
0.0
2.8723591574
0.0
2.8723591574
0.0
1.80186789467
0.258867922057
0.258867922057
4.59215404346
0.258867922057
-0.0314539127118
0.258867922057
2.52089831331
0.258867922057
2.65736164002
0.258867922057
0.258867922057
1.80186789467
0.0
5.42586288991
0.0
4.59215404346
4.59215404346
2.52089831331
4.59215404346
2.94156252171
0.0
2.67127752987
4.10812273735
5.19613229774
5.42222356443
2.67127752987
1.47825664166
2.67127752987
6.11468199968
2.67127752987
1.47825664166
0.258867922057
4.10812273735
2.67127752987
1.47825664166
6.22504481002
0.0
6.93109721171
6.71311401552
1.45665308339
7.42223415576
1.47825664166
0.0
0.258867922057
2.8412333706
0.258867922057
3.29569822177
2.94156252171
0.258867922057
-0.0314539127118
2.52944812723
2.52163044914
3.29569822177
2.65736164002
2.52944812723
3.29569822177
2.52163044914
0.0
2.65736164002
0.0
2.94156252171
2.94156252171
3.93610638673
2.94156252171
3.33155299683
0.0
2.94156252171
0.258867922057
0.258867922057
0.258867922057
0.258867922057
0.258867922057
0.258867922057
-0.0314539127118
0.258867922057
2.52089831331
2.4073371456
2.52089831331
0.258867922057
0.258867922057
0.258867922057
0.0
5.02862031741
0.0
4.82021220383
4.82021220383
2.52089831331
4.4755190297
0.258867922057
0.0
4.4755190297
0.258867922057
0.258867922057
2.8412333706
2.43015895996
3.29569822177
1.88395990989
0.258867922057
2.58818279411
2.52944812723
1.05525050774
4.25179587426
1.901615776
2.52944812723
3.29569822177
0.258867922057
2.58818279411
1.901615776
0.0
1.901615776
2.43015895996
2.8412333706
2.58818279411
2.58818279411
0.0
0.258867922057
1.47825664166
3.29569822177
0.258867922057
0.258867922057
0.258867922057
1.45665308339
1.45665308339
0.258867922057
-0.0314539127118
0.258867922057
1.45665308339
0.258867922057
0.258867922057
0.258867922057
0.258867922057
0.258867922057
0.0
1.45665308339
0.0
3.07502873886
1.45665308339
3.07502873886
1.45665308339
0.258867922057
0.0
0.258867922057
1.45665308339
0.258867922057
0.258867922057
0.258867922057
0.258867922057
0.258867922057
1.45665308339
1.45665308339
0.258867922057
-0.0314539127118
0.258867922057
2.52089831331
0.258867922057
2.52089831331
0.258867922057
0.258867922057
0.258867922057
0.0
1.45665308339
0.0
4.01224498126
4.01224498126
3.07502873886
2.52089831331
0.258867922057
0.0
4.01224498126
1.45665308339
0.258867922057
2.52089831331
0.258867922057
3.07502873886
0.0
0.0
0.0
0.0
0.0
0.0
0.0
0.0
0.0
0.0
0.0
0.0
0.0
0.0
0.0
0.0
0.0
0.0
0.0
0.0
0.0
0.0
0.0
0.0
0.0
0.0
0.0
0.0
0.0

Topic 6
Mean 2.62232407191
Median 2.67127752987
Sum 841.671665345
2.61620369493
2.35693924394
0.0
2.35693924394
4.80476727432
3.46734801976
4.10812273735
2.8723591574
0.258867922057
0.258867922057
2.4073371456
2.8723591574
3.23016303709
2.52163044914
2.8723591574
6.60310826113
2.61620369493
2.99292963378
2.35693924394
1.88395990989
2.4073371456
2.67127752987
-0.0314539127118
0.258867922057
0.258867922057
2.67127752987
0.258867922057
0.258867922057
0.0
6.988480457
5.61470777554
0.0
2.8723591574
2.8723591574
0.0
0.0
2.67127752987
2.58818279411
0.258867922057
2.58818279411
4.87636455629
0.258867922057
2.52089831331
4.030320622
0.0
2.83996363694
2.4073371456
3.50163155289
2.52163044914
3.52097462311
5.17095834295
2.99292963378
0.258867922057
0.0
0.258867922057
2.35693924394
1.05525050774
3.50163155289
3.46734801976
0.258867922057
3.23016303709
3.61429666102
0.258867922057
0.0
1.05525050774
3.50163155289
0.0
2.8723591574
0.0
0.0
2.8723591574
2.8723591574
0.0
0.0
2.8723591574
0.0
0.0
0.0
2.61620369493
2.8723591574
0.0
0.0
2.8723591574
2.8723591574
2.61620369493
0.0
2.8723591574
0.0
2.4073371456
0.0
6.67642467274
2.61620369493
2.61620369493
2.52163044914
2.52163044914
0.258867922057
2.52163044914
3.61429666102
0.258867922057
0.0
4.01224498126
2.52163044914
3.61429666102
0.0
2.61620369493
0.0
0.0
0.0
0.0
0.0
0.0
0.0
0.0
0.0
0.0
0.0
0.0
0.0
0.0
0.0
5.06036567366
0.0
2.99292963378
0.0
0.0
0.0
4.67426370585
0.0
0.0
0.0
2.99292963378
0.0
0.0
0.0
0.0
2.88105501423
2.75253889114
2.58818279411
0.258867922057
2.58818279411
0.258867922057
0.258867922057
4.32371284784
0.258867922057
0.0
4.01224498126
0.258867922057
1.05525050774
0.0
0.0
4.76291215958
3.32028419588
2.75253889114
4.10812273735
0.0
0.258867922057
0.258867922057
4.10812273735
0.258867922057
0.258867922057
2.67127752987
0.0
2.67127752987
0.258867922057
0.258867922057
0.0
0.0
0.258867922057
0.0
0.0
0.258867922057
5.34580268713
2.61620369493
3.83566619559
3.46734801976
2.83996363694
3.23016303709
2.99292963378
0.258867922057
0.0
6.34752937895
3.50163155289
4.58301236937
0.0
4.36816707291
5.2214690851
0.0
2.99292963378
4.01224498126
0.258867922057
0.258867922057
-0.0314539127118
0.258867922057
0.258867922057
0.258867922057
0.258867922057
0.258867922057
0.258867922057
0.0
0.258867922057
0.258867922057
0.258867922057
0.0
0.0
0.258867922057
0.0
0.0
0.258867922057
0.258867922057
0.258867922057
2.83996363694
2.4073371456
0.258867922057
1.05525050774
2.83996363694
2.4073371456
2.4073371456
0.258867922057
0.0
1.05525050774
2.83996363694
1.05525050774
0.0
2.4073371456
2.4073371456
0.0
0.0
1.05525050774
0.258867922057
2.83996363694
2.52944812723
2.61620369493
5.43295680701
3.46734801976
5.92213544768
0.258867922057
2.52163044914
2.61620369493
0.258867922057
0.0
2.52089831331
2.52163044914
3.46734801976
0.0
5.76287631949
7.37280280627
0.0
0.0
2.52089831331
0.258867922057
5.2214690851
0.258867922057
2.4073371456
2.67127752987
-0.0314539127118
2.52163044914
2.52163044914
2.67127752987
6.66842972727
2.52089831331
2.67127752987
0.0
4.01224498126
4.67476355543
2.52163044914
0.0
0.0
4.76291215958
0.0
0.0
4.76291215958
2.67127752987
4.01224498126
0.258867922057
0.258867922057
2.52163044914
5.34580268713
1.901615776
1.80186789467
1.901615776
2.83996363694
1.80186789467
2.83769948638
0.258867922057
0.0
1.901615776
2.83996363694
1.80186789467
0.0
0.0
1.80186789467
0.0
3.2638231573
6.73692478954
0.258867922057
5.34580268713
0.258867922057
2.83996363694
1.80186789467
1.80186789467
3.2638231573
0.0
3.46734801976
3.46734801976
6.45094695241
2.52163044914
2.35693924394
4.030320622
0.0
4.87636455629
2.52163044914
3.46734801976
0.0
0.0
2.52163044914
0.0
3.2638231573
0.258867922057
2.67127752987
3.46734801976
2.8412333706
2.52944812723
3.46734801976
3.68633587351
3.2638231573
2.19139394082
2.8723591574
0.0
0.0
2.8723591574
2.8723591574
4.79362581287
0.0
2.8723591574
0.0
2.19139394082
0.0
2.8723591574
2.8723591574
2.19139394082
0.0
5.79905824247
0.0
0.0
2.19139394082
0.0
2.19139394082
2.19139394082
0.0
0.0
0.0
6.11468199968
2.8723591574
3.46734801976
3.46734801976
2.8723591574
2.8723591574
5.99941178532
2.67127752987
2.8723591574
2.67127752987
2.52163044914
3.46734801976
2.8723591574
2.8723591574
2.52163044914
0.0
2.75253889114
4.4755190297
2.67127752987
6.20895380081
0.258867922057
1.05525050774
5.6320668157
3.68633587351
4.59215404346
3.68633587351
2.8723591574
6.11904162554
2.58818279411
4.26844152781
5.92213544768
2.67127752987
2.52163044914
2.83769948638
4.030320622
5.01197855747
4.030320622
2.52163044914
4.34968295362
0.0
0.0
2.52163044914
0.0
2.75253889114
2.83769948638
2.67127752987
3.46734801976
2.8412333706
2.52944812723
5.92213544768
2.67127752987
2.83769948638
4.030320622
0.0
3.46734801976
0.258867922057
4.80476727432
0.258867922057
6.91603028538
0.258867922057
0.258867922057
1.901615776
0.258867922057
0.0
2.58818279411
0.258867922057
1.05525050774
0.0
0.0
0.258867922057
0.0
0.0
2.58818279411
0.258867922057
0.258867922057
2.8412333706
2.52944812723
0.258867922057
0.258867922057
1.901615776
2.8412333706
0.0
2.58818279411
2.8412333706

Topic 3
Mean 2.72499163835
Median 2.67127752987
Sum 754.633960346
2.52944812723
2.52163044914
1.88395990989
0.258867922057
1.88395990989
2.8723591574
-0.0314539127118
1.901615776
1.47825664166
0.0
0.258867922057
5.15697821022
2.67127752987
2.67127752987
1.901615776
0.0
0.0
0.0
0.0
5.30998432343
0.0
2.52944812723
2.94156252171
2.75253889114
0.258867922057
4.82021220383
1.901615776
4.82021220383
2.52163044914
1.80186789467
2.67127752987
2.67127752987
-0.0314539127118
3.68633587351
0.0
4.01224498126
0.0
0.0
2.75253889114
0.0
0.0
0.0
0.0
2.75253889114
0.0
0.258867922057
2.83769948638
1.88395990989
3.40989710727
1.901615776
3.74236277852
0.0
1.901615776
0.258867922057
3.2638231573
2.8412333706
5.15697821022
4.10812273735
2.67127752987
1.901615776
5.47389731506
0.0
2.52944812723
3.68633587351
0.0
4.56834585101
3.93610638673
6.50464729864
6.508464612
3.40989710727
2.58818279411
5.15697821022
0.0
7.95051249529
3.46734801976
0.0
5.26165026291
5.15697821022
0.0
0.0
4.02013437842
2.8723591574
0.0
2.61620369493
0.0
0.0
0.0
0.0
0.0
0.0
2.61620369493
0.258867922057
1.901615776
1.47825664166
0.258867922057
2.58818279411
1.901615776
0.0
5.57278486217
2.52089831331
0.0
1.901615776
1.901615776
2.58818279411
0.0
2.8412333706
2.52944812723
1.47825664166
0.258867922057
1.47825664166
1.47825664166
0.0
2.52944812723
0.258867922057
0.0
1.47825664166
3.29569822177
1.47825664166
0.0
1.47825664166
6.37356365054
4.97351384001
4.92320565668
1.88395990989
2.58818279411
3.32445195189
0.0
2.94156252171
2.52163044914
0.0
2.83769948638
2.83769948638
3.93610638673
0.0
2.58818279411
3.0438081324
3.93610638673
2.52944812723
2.67127752987
2.67127752987
-0.0314539127118
2.67127752987
0.0
2.52944812723
2.67127752987
0.0
0.258867922057
3.29569822177
5.47514620348
0.0
0.258867922057
3.29569822177
3.93610638673
0.0
0.0
0.0
0.0
0.0
0.0
0.0
0.0
0.0
0.0
0.0
0.0
0.0
0.0
0.0
0.0
0.0
0.0
3.93610638673
1.80186789467
2.52163044914
0.258867922057
-0.0314539127118
0.258867922057
0.0
1.80186789467
2.52163044914
0.0
0.258867922057
0.258867922057
4.50074434538
0.0
0.258867922057
0.258867922057
3.93610638673
4.50074434538
0.0
2.8412333706
2.52944812723
2.88105501423
0.258867922057
0.0
0.258867922057
0.0
2.75253889114
0.258867922057
2.75253889114
0.258867922057
3.29569822177
0.258867922057
0.0
0.258867922057
3.29569822177
2.88105501423
4.59804761536
0.0
0.258867922057
1.80186789467
4.97351384001
1.88395990989
4.87636455629
0.0
1.88395990989
0.0
2.94156252171
1.80186789467
0.0
3.40989710727
0.258867922057
3.40989710727
0.0
0.258867922057
0.258867922057
4.97351384001
1.80186789467
0.0
1.80186789467
0.258867922057
2.8412333706
2.83769948638
6.62453422756
3.40989710727
1.901615776
3.74236277852
2.99292963378
6.14187103842
2.52163044914
0.0
5.26165026291
5.70609336725
6.59167247447
2.4073371456
1.901615776
3.29569822177
3.50163155289
3.29569822177
0.0
2.52163044914
3.29569822177
3.40989710727
2.52163044914
1.80186789467
2.83996363694
0.258867922057
0.0
5.73645626715
2.99292963378
4.01224498126
4.01224498126
0.0
0.258867922057
0.258867922057
3.46734801976
4.36816707291
2.52089831331
0.258867922057
4.58301236937
2.52163044914
0.0
2.52163044914
0.258867922057
1.80186789467
3.50163155289
0.0
0.0
4.02013437842
0.0
0.0
0.0
0.0
2.75253889114
0.0
2.75253889114
3.32028419588
0.0
0.0
4.02013437842
0.0
0.0
2.88105501423
0.0
0.0
0.0
2.88105501423
0.0
5.25088046196
2.83996363694
0.0
0.0
0.0
0.0
0.0
0.0
0.0
0.0
0.0
0.0
4.80226415306
0.0
0.0
0.0
0.0
0.0
0.0
0.0
0.0
0.0
0.0
0.0
0.0
0.0
3.32028419588
0.258867922057
1.88395990989
2.67127752987
3.40989710727
-0.0314539127118
3.68633587351
0.0
4.01224498126
4.01224498126
0.0
3.40989710727
3.68633587351
3.40989710727
0.0
2.52089831331
0.258867922057
1.88395990989
2.67127752987
0.0
0.258867922057
0.258867922057
3.40989710727
3.40989710727
4.01224498126
0.0
0.0
0.0
0.0
2.83996363694
0.0
0.0
0.0
2.99292963378
2.99292963378
0.0
0.0
0.0
0.0
0.0
0.0
0.0
0.0
2.83996363694
0.0
0.0
0.0
0.0
0.0
2.99292963378
6.76403517407
2.83996363694
0.0
0.0
2.52163044914
6.50464729864
2.52163044914
4.47112142302
1.05525050774
5.47389731506
0.0
1.80186789467
2.52163044914
0.0
3.40989710727
5.73541935498
6.50464729864
0.0
1.05525050774
1.05525050774
2.52163044914
2.52163044914
0.0
2.52163044914
0.258867922057
4.47112142302
3.40989710727
2.52163044914
3.32028419588
3.32028419588
3.40989710727
0.0
2.52163044914
1.80186789467
4.57202000732
0.258867922057
-0.0314539127118
0.258867922057
0.0
1.80186789467
2.52163044914
0.0
0.258867922057
0.258867922057
4.36773432198
0.0
0.258867922057
0.258867922057
2.52163044914
2.52163044914
0.0
2.52163044914
0.258867922057
1.80186789467
2.52163044914
2.52163044914
0.0
0.0
0.258867922057
0.0
2.52163044914

Topic 5
Mean 2.98981521065
Median 2.66465461821
Sum 663.298621987
0.0
0.0
2.83996363694
0.0
0.0
0.0
0.0
0.0
0.0
0.0
2.52163044914
0.0
0.0
0.0
0.0
2.8412333706
0.0
0.0
0.0
0.0
2.52163044914
2.67127752987
2.75253889114
4.56684930335
2.19139394082
0.0
4.01224498126
4.85330544807
2.67127752987
2.88105501423
4.24608529711
2.19139394082
0.0
2.52163044914
5.84294754607
5.27981371318
2.67127752987
4.02013437842
0.0
2.19139394082
0.0
4.01224498126
4.030320622
5.77688860222
4.10812273735
5.47514620348
0.0
0.0
0.0
0.0
2.52163044914
3.46734801976
5.77688860222
6.43504035467
5.77688860222
2.8412333706
0.0
0.0
0.0
0.0
0.258867922057
2.8412333706
0.258867922057
0.258867922057
0.258867922057
2.8412333706
0.0
0.0
0.0
2.19139394082
0.0
0.0
0.0
2.92427664783
3.56496301712
2.61620369493
0.0
0.0
0.0
0.0
0.0
0.0
0.0
0.0
0.0
0.0
0.0
0.0
0.0
0.0
0.0
0.0
0.0
0.0
0.0
0.0
0.0
0.0
0.0
0.0
0.0
0.0
0.0
0.0
0.0
0.0
2.75253889114
0.0
0.0
0.0
0.0
3.2638231573
2.75253889114
6.12927174772
3.2638231573
0.0
0.0
0.0
0.0
0.0
1.80186789467
0.0
0.0
0.0
0.0
1.80186789467
1.80186789467
2.65736164002
1.80186789467
2.65736164002
2.65736164002
0.258867922057
0.0
0.0
0.0
0.0
2.52944812723
4.02013437842
0.0
0.0
0.0
2.52089831331
2.52944812723
2.52089831331
6.64765905236
4.02013437842
2.52944812723
2.52944812723
0.0
0.0
0.0
0.0
1.901615776
2.52163044914
5.17143363273
4.56684930335
5.79905824247
0.0
2.52163044914
6.26694724723
4.56684930335
4.99828834645
5.30998432343
3.46734801976
0.258867922057
2.4073371456
0.0
0.0
2.75253889114
1.80186789467
4.99828834645
0.0
3.52097462311
2.83996363694
4.79362581287
0.0
0.0
0.0
2.19139394082
2.83996363694
2.19139394082
0.0
0.0
2.19139394082
0.0
0.0
0.0
0.0
0.0
3.52097462311
-0.0314539127118
0.0
0.0
0.0
0.0
-0.0314539127118
0.0
0.0
1.47825664166
6.37174382555
-0.0314539127118
-0.0314539127118
0.0
0.0
0.0
0.0
2.46487936388
1.901615776
5.30998432343
0.0
-0.0314539127118
0.0
0.0
0.0
0.0
-0.0314539127118
-0.0314539127118
-0.0314539127118
1.47825664166
2.58818279411
-0.0314539127118
-0.0314539127118
0.0
0.0
0.0
0.0
2.46487936388
1.901615776
-0.0314539127118
0.0
4.80476727432
4.50074434538
2.83996363694
2.83996363694
2.19139394082
0.0
4.01224498126
2.52944812723
4.76291215958
2.83996363694
5.6795072058
4.50074434538
2.52944812723
2.61620369493
0.0
0.0
0.0
1.901615776
2.83769948638
7.49430825304
2.83996363694
5.02862031741
1.901615776
6.84900255785
0.0
7.1993301772
0.0
0.0
1.80186789467
4.030320622
2.67127752987
2.67127752987
4.030320622
5.91274128552
0.258867922057
0.0
0.0
0.0
0.0
2.65736164002
0.258867922057
1.80186789467
0.0
0.0
-0.0314539127118
1.80186789467
2.52163044914
0.0
5.95785673164
0.0
0.0
2.52163044914
2.52163044914
2.52163044914
2.52163044914
2.52163044914
2.52163044914
0.258867922057
0.0
0.0
0.0
0.0
1.80186789467
0.258867922057
2.52163044914
0.0
0.0
-0.0314539127118
2.52163044914
4.84145163291
3.29569822177
0.0
0.0
0.0
0.0
0.258867922057
2.8412333706
0.258867922057
1.47825664166
2.65803170655
3.29569822177
2.8412333706
0.0
0.0
0.0
0.0
1.47825664166
2.52944812723
0.258867922057
0.0
1.47825664166
1.47825664166
2.52944812723
0.258867922057
0.258867922057
2.52944812723
2.75253889114
2.99292963378
0.0
0.0
4.01224498126
2.52944812723
4.01224498126
2.99292963378
4.82021220383
3.33155299683
2.52944812723
0.0
0.0
0.0
2.75253889114
2.65736164002
6.14187103842
4.82021220383
0.0
4.82021220383
2.58818279411
4.82021220383
2.94156252171
1.80186789467
2.52944812723
6.35312213906
3.32028419588
0.0
2.19139394082
0.0
2.52163044914
3.46734801976
3.46734801976
3.46734801976
3.46734801976
5.363216687
2.8412333706
2.4073371456
0.0
0.0
2.75253889114
1.901615776
2.83769948638
3.46734801976
2.19139394082
1.901615776
1.901615776
5.40421212656
1.80186789467
2.52163044914
3.29569822177
2.75253889114
0.0
0.0
0.0
0.0
0.0
0.0
0.0
0.0
0.0
0.0
0.0
0.0
0.0
0.0
0.0
0.0
0.0
0.0
0.0
0.0
0.0
0.0
0.0
0.0
0.0
0.0
0.0
0.0
0.258867922057
4.02013437842
0.0
2.19139394082
0.0
0.258867922057
4.05787786643
2.61620369493
2.61620369493
4.02013437842
0.258867922057
0.258867922057
2.61620369493
0.0
0.0
0.0
0.258867922057
4.02013437842
7.12107208045
2.19139394082
0.0
-0.0314539127118
2.61620369493
0.258867922057
0.258867922057
0.258867922057
0.258867922057
2.4073371456
0.0

Topic 9
Mean 3.08392799705
Median 2.65736164002
Sum 1062.98008769
4.70386505524
4.030320622
7.27859385256
4.97351384001
5.6320668157
6.40435187644
6.73692478954
8.30119656485
4.67426370585
6.60999291599
2.52089831331
5.76287631949
3.46734801976
5.6320668157
3.46734801976
1.901615776
1.901615776
1.901615776
1.47825664166
1.901615776
-0.0314539127118
1.47825664166
1.47825664166
1.47825664166
2.65803170655
1.47825664166
-0.0314539127118
1.47825664166
4.70386505524
4.90602361857
4.44164224497
6.68782824071
3.74236277852
3.46734801976
1.901615776
1.47825664166
4.030320622
4.01224498126
4.030320622
3.40989710727
5.23505870543
2.52089831331
2.58818279411
1.47825664166
3.40989710727
4.87841428675
4.26844152781
5.62112902517
2.65803170655
2.8412333706
2.52163044914
2.58818279411
2.77189465128
2.83769948638
2.58818279411
2.65736164002
2.65736164002
4.82021220383
2.65736164002
2.65736164002
1.80186789467
2.58818279411
1.47825664166
1.901615776
2.58818279411
2.58818279411
2.52944812723
3.98589350794
2.83996363694
4.29949985932
6.96448469322
2.4073371456
1.05525050774
1.05525050774
2.4073371456
1.05525050774
2.52944812723
1.05525050774
3.74236277852
3.74236277852
4.67426370585
2.99292963378
4.67426370585
0.0
1.901615776
1.47825664166
3.74236277852
1.901615776
2.83769948638
1.901615776
1.05525050774
2.67127752987
0.258867922057
2.67127752987
2.67127752987
2.67127752987
0.258867922057
-0.0314539127118
-0.0314539127118
0.258867922057
2.67127752987
0.258867922057
0.258867922057
0.258867922057
-0.0314539127118
7.1188661027
4.90602361857
7.48192699003
6.40435187644
6.79853690686
2.52089831331
2.46487936388
1.47825664166
6.70352506916
3.40989710727
2.8412333706
2.46487936388
2.52944812723
3.74236277852
2.67127752987
1.80186789467
3.93610638673
2.52163044914
2.52163044914
2.52163044914
2.52163044914
-0.0314539127118
-0.0314539127118
2.52163044914
0.258867922057
2.52163044914
1.80186789467
0.258867922057
-0.0314539127118
0.258867922057
0.258867922057
1.901615776
5.43295680701
2.8723591574
1.47825664166
1.901615776
5.43295680701
2.58818279411
1.47825664166
2.61620369493
2.58818279411
2.58818279411
4.80476727432
2.4073371456
1.901615776
-0.0314539127118
2.46487936388
-0.0314539127118
2.8412333706
2.65736164002
6.26694724723
7.35143084862
6.60999291599
1.80186789467
-0.0314539127118
-0.0314539127118
1.80186789467
2.67127752987
3.29569822177
5.77688860222
2.52944812723
0.0
2.67127752987
3.68633587351
1.80186789467
0.0
0.0
5.76287631949
7.12107208045
0.0
4.02013437842
5.76287631949
0.0
0.0
2.61620369493
0.0
2.19139394082
0.0
2.4073371456
4.02013437842
0.0
0.0
0.0
2.8723591574
0.0
4.87841428675
0.258867922057
1.45665308339
0.258867922057
2.8412333706
0.258867922057
-0.0314539127118
-0.0314539127118
0.258867922057
0.258867922057
4.87841428675
0.258867922057
2.52944812723
-0.0314539127118
1.45665308339
2.8412333706
0.258867922057
-0.0314539127118
2.8412333706
0.0
2.88105501423
0.0
0.0
2.88105501423
2.88105501423
0.0
0.0
0.0
3.32028419588
0.0
0.0
0.0
0.0
0.0
0.0
6.28024771068
0.0
0.0
0.0
0.0
0.0
1.80186789467
7.72330207743
2.52163044914
2.52163044914
2.52163044914
5.76287631949
-0.0314539127118
-0.0314539127118
2.61620369493
0.258867922057
2.52163044914
1.80186789467
2.4073371456
0.0
0.258867922057
0.258867922057
3.93610638673
2.61620369493
1.80186789467
5.76287631949
0.258867922057
0.0
4.030320622
2.52163044914
7.0904552782
6.98009240889
6.60999291599
3.46734801976
-0.0314539127118
-0.0314539127118
5.87477909224
4.87636455629
2.8412333706
1.80186789467
2.52944812723
0.0
2.67127752987
4.05787786643
2.52163044914
0.0
6.98009240889
0.0
2.8412333706
0.0
2.52163044914
0.0
3.52097462311
3.52097462311
0.0
2.83996363694
2.19139394082
0.0
0.0
3.32028419588
0.0
2.19139394082
0.0
2.83996363694
0.0
0.0
0.0
0.0
2.8723591574
0.0
2.8723591574
0.0
3.32028419588
2.19139394082
0.0
1.901615776
1.901615776
1.901615776
1.47825664166
1.901615776
-0.0314539127118
2.58818279411
1.47825664166
1.901615776
2.58818279411
2.58818279411
2.58818279411
1.05525050774
1.901615776
-0.0314539127118
2.46487936388
-0.0314539127118
2.58818279411
-0.0314539127118
0.0
-0.0314539127118
0.0
-0.0314539127118
-0.0314539127118
0.0
2.8412333706
0.258867922057
0.258867922057
0.258867922057
2.8412333706
0.258867922057
0.0
-0.0314539127118
0.258867922057
0.258867922057
3.29569822177
0.258867922057
2.52944812723
-0.0314539127118
0.258867922057
2.8412333706
0.258867922057
-0.0314539127118
3.29569822177
0.0
2.8412333706
0.0
0.258867922057
2.8412333706
0.0
-0.0314539127118
3.74236277852
5.6320668157
7.6666728681
9.07008981121
5.58252072733
5.6320668157
1.901615776
1.47825664166
4.56834585101
3.40989710727
4.57272676128
2.65736164002
2.19139394082
3.74236277852
0.258867922057
7.14395331171
2.52163044914
2.19139394082
2.65736164002
2.19139394082
0.258867922057
0.0
2.52163044914
5.84294754607
7.06718869516
1.901615776
0.258867922057
6.10029462451
5.6320668157
4.030320622
7.76042617932
5.58252072733
6.83632393733
1.47825664166
2.65803170655
2.61620369493
4.030320622
4.26844152781
1.80186789467
2.4073371456
1.47825664166
2.67127752987
2.67127752987
2.52163044914
2.61620369493
2.67127752987
2.61620369493
0.258867922057
0.0
2.61620369493
4.030320622
2.19139394082
1.47825664166
0.258867922057
7.76042617932
2.83769948638
5.43295680701
7.49430825304
2.52163044914
5.54715792378
5.43295680701
1.901615776
1.47825664166
6.77564556955
4.01224498126
2.83769948638
4.82021220383
2.83996363694
2.83769948638
1.45665308339
7.46599377392
4.50074434538
5.43295680701
2.52944812723
2.61620369493
2.52944812723
0.0
3.93610638673
2.52944812723
2.83996363694
1.901615776
2.52944812723
3.50163155289
2.61620369493

Topic 0
Mean 2.59146819888
Median 2.65736164002
Sum 608.995026737
2.67127752987
0.0
0.0
4.57202000732
3.90568410763
2.83996363694
4.29949985932
1.05525050774
2.83996363694
2.83996363694
4.57202000732
6.67852614062
0.0
4.57202000732
1.05525050774
2.52163044914
0.258867922057
2.92427664783
2.52163044914
2.4073371456
2.52163044914
0.0
0.0
0.0
0.0
0.0
2.88105501423
0.0
3.40989710727
2.67127752987
0.0
0.258867922057
0.258867922057
3.40989710727
0.258867922057
0.0
0.0
0.0
0.0
0.0
0.0
0.0
0.0
0.0
0.0
2.67127752987
2.67127752987
0.0
2.52089831331
0.258867922057
2.67127752987
4.32371284784
0.0
2.67127752987
0.0
4.05787786643
0.258867922057
0.0
2.52163044914
0.258867922057
4.05787786643
4.01224498126
0.0
3.40989710727
0.0
2.52089831331
5.72322594265
2.67127752987
0.0
2.52944812723
4.29949985932
2.67127752987
2.65736164002
0.0
4.030320622
0.0
2.67127752987
2.65736164002
1.80186789467
1.45665308339
0.0
1.80186789467
0.258867922057
1.80186789467
2.65736164002
0.0
0.258867922057
0.0
7.28605368986
2.65736164002
4.59215404346
4.05787786643
0.258867922057
0.0
0.258867922057
0.258867922057
4.05787786643
0.258867922057
0.0
3.40989710727
0.0
0.258867922057
4.87079337259
0.258867922057
0.258867922057
0.258867922057
0.258867922057
0.0
2.52944812723
2.52944812723
0.258867922057
0.258867922057
0.0
0.258867922057
0.0
0.258867922057
0.258867922057
6.50275061462
0.258867922057
0.258867922057
1.88395990989
0.258867922057
0.0
0.258867922057
0.258867922057
1.88395990989
0.258867922057
0.0
1.88395990989
0.0
0.258867922057
1.88395990989
0.258867922057
0.258867922057
1.88395990989
0.258867922057
0.0
0.0
2.92427664783
0.0
2.4073371456
0.0
2.92427664783
0.0
0.0
0.0
0.0
0.0
0.0
0.0
0.0
0.0
0.0
5.33560560486
5.80734220873
2.83996363694
6.84345544641
3.98589350794
5.80734220873
2.65736164002
0.0
4.030320622
0.0
2.67127752987
4.60064365519
7.92416454778
2.94156252171
4.60064365519
0.258867922057
1.88395990989
0.0
0.0
0.0
0.0
0.0
0.0
2.99292963378
0.0
0.0
0.0
0.0
0.0
0.0
0.0
0.0
0.0
0.0
0.0
0.0
0.0
3.40989710727
0.258867922057
0.0
0.258867922057
0.258867922057
3.40989710727
0.258867922057
0.0
3.40989710727
0.0
0.258867922057
3.50163155289
0.258867922057
0.258867922057
3.40989710727
0.258867922057
1.88395990989
0.0
3.40989710727
0.0
0.0
0.0
2.83996363694
3.52097462311
2.83996363694
2.99292963378
0.0
0.0
0.0
0.0
0.0
0.0
0.0
0.0
0.0
0.0
0.0
0.0
3.52097462311
2.99292963378
0.0
0.0
0.0
0.0
0.0
0.0
0.0
0.0
0.0
0.0
0.0
0.0
0.0
0.0
0.0
0.0
0.0
0.0
0.0
0.0
0.0
0.0
0.0
1.80186789467
0.258867922057
0.0
5.54715792378
2.52944812723
1.80186789467
2.65736164002
0.0
0.258867922057
0.0
0.258867922057
2.65736164002
2.65736164002
2.65736164002
0.258867922057
2.52944812723
0.258867922057
0.0
2.65736164002
0.0
0.258867922057
0.0
0.0
3.46734801976
0.258867922057
0.0
2.52163044914
0.258867922057
2.52163044914
2.65736164002
0.0
0.258867922057
0.0
0.258867922057
3.46734801976
2.94156252171
2.94156252171
0.258867922057
0.258867922057
0.258867922057
0.0
2.94156252171
0.0
0.258867922057
0.0
0.0
2.65736164002
0.0
0.0
0.0
0.0
0.0
2.99292963378
0.0
0.0
0.0
0.0
0.0
0.0
0.0
0.0
0.0
0.0
0.0
0.0
0.0
7.84846737441
0.0
2.99292963378
0.0
0.0
0.0
4.57202000732
2.67127752987
0.0
6.13974769993
2.52944812723
4.57202000732
2.52163044914
6.11904162554
4.030320622
0.0
2.67127752987
3.46734801976
4.030320622
1.80186789467
0.258867922057
2.52944812723
0.258867922057
0.0
7.60215047587
6.9924523591
0.258867922057
0.0
0.0
2.52944812723
5.92213544768
6.9924523591
0.0
0.0
0.0
0.0
0.0
2.88105501423
0.0
2.88105501423
0.0
0.0
0.0
0.0
0.0
0.0
0.0
0.0
0.0
0.0
0.0
0.0
0.0
0.0
0.0
0.0
0.0
0.0
2.75253889114
4.05787786643
2.67127752987
0.0
1.80186789467
0.258867922057
4.05787786643
2.65736164002
0.0
4.030320622
0.0
2.67127752987
4.05787786643
5.25835142626
2.65736164002
4.05787786643
0.258867922057
1.88395990989
0.0
4.05787786643
0.0
3.40989710727
0.0
0.0
2.65736164002
2.65736164002
0.0
4.030320622
0.0
4.05787786643
2.67127752987
0.0
2.52944812723
2.52944812723
5.87477909224
2.52163044914
0.0
4.87636455629
0.0
3.68633587351
4.05787786643
4.030320622
1.80186789467
4.05787786643
2.52944812723
1.88395990989
0.0
4.05787786643
0.0
3.40989710727
3.2638231573
0.0
2.52944812723
3.46734801976
0.0
4.030320622
0.0
4.05787786643

Topic 4
Mean 2.65376957807
Median 2.58818279411
Sum 684.358012015
2.67127752987
0.258867922057
0.258867922057
2.67127752987
3.31029155092
0.258867922057
0.0
0.0
0.0
0.0
0.258867922057
1.47825664166
2.52089831331
5.19613229774
0.0
-0.0314539127118
1.47825664166
-0.0314539127118
1.901615776
0.0
1.901615776
0.258867922057
6.15677572861
0.258867922057
2.52163044914
0.0
6.68068181593
-0.0314539127118
2.67127752987
4.34968295362
2.52089831331
2.67127752987
0.0
3.21683793994
1.05525050774
1.80186789467
3.40989710727
3.68633587351
4.01224498126
8.079732087
0.0
6.05976343785
1.901615776
3.93610638673
2.67127752987
2.8723591574
0.0
2.61620369493
4.02013437842
0.0
0.0
0.0
0.0
0.0
4.02013437842
0.0
0.0
0.0
6.00453953585
0.0
0.0
0.0
0.0
0.0
7.61501538211
0.0
0.0
0.0
0.0
0.0
0.0
0.0
0.0
0.0
0.0
0.0
0.0
0.0
2.67127752987
3.68633587351
4.76291215958
2.67127752987
0.0
4.67476355543
-0.0314539127118
4.67476355543
2.67127752987
4.01224498126
0.0
0.0
0.0
2.67127752987
4.34968295362
0.258867922057
4.36773432198
0.0
2.35693924394
1.47825664166
2.52944812723
6.26142980784
6.90738806576
0.0
0.0
0.0
3.68633587351
4.87636455629
2.67127752987
3.52097462311
4.10812273735
0.0
0.258867922057
-0.0314539127118
0.258867922057
2.67127752987
3.40989710727
2.8723591574
0.0
0.0
2.67127752987
2.67127752987
0.258867922057
5.98419639343
0.258867922057
2.83769948638
0.0
2.83769948638
1.901615776
5.98419639343
1.80186789467
3.46734801976
0.0
0.0
0.0
2.52163044914
2.52944812723
0.258867922057
2.67127752987
2.67127752987
0.258867922057
5.81805913704
0.0
0.258867922057
0.0
0.258867922057
2.67127752987
2.67127752987
0.0
0.0
0.0
2.67127752987
2.67127752987
4.10812273735
0.258867922057
2.8723591574
0.0
0.0
0.0
0.0
0.0
0.0
0.0
0.0
2.8723591574
6.67642467274
0.0
0.0
0.0
0.0
2.8723591574
0.0
0.0
0.0
4.243752572
0.0
5.70009490222
0.0
5.59518254063
1.901615776
-0.0314539127118
1.05525050774
2.83769948638
0.0
2.75253889114
0.0
-0.0314539127118
1.47825664166
0.0
2.83769948638
0.0
0.0
0.0
0.0
0.0
4.28755821665
0.0
0.0
0.0
0.0
0.0
8.20076970561
0.0
4.28755821665
0.0
0.0
0.0
0.0
0.0
0.0
0.0
2.75253889114
0.258867922057
0.258867922057
0.258867922057
1.80186789467
0.0
1.80186789467
-0.0314539127118
1.80186789467
2.65736164002
2.65736164002
0.0
0.0
0.0
1.80186789467
1.80186789467
0.258867922057
1.80186789467
0.258867922057
0.0
-0.0314539127118
0.0
0.0
0.0
0.0
0.0
0.0
0.0
0.0
0.0
0.0
0.0
0.0
0.0
0.0
0.0
0.0
0.0
0.0
0.0
0.0
0.0
0.0
0.0
0.258867922057
1.47825664166
0.258867922057
4.36773432198
0.0
2.35693924394
2.58818279411
2.35693924394
1.80186789467
2.35693924394
0.0
0.0
0.0
2.35693924394
6.508464612
0.258867922057
2.35693924394
0.258867922057
0.0
1.901615776
0.0
1.80186789467
0.0
0.258867922057
1.47825664166
4.01224498126
4.26844152781
0.0
2.83769948638
1.901615776
2.52163044914
2.52089831331
7.11302918095
2.61620369493
4.99828834645
0.0
4.01224498126
2.35693924394
0.258867922057
2.83769948638
0.258867922057
0.0
2.83769948638
0.0
1.80186789467
0.0
2.35693924394
0.258867922057
1.47825664166
0.258867922057
1.901615776
0.0
1.901615776
2.58818279411
1.80186789467
2.94156252171
2.65736164002
0.0
0.0
0.0
1.80186789467
1.80186789467
0.258867922057
1.901615776
0.258867922057
0.0
1.901615776
0.0
2.65736164002
0.0
2.58818279411
1.901615776
2.67127752987
2.67127752987
0.258867922057
4.10812273735
0.0
0.258867922057
0.0
0.258867922057
2.67127752987
2.67127752987
0.0
0.0
0.0
2.67127752987
2.67127752987
4.10812273735
0.258867922057
4.10812273735
0.0
0.0
0.0
0.258867922057
0.0
0.258867922057
0.258867922057
0.258867922057
2.8723591574
0.258867922057
3.98589350794
4.02013437842
0.0
6.05976343785
-0.0314539127118
2.52163044914
4.97351384001
6.82494627736
6.98047422979
5.68437677434
0.0
2.52163044914
2.35693924394
3.52097462311
3.46734801976
0.258867922057
2.8723591574
2.75253889114
7.84021695911
2.65736164002
0.0
2.35693924394
2.52163044914
2.94156252171
0.258867922057
2.8723591574
0.258867922057
3.98589350794
1.80186789467
0.0
1.80186789467
0.0
1.80186789467
4.97351384001
2.8723591574
2.8723591574
0.0
0.0
1.80186789467
1.80186789467
3.99615934172
1.80186789467
0.258867922057
2.8723591574
0.0
0.0
7.74287518587
0.0
1.80186789467
1.80186789467
2.94156252171
0.258867922057
6.2314267582
0.258867922057
1.47825664166
0.258867922057
2.52163044914
0.0
2.52163044914
2.58818279411
2.52163044914
1.80186789467
3.46734801976
0.0
0.0
0.0
2.52163044914
2.35693924394
0.258867922057
7.20647651943
0.258867922057
0.0
1.901615776
0.0
1.80186789467
0.0
2.58818279411
2.52163044914
5.25593459452
0.258867922057
3.46734801976
1.80186789467

Topic 2
Mean 2.59650666251
Median 2.58818279411
Sum 617.213691772
2.58818279411
1.901615776
1.901615776
0.0
0.0
0.0
1.47825664166
1.47825664166
1.47825664166
0.0
2.52089831331
0.0
5.42586288991
0.0
0.0
2.58818279411
6.00941700816
3.46734801976
0.0
1.47825664166
1.80186789467
2.58818279411
2.58818279411
5.99286911376
0.0
1.47825664166
4.4755190297
2.58818279411
0.0
0.0
0.0
0.0
0.0
0.0
0.0
0.0
1.05525050774
1.05525050774
2.75253889114
0.0
1.05525050774
1.80186789467
2.52163044914
2.88105501423
0.0
1.901615776
1.901615776
3.68633587351
0.0
5.43761139318
0.258867922057
1.901615776
1.901615776
0.0
4.34968295362
2.52089831331
0.0
3.68633587351
0.0
0.0
5.96250769095
0.258867922057
4.4755190297
0.0
2.67127752987
3.68633587351
2.58818279411
5.25593459452
1.901615776
0.0
1.47825664166
-0.0314539127118
5.25593459452
2.58818279411
0.0
1.05525050774
1.901615776
-0.0314539127118
0.258867922057
0.0
2.65736164002
0.0
0.0
2.94156252171
2.52163044914
2.94156252171
0.0
2.52163044914
3.29569822177
0.258867922057
-0.0314539127118
0.258867922057
0.0
3.68633587351
0.0
0.0
0.258867922057
0.258867922057
0.258867922057
0.0
5.81805913704
4.85330544807
5.81039331012
-0.0314539127118
0.258867922057
0.0
0.0
7.12107208045
0.0
0.0
0.0
0.0
2.4073371456
0.0
0.0
0.0
0.0
0.0
0.0
0.0
0.0
0.0
0.0
0.0
0.0
0.0
0.0
0.0
0.0
0.0
0.0
0.0
0.0
0.0
0.0
0.0
5.57278486217
1.901615776
2.83769948638
0.0
1.47825664166
4.76291215958
1.901615776
2.94156252171
0.0
2.67127752987
2.83769948638
4.76291215958
1.901615776
2.94156252171
2.67127752987
0.0
0.0
0.0
0.0
0.0
0.0
0.0
0.0
0.0
0.0
0.0
0.0
0.0
0.0
0.0
0.0
0.0
0.0
0.0
0.0
0.258867922057
0.0
2.67127752987
0.0
0.0
0.258867922057
0.258867922057
0.258867922057
0.0
2.67127752987
2.67127752987
2.67127752987
0.0
0.258867922057
2.67127752987
0.0
0.0
2.67127752987
0.0
0.258867922057
0.0
2.67127752987
0.0
0.0
0.258867922057
0.258867922057
0.258867922057
0.0
2.67127752987
2.67127752987
2.67127752987
-0.0314539127118
0.258867922057
2.67127752987
0.0
0.0
2.67127752987
0.0
5.77565545388
0.258867922057
0.0
4.99828834645
0.0
0.0
0.258867922057
0.258867922057
0.258867922057
0.0
1.45665308339
5.70609336725
3.40989710727
-0.0314539127118
3.29569822177
3.40989710727
0.0
0.0
2.52944812723
0.0
0.258867922057
1.45665308339
2.58818279411
2.58818279411
6.28379194804
0.0
5.43761139318
2.94156252171
2.58818279411
4.67426370585
0.0
1.80186789467
7.36057719164
2.52089831331
2.58818279411
2.94156252171
0.258867922057
0.0
0.0
2.94156252171
0.0
0.258867922057
0.258867922057
0.258867922057
1.47825664166
1.47825664166
1.47825664166
0.0
2.65803170655
-0.0314539127118
1.47825664166
1.47825664166
0.0
1.05525050774
2.65803170655
-0.0314539127118
1.47825664166
-0.0314539127118
-0.0314539127118
0.0
0.0
1.47825664166
0.0
0.0
-0.0314539127118
-0.0314539127118
2.65803170655
0.0
0.0
2.8723591574
0.0
0.0
0.0
0.0
0.0
0.0
0.0
0.0
0.0
0.0
0.0
0.0
6.67642467274
0.0
0.0
0.0
0.0
0.0
0.0
0.0
0.0
2.52089831331
0.0
4.030320622
0.0
0.0
5.96250769095
2.52163044914
4.4755190297
0.0
2.67127752987
3.68633587351
5.96250769095
-0.0314539127118
2.52163044914
3.68633587351
0.0
0.0
4.76291215958
0.0
2.67127752987
2.67127752987
3.50163155289
2.52089831331
-0.0314539127118
0.0
1.901615776
1.901615776
5.17143363273
0.0
2.65803170655
2.65736164002
1.901615776
4.67426370585
0.0
5.42222356443
4.10812273735
2.67127752987
1.901615776
5.25835142626
5.42222356443
4.02013437842
0.0
2.83769948638
0.0
2.67127752987
2.67127752987
3.50163155289
4.67426370585
2.77189465128
2.8723591574
3.50163155289
2.58818279411
2.58818279411
1.901615776
0.0
2.65803170655
-0.0314539127118
2.58818279411
5.61394868164
0.0
1.05525050774
2.65803170655
-0.0314539127118
2.58818279411
-0.0314539127118
-0.0314539127118
0.0
0.0
1.901615776
0.0
0.0
-0.0314539127118
-0.0314539127118
2.65803170655
4.243752572
0.0
-0.0314539127118
2.77189465128
5.76615011165
2.58818279411
1.901615776
0.0
1.47825664166
2.52089831331
2.58818279411
2.58818279411
0.0
1.05525050774
1.901615776
2.52089831331
2.58818279411
0.258867922057
0.258867922057
0.0
0.0
5.57278486217
0.0
0.258867922057
0.258867922057
0.258867922057
2.58818279411
1.47825664166
0.0
2.52089831331
1.901615776
2.58818279411
0.258867922057
0.0
4.56684930335
0.0
0.0
1.80186789467
3.46734801976
2.99292963378
0.0
4.57202000732
0.258867922057
0.258867922057
-0.0314539127118
2.52163044914
0.258867922057
4.02013437842
0.0
1.80186789467
0.0
0.258867922057
0.258867922057
3.23016303709
2.99292963378
-0.0314539127118
0.0
3.23016303709
4.02013437842
-0.0314539127118
0.258867922057

Topic 1
Mean 2.07727433113
Median 1.89278784295
Sum 477.490010945
-0.0314539127118
0.0
0.258867922057
1.47825664166
2.67127752987
0.258867922057
1.47825664166
4.87841428675
0.258867922057
2.67127752987
0.0
0.0
0.0
0.0
0.0
-0.0314539127118
5.63830561616
0.258867922057
1.45665308339
5.60289060396
0.0
-0.0314539127118
3.29569822177
0.258867922057
1.45665308339
4.58301236937
0.0
2.8412333706
0.0
0.0
0.0
0.0
0.0
0.0
0.0
0.0
0.0
0.0
0.0
0.0
0.0
0.0
0.0
0.0
0.0
-0.0314539127118
6.25059381323
0.258867922057
2.67127752987
3.50163155289
0.0
2.8412333706
3.50163155289
0.0
0.0
1.47825664166
3.29569822177
0.258867922057
1.901615776
2.8412333706
0.0
2.8412333706
5.70609336725
0.0
0.0
3.29569822177
0.0
0.0
0.0
0.0
0.0
0.0
0.0
0.0
0.0
0.0
0.0
0.0
1.47825664166
3.46734801976
0.258867922057
2.83769948638
3.23016303709
0.0
0.258867922057
7.32240750706
0.0
0.0
3.40989710727
2.58818279411
0.0
-0.0314539127118
3.98589350794
0.258867922057
4.67426370585
2.88105501423
0.0
0.258867922057
0.258867922057
0.0
0.0
3.52097462311
0.258867922057
0.0
3.46734801976
-0.0314539127118
3.29569822177
0.258867922057
2.67127752987
2.8412333706
0.0
2.8412333706
3.29569822177
0.0
0.0
5.50329216319
3.29569822177
0.0
5.47514620348
2.52163044914
-0.0314539127118
0.258867922057
0.258867922057
1.45665308339
3.80442387549
0.0
3.07502873886
1.45665308339
0.0
0.0
0.258867922057
0.258867922057
0.0
0.258867922057
0.258867922057
0.258867922057
1.47825664166
0.0
0.0
1.901615776
2.58818279411
0.0
0.0
0.0
0.0
0.0
0.0
2.58818279411
0.0
2.58818279411
0.0
0.0
0.0
0.0
2.83996363694
4.56684930335
4.67426370585
2.19139394082
0.0
0.0
0.0
0.0
0.0
4.94158870798
0.0
0.0
2.19139394082
4.67426370585
0.0
0.0
0.0
-0.0314539127118
2.52163044914
0.258867922057
0.258867922057
0.258867922057
0.0
0.258867922057
3.40989710727
0.0
0.0
3.40989710727
0.258867922057
0.0
4.67476355543
2.52163044914
4.67476355543
0.258867922057
0.0
0.0
0.0
0.0
0.0
0.0
2.19139394082
0.0
0.0
0.0
0.0
0.0
4.94158870798
0.0
0.0
2.19139394082
5.68437677434
0.0
0.0
0.0
5.73992610004
0.0
0.0
0.0
0.0
0.0
3.50163155289
0.0
0.0
5.09207415876
0.0
0.0
3.50163155289
0.0
0.0
3.23016303709
5.68437677434
0.0
0.0
0.0
0.0
0.0
5.68437677434
1.47825664166
0.258867922057
3.5633311155
2.62680878715
2.46487936388
0.0
1.45665308339
1.88395990989
0.0
0.0
1.88395990989
2.46487936388
0.0
2.46487936388
0.258867922057
0.258867922057
1.45665308339
2.46487936388
0.0
1.88395990989
0.0
0.0
0.0
2.52944812723
0.258867922057
0.258867922057
2.52944812723
0.0
2.52944812723
2.52944812723
0.0
0.0
2.52944812723
2.52944812723
0.0
0.258867922057
0.258867922057
2.52944812723
0.258867922057
0.0
0.0
0.258867922057
0.0
0.0
0.258867922057
3.08315141329
3.29569822177
0.258867922057
1.47825664166
2.8412333706
0.0
2.8412333706
3.29569822177
0.0
0.0
3.29569822177
3.29569822177
0.0
1.47825664166
0.258867922057
3.29569822177
0.258867922057
1.47825664166
0.0
0.258867922057
0.0
0.0
1.47825664166
2.52944812723
-0.0314539127118
0.258867922057
0.258867922057
1.45665308339
5.60289060396
0.0
5.60289060396
1.45665308339
0.0
0.0
0.258867922057
0.258867922057
0.0
0.258867922057
0.258867922057
0.258867922057
3.07502873886
0.0
0.0
0.258867922057
0.0
0.0
1.45665308339
0.258867922057
0.258867922057
1.05525050774
0.258867922057
0.258867922057
1.05525050774
2.28998951596
0.0
0.258867922057
1.88395990989
0.0
0.0
1.88395990989
1.05525050774
0.0
1.88395990989
0.258867922057
0.258867922057
0.258867922057
1.05525050774
0.0
1.88395990989
0.0
0.0
4.05761166247
0.258867922057
1.05525050774
0.258867922057
0.0
0.0
0.0
0.0
0.0
0.0
0.0
0.0
0.0
0.0
0.0
0.0
0.0
0.0
2.75253889114
0.0
0.0
0.0
0.0
0.0
0.0
0.0
0.0
0.0
0.0
0.0
0.0
1.05525050774
0.258867922057
3.5633311155
1.05525050774
2.28998951596
0.0
0.258867922057
1.88395990989
0.0
0.0
1.88395990989
1.05525050774
0.0
1.88395990989
0.258867922057
0.258867922057
0.258867922057
1.05525050774
0.0
1.88395990989
0.0
0.0
3.5633311155
0.258867922057
1.05525050774
0.258867922057
2.4661451261
0.0
1.05525050774
6.10235761899
0.258867922057
1.05525050774
2.52944812723
0.0
2.52944812723
2.52944812723
0.0
0.0
2.83996363694
2.52944812723
0.0
2.4073371456
3.98589350794
2.52944812723
0.258867922057
1.05525050774
2.83996363694
0.258867922057
2.19139394082
0.0
1.05525050774
2.52944812723
2.52944812723
0.258867922057
5.10439641431
0.0
1.05525050774

Topic 8
Mean 2.05184027431
Median 1.80186789467
Sum 678.089697764
0.258867922057
0.258867922057
3.46734801976
1.45665308339
2.65736164002
5.87477909224
-0.0314539127118
-0.0314539127118
2.65803170655
-0.0314539127118
0.258867922057
3.93610638673
3.68633587351
5.07448871887
1.05525050774
0.258867922057
3.46734801976
3.46734801976
1.80186789467
1.47825664166
2.52163044914
0.258867922057
2.35693924394
2.88105501423
1.80186789467
0.0
2.35693924394
2.35693924394
1.45665308339
3.93610638673
3.46734801976
1.80186789467
1.47825664166
3.93610638673
3.46734801976
2.35693924394
-0.0314539127118
-0.0314539127118
1.47825664166
-0.0314539127118
1.47825664166
1.05525050774
1.901615776
0.0
2.83769948638
0.258867922057
4.57202000732
2.94156252171
2.65736164002
1.47825664166
2.65736164002
2.52163044914
2.35693924394
2.52163044914
1.47825664166
0.258867922057
2.65736164002
2.65736164002
2.65736164002
1.47825664166
2.65736164002
5.85709582578
1.80186789467
1.901615776
1.901615776
2.65736164002
0.258867922057
0.258867922057
4.29949985932
1.88395990989
1.47825664166
1.88395990989
1.901615776
0.258867922057
2.83769948638
2.83769948638
1.47825664166
1.901615776
0.0
0.0
0.0
0.0
0.0
0.0
0.0
0.0
0.0
0.0
0.0
0.0
0.0
-0.0314539127118
-0.0314539127118
2.65803170655
-0.0314539127118
3.08315141329
1.05525050774
1.47825664166
0.0
1.47825664166
1.47825664166
1.47825664166
1.47825664166
1.47825664166
0.0
3.07502873886
0.258867922057
0.258867922057
1.45665308339
-0.0314539127118
0.258867922057
0.258867922057
0.258867922057
1.45665308339
-0.0314539127118
0.258867922057
0.258867922057
0.258867922057
0.0
-0.0314539127118
0.0
0.0
0.0
0.0
0.0
0.0
0.0
2.4073371456
0.0
0.0
4.02013437842
0.0
0.0
0.0
0.0
0.0
0.258867922057
4.26844152781
5.45981273027
1.80186789467
-0.0314539127118
3.93610638673
3.46734801976
2.88105501423
3.93610638673
2.75253889114
4.26844152781
1.80186789467
3.2638231573
0.0
-0.0314539127118
0.258867922057
2.61620369493
0.258867922057
0.258867922057
2.52089831331
0.258867922057
0.0
0.258867922057
0.258867922057
0.258867922057
2.52089831331
0.0
0.258867922057
0.258867922057
0.258867922057
0.0
0.0
0.258867922057
0.0
0.258867922057
1.45665308339
3.46734801976
3.46734801976
1.80186789467
1.05525050774
4.34968295362
3.46734801976
5.46507004286
5.19613229774
1.05525050774
2.52163044914
1.80186789467
1.05525050774
0.0
1.05525050774
1.45665308339
0.0
3.46734801976
0.258867922057
-0.0314539127118
-0.0314539127118
1.47825664166
-0.0314539127118
1.47825664166
1.05525050774
2.58818279411
0.0
1.901615776
1.901615776
1.47825664166
2.58818279411
1.901615776
0.0
1.47825664166
-0.0314539127118
0.0
-0.0314539127118
0.0
1.05525050774
1.45665308339
0.258867922057
0.258867922057
1.83162575173
-0.0314539127118
0.258867922057
0.258867922057
0.258867922057
1.45665308339
-0.0314539127118
0.258867922057
0.258867922057
0.258867922057
0.0
-0.0314539127118
1.45665308339
0.0
0.258867922057
0.258867922057
1.45665308339
-0.0314539127118
0.0
0.0
4.29949985932
0.0
1.05525050774
1.05525050774
1.05525050774
0.0
1.05525050774
1.05525050774
1.05525050774
1.05525050774
4.29949985932
0.0
1.05525050774
0.0
0.0
0.0
0.0
1.05525050774
1.05525050774
0.0
0.258867922057
4.030320622
4.59215404346
2.65736164002
1.47825664166
2.67127752987
2.58818279411
2.4073371456
2.83769948638
2.83769948638
2.94156252171
2.65736164002
2.83769948638
0.0
1.47825664166
0.258867922057
2.61620369493
2.99292963378
2.52089831331
1.80186789467
2.58818279411
0.258867922057
1.05525050774
3.07502873886
0.258867922057
0.258867922057
1.45665308339
-0.0314539127118
0.258867922057
0.258867922057
0.258867922057
1.45665308339
-0.0314539127118
0.258867922057
0.258867922057
0.258867922057
0.0
-0.0314539127118
3.90568410763
0.0
0.258867922057
0.258867922057
1.45665308339
-0.0314539127118
1.45665308339
0.0
0.258867922057
0.258867922057
2.67127752987
7.35143084862
2.65736164002
1.47825664166
3.68633587351
2.46487936388
1.80186789467
1.901615776
1.901615776
2.94156252171
2.65736164002
4.29949985932
0.0
1.47825664166
0.258867922057
0.0
1.80186789467
0.258867922057
1.80186789467
2.46487936388
0.258867922057
4.29949985932
2.94156252171
0.258867922057
0.258867922057
3.29569822177
3.68633587351
0.258867922057
1.47825664166
6.62049699593
2.58818279411
2.4073371456
1.901615776
1.901615776
1.47825664166
2.58818279411
1.901615776
0.0
1.47825664166
0.258867922057
2.4073371456
2.4073371456
0.258867922057
1.05525050774
2.58818279411
0.258867922057
1.05525050774
6.31558519348
0.258867922057
3.68633587351
0.258867922057
5.60935679814
3.33155299683
2.65736164002
-0.0314539127118
3.93610638673
2.52163044914
2.35693924394
3.93610638673
-0.0314539127118
2.94156252171
2.65736164002
0.258867922057
0.0
-0.0314539127118
0.258867922057
0.0
3.93610638673
0.258867922057
2.52163044914
-0.0314539127118
0.258867922057
0.0
2.94156252171
0.258867922057
2.94156252171
3.29569822177
1.45665308339
7.62682333613
8.16788781166
1.80186789467
1.05525050774
4.34968295362
3.46734801976
2.88105501423
3.46734801976
1.05525050774
4.57202000732
1.80186789467
3.2638231573
0.0
1.05525050774
1.45665308339
2.8723591574
5.45981273027
2.52089831331
4.34968295362
1.05525050774
1.45665308339
1.05525050774
4.030320622
1.45665308339
2.67127752987
2.67127752987
2.52163044914
0.258867922057
4.57202000732
3.46734801976
3.40989710727
-0.0314539127118
2.52163044914
3.46734801976
2.88105501423
3.46734801976
2.75253889114
4.57202000732
1.80186789467
1.88395990989
0.0
-0.0314539127118
0.258867922057
0.0
4.36773432198
0.258867922057
3.46734801976
-0.0314539127118
0.258867922057
0.0
1.80186789467
0.258867922057
1.80186789467
0.258867922057
2.52163044914
4.57202000732

