Topic 9
Mean 2.79897349482
Median 2.74354608129
Sum 16.7938409689
2.19139394082
0.0
0.0
3.29569822177
0.258867922057
0.0
4.25179587426
0.258867922057
0.0
6.53721708797

Topic 3
Mean 2.4073371456
Median 2.4073371456
Sum 2.4073371456
0.0
0.0
0.0
0.0
0.0
0.0
0.0
2.4073371456
0.0
0.0

Topic 6
Mean 1.64151851427
Median 1.89278784295
Sum 6.56607405709
0.0
0.0
0.0
2.52163044914
1.901615776
0.0
1.88395990989
0.0
0.0
0.258867922057

Topic 7
Mean 2.44106026589
Median 1.78957605897
Sum 14.6463615954
5.17095834295
0.258867922057
0.258867922057
0.0
0.0
0.0
3.32028419588
5.37851529035
0.258867922057
0.0

Topic 4
Mean 1.32445919169
Median 1.68110827578
Sum 10.5327657081
0.258867922057
0.258867922057
1.88395990989
0.258867922057
1.88395990989
2.67127752987
-0.0314539127118
-0.0314539127118
1.47825664166
1.901615776

Topic 8
Mean 1.77583007602
Median 1.47825664166
Sum 12.336448794
-0.0314539127118
0.258867922057
1.47825664166
0.258867922057
-0.0314539127118
3.29569822177
1.45665308339
-0.0314539127118
2.8412333706
2.8412333706

Topic 0
Mean 1.47825664166
Median 1.47825664166
Sum 1.47825664166
0.0
0.0
0.0
0.0
0.0
0.0
0.0
1.47825664166
0.0
0.0

Topic 5
Mean 1.39393317391
Median 1.07141391597
Sum 8.36359904343
0.0
0.0
2.4073371456
0.0
1.88395990989
0.258867922057
0.0
0.258867922057
3.29569822177
0.258867922057

Topic 2
Mean 1.86434904266
Median 0.857760502724
Sum 18.6434904266
3.52097462311
0.258867922057
6.47065149922
1.88395990989
4.0169117007
0.258867922057
0.258867922057
0.258867922057
1.45665308339
0.258867922057

Topic 1
Mean 1.22851516561
Median 0.857760502724
Sum 7.37109099363
0.0
0.0
2.52163044914
0.0
1.45665308339
0.258867922057
0.0
2.61620369493
0.258867922057
0.258867922057

