Topic 5
Mean 0.34642447742
Median 0.379485506223
Sum 8.66061193549
0.0
0.0
0.395203005315
0.0
0.379485506223
0.049343625555
0.0
0.0472449775718
0.572071902454
0.0566574529073
0.0
0.986465962253
0.478473662263
0.331197653728
0.493997766793
0.0
0.0
0.0
0.0
0.0
0.0
0.0
0.389907714526
0.564126551669
0.0786391503294
0.664489585596
0.565321215328
0.0
0.0
0.192551175639
0.191940727913
0.0
0.0
0.178551287996
0.0
0.135366034951
0.0
0.569543975086
0.036043094513
0.3145074126
0.0397955274308
0.509266908831
0.0
0.440420058023
0.0

Topic 9
Mean 0.294088242953
Median 0.280605869978
Sum 6.46994134496
0.295244237819
0.0
0.0
0.203715045227
5.17735844114e-301
0.0
0.695021020456
0.0375103890625
0.0
0.718036446567
0.0
0.41887336298
0.0
0.0
0.0
0.274943944436
0.698130569109
0.0
0.204275891863
0.277470586601
0.0
0.373875219324
0.0300853702327
0.0
5.05889625445e-300
0.365293529123
0.0
0.0403648454334
0.526122997593
0.301948462869
0.0
5.17735844114e-301
0.684045606926
0.0
0.283741153355
0.0412426659799
0.0
0.0
0.0
0.0
0.0
0.0
0.0
0.0
0.0

Topic 8
Mean 0.283169500196
Median 0.261495317752
Sum 9.31279910759
-0.00517025640928
5.17735844114e-301
0.20415908348
0.0432925209449
-0.00418038753677
6.59139644353e-300
0.268126641347
-0.0050108424554
5.68246674119e-300
0.460685809861
0.0421510771945
0.0
5.17735844114e-301
0.335612210939
0.0410145243752
0.0
0.294501089245
0.217613060405
0.0
0.0
0.0
0.0578549734945
0.277255117643
0.718036446567
0.821965981474
0.458470604286
0.0483563523725
0.302667307985
0.710786042457
0.249058072972
0.185449559364
0.0324344228055
0.195685724463
0.0317894780258
0.322328537881
0.41188066087
-0.00487583731832
0.261495317752
0.559629780182
-0.00398579072728
-0.00473381265234
-0.00383747177118
0.27864850026
0.717252758951
0.79639184886

Topic 0
Mean 0.296749208075
Median 0.243920612936
Sum 2.96749208075
0.0
0.0
0.0
0.0
0.0
0.0
0.0
0.251842899157
0.0
0.0
0.0
0.0
0.0
0.0
0.0
0.0
0.0476537251282
0.0
0.0
0.049345259179
0.0
0.0
0.0
0.0
0.0
0.0
0.0
0.0
0.0
0.768777788897
0.0
0.0
0.435762678023
0.0
0.0424205906343
0.0
0.0
0.375879169203
0.0
0.0
0.225091186593
0.0
0.235998326716
0.0
0.534720457217

Topic 1
Mean 0.280239880004
Median 0.242910434865
Sum 5.04431784007
0.0
0.0
0.373027005649
0.0
0.204707224623
0.0493543151692
0.0
0.461461246967
0.0429570361473
0.0405616930418
0.0
0.0
0.0
0.0
0.0
0.0
0.251441962926
0.243609118557
0.0
0.0
0.0
0.0
0.0
0.0
0.0
0.0
0.0
0.0
0.0
0.305953250152
0.0425845139137
0.226371324913
0.770815592153
0.0
0.0
0.0
0.0
0.458329998714
0.468954222019
0.18796345174
0.504310092636
0.0
0.242211751173
0.0
0.16970403958

Topic 7
Mean 0.275407073894
Median 0.208802866455
Sum 8.79505153591
0.790347137944
0.0355185146337
0.0344617873658
0.0
0.0
0.0
0.557261249731
0.857239788607
0.0338660594551
0.0
0.0379071162103
0.450753829399
0.21103694539
0.0
0.444281773656
0.213112749853
0.194672924739
-0.00423381478935
0.0
-0.0040788422901
-0.00421610711741
0.211892888983
0.193654526378
5.17735844114e-301
0.0
5.17735844114e-301
5.17735844114e-301
0.563074461733
0.0459427956743
0.320401815235
0.0453523683687
0.0
0.3145074126
0.328265890238
-0.00544606451605
5.17735844114e-301
0.59117308895
0.491708227994
0.206568787519
0.0
0.47234807958
0.764166207675
0.178203616517
0.17734986427
0.0479564559248

Topic 4
Mean 0.233736499742
Median 0.179901874313
Sum 7.69775305848
0.0536117534739
0.0363616162958
0.284633264216
0.0417214224212
0.342400353053
0.345973391194
-0.0050108424554
-0.0057403010801
0.187571246807
0.270596627537
5.68246674119e-300
5.17735844114e-301
0.179901874313
0.200755489235
0.20415908348
0.223029568182
0.0484220132827
0.900696939126
0.384856605896
0.149468538203
0.142678675335
0.0
0.0
0.0
0.0
0.0
0.0
0.0
0.653752725197
0.0658808776681
0.0416184363839
0.0487928951149
-0.0048002894868
5.17735844114e-301
0.258639731355
0.0
0.379932981702
0.0445508199293
0.417375117732
0.142242601668
0.89612496425
0.138268673929
0.58375664792
0.0
0.0455295565987

Topic 3
Mean 0.268187133627
Median 0.0566574529073
Sum 4.0228070044
0.0
0.0
0.0
0.0
0.0
0.0
0.0
0.395203005315
0.0
0.0
0.0
0.049343625555
0.0
0.0
0.379485506223
0.0
0.572071902454
0.0
0.0
0.0472449775718
0.0566574529073
0.0
0.0
0.0
0.0
0.0
0.0
0.0
0.0
0.778383218209
0.0
0.0
0.0451080975335
0.0536117534739
0.529978825798
0.0
0.0
0.3752869636
0.0
0.0
0.609893640951
0.0467499148413
0.0427735955936
0.0
0.0410145243752

Topic 2
Mean 0.243532032606
Median 0.0530368075475
Sum 8.76715317381
0.579499943085
0.0399663281497
0.882785413744
0.320401815235
0.777754317255
0.055392516283
0.0374541595773
0.0431826322378
0.254353904576
0.0506810988121
0.555642319275
0.0395347177622
0.0412209059834
0.0457289452832
0.0385538061974
0.193654526378
5.17735844114e-301
5.17735844114e-301
5.17735844114e-301
5.17735844114e-301
0.35788909082
0.0351316884486
0.0401244101715
0.854000369284
0.0465197454417
0.27617481337
0.319621034228
5.17735844114e-301
0.800663629867
0.517113839266
0.514357809704
0.284633264216
0.0349893522224
0.517270707135
0.179901874313
0.0329541954917
0.0
0.0
0.0
0.0
0.0
0.0
0.0
0.0
0.0

Topic 6
Mean 0.167119398946
Median 0.0500123621835
Sum 4.01086557471
0.0
0.0
0.0
0.352905978966
0.264706786156
0.0
0.32481995741
0.0
0.0
0.0459427956743
0.0
0.0
0.0
0.0
0.0
5.17735844114e-301
0.189906980236
0.0
0.211892888983
5.17735844114e-301
0.0
0.0445480626411
0.0
0.0
0.0387057012558
0.0506810988121
0.0
5.17735844114e-301
0.526122997593
0.34675936549
0.0
0.481371830356
0.049343625555
0.0
0.203715045227
0.0410916724159
0.305433981281
0.0
0.0
0.431991558622
0.0370618471333
0.0
5.17735844114e-301
0.0322043410119
0.0316590598934

