Topic 9
Mean 0.463761629928
Median 0.452914733549
Sum 19.9339090813
0.439535870537
0.368428998074
0.839385727088
0.670776178507
0.573580346757
0.922400009106
0.653288477261
0.786986157235
0.697427963501
0.67757059802
0.28370908299
0.761496886846
0.363343833935
0.628786323914
0.365833447557
0.248182654406
0.215049802549
0.225535024989
0.236768207479
0.254550682971
-0.00404680329436
0.180724306736
0.157931096502
0.197043241279
0.39314549227
0.185061051233
-0.00379420231578
0.211028761375
0.550370909405
0.54254334243
0.633532722531
1.0
0.487893969002
0.454989747583
0.284353623862
0.205171978304
0.455555937399
0.459868203856
0.452914733549
0.53175933111
0.917182649664
0.315225586574
0.379560402586
0.201497394831
0.53175933111

Topic 5
Mean 0.456489856917
Median 0.43748315133
Sum 10.955756566
0.0
0.0
0.370806493127
0.0
0.0
0.0
0.0
0.0
0.0
0.0
0.363726672789
0.0
0.0
0.0
0.0
0.390936548306
0.0
0.0
0.0
0.0
0.316356363115
0.454438225933
0.314803545714
0.6595264607
0.267326119803
0.0
0.519250333618
0.820272504438
0.341022606474
0.42199327277
0.542740681323
0.268734901799
0.0
0.282594301303
0.908595737223
0.597224882362
0.298813817395
0.498277647374
0.0
0.27517180748
0.0
0.45297302989
0.479966680256
0.584823646838
0.525380285983

Topic 7
Mean 0.41126045319
Median 0.390524879339
Sum 17.2608457617
0.520184082485
0.572752942176
0.509134573961
0.704724442089
0.610814554969
0.776165030488
0.465291101472
0.442478504482
0.295685967191
0.442174964678
-0.00409320246682
0.133150756459
0.329822828144
-0.00423704240554
-0.00376302737648
0.364856077469
0.326851912949
0.329781884645
0.396306173739
0.310727293575
0.249901607906
0.444475783492
0.423612865568
0.282979733693
0.409726913628
0.405606032526
0.12089709536
0.296726073057
0.530347126294
0.342379810546
0.818522989794
0.419367208287
0.324728089984
0.366566806761
0.366321782089
0.311962994642
0.723627883532
0.446909340011
0.494555191349
0.576638665623
0.0296295102525
0.265424561969
0.37392365389
0.384743584939
0.332460637809

Topic 0
Mean 0.360210061015
Median 0.370508705086
Sum 9.00525152537
0.321371096285
0.0
0.0
0.56115526186
0.542477407156
0.413892057849
0.567421820582
0.13427325585
0.449410559233
0.46867366006
0.516544002883
0.731578125136
0.0
0.509798937144
0.125713981652
0.336603704079
0.0389307532406
0.390970473163
0.32994917537
0.370508705086
0.302131322984
0.0
0.0
0.0
0.0
0.0
0.368453309281
0.0
0.558924022262
0.346912129428
0.0
0.0398342614406
0.0699093895888
0.466294852262
0.0435192614991
0.0
0.0
0.0
0.0
0.0
0.0
0.0
0.0
0.0
0.0

Topic 6
Mean 0.358447203039
Median 0.368398306919
Sum 13.6170423223
0.315420646922
0.277055996855
0.0
0.271309313251
0.556145175613
0.393891390855
0.506817294972
0.396964734246
0.0376805620149
0.0367175185801
0.354351994176
0.415376967081
0.420953492672
0.29902455054
0.461980064966
0.669707594144
0.317098828369
0.344890213958
0.249548981799
0.224945936248
0.356656478701
0.468554677277
-0.00395139319717
0.0382416046762
0.0372500467074
0.41261579644
0.0364093230775
0.0585449888847
0.0
0.869358549831
0.996227836576
0.0
0.392071339123
0.410022170059
0.0
0.0
0.424614939214
0.296739835384
0.0351759409135
0.380140135137
0.690216103395
0.0336196786426
0.48632713179
0.648325882383
0.0

Topic 3
Mean 0.352600365626
Median 0.344474948987
Sum 10.2169798632
0.32971292645
0.326038015931
0.219806543888
0.0460212576112
0.293570967162
0.474024730917
-0.00437597990195
0.302320373681
0.18662145175
0.0
0.0373010644233
0.622212852914
0.309651081933
0.346372744325
0.243832816466
0.0
0.0
0.0
0.0
0.756703036997
0.0
0.371323284435
0.523695233848
0.3637605254
0.0630776126542
0.612949026745
0.228729671541
0.575509929388
0.344474948987
0.222876792962
0.313042065986
0.350621212232
-0.00405476008583
0.432446006893
0.0
0.532395773551
0.0
0.0
0.40041483913
0.0
0.0
0.0
0.0
0.395903814941
0.0

Topic 4
Mean 0.353659160072
Median 0.303834076486
Sum 11.6574088797
0.509164009248
0.039913927087
0.043945638462
0.324795871793
0.509281497811
0.0291888645574
0.0
0.0
0.0
0.0
0.0418737696507
0.250393742914
0.303834076486
0.572523021526
0.0
-0.00472988438881
0.28854396032
-0.00431393073264
0.221744697818
0.0
0.261638292545
0.0447370786878
0.821965981474
0.0350024042699
0.270118283504
0.0
0.839884520193
-0.00429958756699
0.356308818893
0.555876189498
0.309665491808
0.299635031981
0.0
0.385585858806
0.143376551
0.220738390622
0.447792470726
0.529832370754
0.434969688607
0.923091388262
0.0
0.71063580163
0.225831884595
0.428766196164
0.290096510692

Topic 2
Mean 0.32975299213
Median 0.279196300234
Sum 8.57357779539
0.372528415984
0.208265941021
0.232116250269
0.0
0.0
0.0
0.194981280803
0.222517205425
0.200316870033
0.0
0.331193943769
0.0
0.650915578764
0.0
0.0
0.334225713458
0.851407873613
0.382387709085
0.0
0.198702648171
0.244735021123
0.277058216465
0.307990057726
0.733247067809
0.0
0.163571344255
0.497278785308
0.281334384002
0.0
0.0
0.0
0.0
0.0
0.0
0.0
0.0
0.139758027974
0.159587599155
0.431539221853
0.0
0.145626547467
0.271857752367
0.342033737326
0.398400602163
0.0

Topic 8
Mean 0.300877750268
Median 0.253871795935
Sum 11.1096594692
0.0515852267341
0.0564537429962
0.453091959043
0.199039959779
0.355043710302
0.853225491544
-0.00397208811736
-0.00353816081672
0.352218367637
-0.00370271404837
0.0398521688702
0.690466666992
0.392402448841
0.596537340776
0.115040340849
0.0344853745256
0.410584136042
0.463542596203
0.222888151631
0.190002151997
0.289090081502
0.0306951327029
0.251491852699
0.398954478765
0.199961003453
0.0
0.244253477419
0.256208498501
0.204749224571
0.512286610436
0.471019399257
0.247226500958
0.201275878029
0.496557138883
0.425251118187
0.28047280994
-0.00411938213024
-0.00365455913382
0.203706633428
-0.00383038641274
0.167908819443
0.118792769993
0.253871795935
0.0
0.402243701037

Topic 1
Mean 0.304061461829
Median 0.218543288934
Sum 5.15670906873
-0.00360727272583
0.0
0.0355098386805
0.187678012225
0.287668143536
0.0310589838762
0.171084066315
0.619210436348
0.0282293118128
0.286302054301
0.0
0.0
0.0
0.0
0.0
-0.00485325111604
1.0
0.0355963021676
0.218543288934
0.70840696335
0.0
-0.00387525852471
0.390303156372
0.0318329102676
0.190982898141
0.556335328398
0.0
0.390303156372
0.0
0.0
0.0
0.0
0.0
0.0
0.0
0.0
0.0
0.0
0.0
0.0
0.0
0.0
0.0
0.0
0.0

