Topic 5
Mean 0.422810060702
Median 0.421563757733
Sum 39.7107354341
0.0
0.0
0.395203005315
0.0
0.379485506223
0.049343625555
0.0
0.0472449775718
0.572071902454
0.0566574529073
0.0
0.986465962253
0.478473662263
0.331197653728
0.493997766793
0.0
0.0
0.0
0.0
0.0
0.0
0.0
0.389907714526
0.564126551669
0.0786391503294
0.664489585596
0.565321215328
0.0
0.0
0.192551175639
0.191940727913
0.0
0.0
0.178551287996
0.0
0.135366034951
0.0
0.569543975086
0.036043094513
0.3145074126
0.0397955274308
0.509266908831
0.0
0.440420058023
0.0
0.0
0.824205441104
0.359283420726
0.0497738121552
0.0452911227043
0.633334774628
0.0
0.414383597597
0.0
0.520237753114
0.0
0.707392934437
0.0
0.0
0.0
0.900450208668
0.0
0.0
0.0
0.745073654869
0.0
0.0
0.918627010759
0.323400097317
0.343480850253
0.0431470772398
0.83160884879
0.0
0.319499469657
0.172283171352
0.459501916725
0.336694205336
0.0
0.0
0.0
0.0
0.0
0.0
0.0
0.0
0.0
0.0
0.0
0.0
0.0
0.0
0.0
0.0
0.0
0.0
0.0
0.0
0.0
0.0
0.0
0.0
0.0
0.0
0.0
0.0
0.0
0.561449297827
0.0410678368251
0.364888189622
0.0460111932573
0.501662165822
0.0
0.0595230100579
0.0
0.883494977617
0.347262345754
0.0
0.517138578004
0.0
0.0
0.0
0.952715534755
0.551631272946
0.322089056156
0.485990344019
0.966227960094
0.0
0.459544406012
0.174466548618
0.565373701208
0.541223082396
0.0
0.557412131324
0.0
0.0
0.63140892958
0.0
0.729414266081
0.417944068698
0.0409356106221
0.0378542627741
0.473733497226
0.0
0.412026395833
0.0
0.496429255817
0.484026496995
0.0
0.341318976182
0.0
0.0
0.341639104256
0.295404693063
0.0
0.29070048467
0.394184835796
-0.00613748857868
-0.00557728983131
0.345054389513
0.0
0.158450433844
0.20163791918
-0.00445470276279
-0.00431637813513
0.0
0.255433192925
0.0
0.0
-0.00456431830969
0.25917141638
-0.00425373410981
0.0
0.587559007018
0.612654890607
0.285917939567
0.548033339073
0.851621706006
0.0
0.534030129259
0.0
0.524464781313
0.606861192945
0.0
0.425183446769
0.0
0.0
0.58081326271
0.627700201203
0.445084644799
-0.00410636014863

Topic 0
Mean 0.36471919407
Median 0.350816907718
Sum 25.1656243908
0.0
0.0
0.0
0.0
0.0
0.0
0.0
0.251842899157
0.0
0.0
0.0
0.0
0.0
0.0
0.0
0.0
0.0476537251282
0.0
0.0
0.049345259179
0.0
0.0
0.0
0.0
0.0
0.0
0.0
0.0
0.0
0.768777788897
0.0
0.0
0.435762678023
0.0
0.0424205906343
0.0
0.0
0.375879169203
0.0
0.0
0.225091186593
0.0
0.235998326716
0.0
0.534720457217
0.0
0.329953107417
0.0
0.0
0.0468660958056
0.0
0.0440221550176
0.0
0.295295115448
0.0401357255962
0.0
1.0
0.0
0.0
0.0510040918789
0.0
0.0476537251282
0.0
0.768777788897
0.548560831678
0.329953107417
0.0
0.0433975165749
0.0
0.0
0.436357015706
0.0
0.042190720325
0.0
0.393507308256
0.646822955425
0.0403650459169
0.40484859338
0.0
0.0
0.0
0.0
0.0
0.0
0.0
0.0
0.0
0.331528869998
0.0
0.0
0.0
0.0
0.0500449886259
0.0
0.0
0.0519138732105
0.0
0.529978825798
0.0
0.0443051095905
0.0437814079833
0.0460550676154
0.0500449886259
0.0440544221632
0.0
0.0
0.0
0.0
0.0
0.0
0.0
0.0
0.0
0.0
0.0
0.0
0.0
0.0
0.0
0.0
0.0
0.0
0.0
0.0
0.0
0.0
0.0
0.0
0.0
0.0
0.0
0.0
0.0
0.0
0.0
0.0
0.0
0.728757438676
0.0
0.0
0.59900388952
0.0
0.0451080975335
0.0
0.645036737072
0.591429716764
0.313140262072
0.728757438676
0.377595349713
0.359099158222
0.0472449775718
0.0
0.0
0.0
0.957440851104
0.0
0.0
0.0532579438303
0.0
0.223029568182
0.0
0.797397914468
0.548560831678
0.342850427226
1.0
0.40484859338
0.64103877165
0.0522130711267
0.0
0.0
0.757996640859
0.0
0.81260592819
0.0
0.0
0.501979203779
0.0
0.234775158907
0.0
0.602858666355
0.537267233788
0.519673523779
0.350816907718
0.468348232705
0.0
0.0470818781247
0.0
0.0
0.856682536212
0.350816907718

Topic 9
Mean 0.353671570409
Median 0.321227144444
Sum 33.9358443964
0.295244237819
0.0
0.0
0.203715045227
5.17735844114e-301
0.0
0.695021020456
0.0375103890625
0.0
0.718036446567
0.0
0.41887336298
0.0
0.0
0.0
0.274943944436
0.698130569109
0.0
0.204275891863
0.277470586601
0.0
0.373875219324
0.0300853702327
0.0
5.05889625445e-300
0.365293529123
0.0
0.0403648454334
0.526122997593
0.301948462869
0.0
5.17735844114e-301
0.684045606926
0.0
0.283741153355
0.0412426659799
0.0
0.0
0.0
0.0
0.0
0.0
0.0
0.0
0.0
0.323647425014
0.354274577808
0.0
0.0
0.0
0.0
0.0
0.0
0.0
0.0
0.254381451227
0.710143656252
0.0
0.189626009848
0.251118513349
0.0
0.509897578139
0.0388476337524
0.387373880977
0.0
0.0
0.572071902454
0.0340618206818
0.0
6.59139644353e-300
0.556712851643
0.0
0.0478613865283
0.415463250085
0.0491005463327
0.0
0.0
0.0457430791243
0.0
0.0
0.0
0.0
0.0
0.0
0.0
0.0
0.0
0.0
0.0
0.0
0.0
0.0316590598934
0.981399034576
0.0
5.17735844114e-301
0.714328853976
0.452756295396
0.0330844647233
0.0304406735373
0.305433981281
0.0
0.0
0.463395707073
0.0345179654275
0.0
0.386208284052
0.370136169768
0.0
0.21052647771
0.289130847451
0.0
0.284604949316
0.0336954717648
0.328590783158
0.0
0.0
0.262629763166
0.0387638739617
0.0
0.198141889237
0.512868098818
0.861390898231
0.0
0.176475360875
0.661807382486
0.397054036704
0.510959126731
0.0455705139586
0.506866906869
0.0
0.0
0.486976244736
0.0553597938912
0.0
0.419932920054
0.402147412441
0.366224101661
-0.00356190972037
0.0
0.200105037747
0.269831191608
0.0
0.269836554878
0.0
-0.00426650810362
0.0
0.0
0.250003354835
-0.00512200304196
0.0
-0.00367594199147
0.946477361599
0.232264676065
0.39092111332
0.493729186872
0.0
0.211071291426
0.450825135176
0.0
0.608665773082
0.95660255219
0.513066090955
0.0
0.0
0.943717383972
0.436619552686
0.0
0.318806863874
0.294887346322
0.479577044888
0.279062218341
0.0
0.386359847443
0.0
0.0
0.919167756958
0.0
0.0
0.0
0.0
0.0
0.0
0.891866812864
0.0
0.0
0.567735257112
0.0
0.577927103946
0.0
0.0

Topic 3
Mean 0.336713689909
Median 0.339660311264
Sum 34.6424175113
0.0
0.0
0.0
0.0
0.0
0.0
0.0
0.395203005315
0.0
0.0
0.0
0.049343625555
0.0
0.0
0.379485506223
0.0
0.572071902454
0.0
0.0
0.0472449775718
0.0566574529073
0.0
0.0
0.0
0.0
0.0
0.0
0.0
0.0
0.778383218209
0.0
0.0
0.0451080975335
0.0536117534739
0.529978825798
0.0
0.0
0.3752869636
0.0
0.0
0.609893640951
0.0467499148413
0.0427735955936
0.0
0.0410145243752
0.0
0.760057155844
0.0
0.0
0.432722282562
0.317095888993
0.706053058878
0.0
0.574561014029
0.339660311264
0.0
0.345117587901
0.0
0.0
0.338037826299
0.0457718033236
0.380253334392
0.497364872931
0.365037576456
0.545605203808
0.405618557391
0.0
0.352626145419
0.0
0.0
0.50079441777
0.319385199422
0.0411659878193
0.0
0.22245908394
0.0356730282985
0.394330221002
0.148127995926
0.0
0.535174638095
0.0
0.0
0.377595349713
0.0482842176601
0.0440544221632
0.0
0.042190720325
0.546959235603
0.265222150847
0.636415185004
0.0365595008563
0.0
0.0442514406169
0.0
0.0
0.728757438676
0.404461480918
0.0500449886259
0.0
0.0476537251282
0.0421540635493
0.287847292021
0.0413571709481
0.746276480336
0.0433975165749
0.0
0.0
0.0
0.0
0.707392934437
0.0
0.0
0.0
0.0
0.0
0.0
0.0
0.0
0.0
0.817547413261
0.0
0.256068802254
0.0
0.0
0.256913508773
0.0441946541675
0.0406245343025
0.0
0.0390344982171
0.324293043085
0.682245437034
0.447203609688
0.242874361673
0.25149797618
0.0400652853171
0.826087027798
0.0
0.394184835796
0.0
0.0
0.29070048467
-0.00613748857868
-0.00557728983131
0.0
-0.00531085937839
-0.00420812607712
0.469700617052
0.166178940806
0.371366542764
-0.00480906263226
-0.00470912206925
0.0
0.269510888263
0.0
0.0410678368251
0.0
0.0
0.561449297827
0.364888189622
0.0460111932573
0.0
0.0439820667962
0.382384685439
0.369264915752
0.3511104622
0.638040666091
0.392867265594
0.665584106009
0.0
0.351173442008
-0.00456431830969
0.0
0.295244237819
0.0
0.0
0.61094366166
0.0365365032621
0.0340618206818
0.665636688789
0.0329369033506
0.288458596604
0.583906394151
0.663008927037
0.0294015106114
0.294384022608
1.0
0.817547413261
0.821720770276
-0.00377628236792
0.303230511785

Topic 1
Mean 0.335560311963
Median 0.338698620424
Sum 34.2104078178
0.0
0.0
0.373027005649
0.0
0.204707224623
0.0493543151692
0.0
0.461461246967
0.0429570361473
0.0405616930418
0.0
0.0
0.0
0.0
0.0
0.0
0.251441962926
0.243609118557
0.0
0.0
0.0
0.0
0.0
0.0
0.0
0.0
0.0
0.0
0.0
0.305953250152
0.0425845139137
0.226371324913
0.770815592153
0.0
0.0
0.0
0.0
0.458329998714
0.468954222019
0.18796345174
0.504310092636
0.0
0.242211751173
0.0
0.16970403958
0.0
0.505283591461
0.462857485966
0.569264922412
0.379240750741
0.0
0.190579315879
0.0
0.189304674914
0.712267438868
0.0
0.340110649798
0.21584271648
-0.00436530223112
-0.00393835997499
0.0
0.236834806508
0.0
-0.00391253479382
0.567175024449
0.173153405694
0.0
0.0338306956742
0.0397804117895
0.0377177302977
0.0338636945169
0.0
0.0
0.0
0.0336317680928
0.410020261198
0.0318675106658
0.0
0.0
0.0422232604447
0.0519138732105
0.0484557081133
0.0422746749293
0.0
0.0
0.0
0.0419138438293
0.481144706323
0.378989532411
-0.00452780548405
0.0391945506208
0.0
0.0
0.0
0.0
0.0
0.0
0.0
0.0
0.0
0.0
0.0
0.0
0.0
0.0
0.0
0.695209923396
0.227791979096
0.0430720470486
0.570315423322
0.0
0.321365162781
0.0
0.721217003114
0.825885751628
0.344520290411
0.331884332056
0.443793267161
0.493997766793
0.0
0.0
0.448744371662
0.250044995078
0.0430042472771
0.37494707887
0.0
0.364918955517
0.0
0.0377720829037
0.988921972551
0.344076228727
0.241533156329
0.489971980226
0.572071902454
0.0
0.478473662263
0.0
0.618829406634
0.59900388952
0.0451156649433
0.55669599095
0.0
0.269043144611
0.0
0.617477470583
0.487893969002
0.33728659105
0.361550812674
0.0369800637112
0.0472449775718
0.0
0.986465962253
0.395203005315
0.0
0.801777597746
0.463641525742
0.036043599938
0.345359722239
0.0
0.183565711882
0.0
0.0322942772125
0.657608972023
0.348541338704
0.167344214701
0.316336890544
0.0373898904122
0.0
0.57351746405
0.340622219947
0.413872575336
0.0
0.321838377397
0.0
0.0
0.58948202795
0.0
0.0
0.0
0.0
0.683436003366
0.49618738918
0.0
0.0
0.0
0.0
0.0
0.289864205538
0.290798716185
0.492249725326

Topic 6
Mean 0.31313805265
Median 0.319669121683
Sum 40.0293026923
0.0
0.0
0.0
0.352905978966
0.264706786156
0.0
0.32481995741
0.0
0.0
0.0459427956743
0.0
0.0
0.0
0.0
0.0
5.17735844114e-301
0.189906980236
0.0
0.211892888983
5.17735844114e-301
0.0
0.0445480626411
0.0
0.0
0.0387057012558
0.0506810988121
0.0
5.17735844114e-301
0.526122997593
0.34675936549
0.0
0.481371830356
0.049343625555
0.0
0.203715045227
0.0410916724159
0.305433981281
0.0
0.0
0.431991558622
0.0370618471333
0.0
5.17735844114e-301
0.0322043410119
0.0316590598934
0.575657364316
0.230910485414
0.0
0.418932706281
0.322089056156
0.0
0.184140572433
0.0416626719164
0.551631272946
0.195915653427
0.341187215422
0.242286131223
0.0
0.790347137944
0.320401815235
0.0
0.193654526378
0.0374541595773
0.809370208441
0.440573830785
0.528717983391
-0.00356438417998
0.116640367472
0.0
0.377726480364
-0.00444364812288
0.0
0.119377362008
0.0
0.123864024621
0.375216054722
0.113580093518
0.520507234378
-0.00437025951638
0.348820781471
0.0
0.287594985866
-0.00577013027055
0.0
0.204960919911
0.0
0.375524008082
-0.00375270054403
0.248137128485
0.261321861733
0.12450866757
0.301948462869
0.0
0.0
0.596832516033
0.0365365032621
0.0
5.17735844114e-301
0.0318069427414
0.295244237819
0.981399034576
0.266244768726
0.478729633974
0.550555074881
-0.00363393319409
0.363401144968
0.0
0.0
0.477916382469
0.0488823882454
0.0
1.30744341759e-299
0.040771304232
0.507990559311
0.31162403661
0.438950239525
0.464212736952
-0.00364829102059
-0.00449707153328
0.340936431645
0.341832618696
0.313699963057
0.0
0.417383627821
0.333196345436
0.0
0.383528322862
0.70701602755
0.818522989794
0.0301545127143
0.544743725546
0.969814249248
0.502484281755
0.33705660393
0.379000527504
0.43724988792
0.332169962119
0.0
0.0
0.48343865799
0.0425725881879
0.0
5.17735844114e-301
0.0362856789963
0.0355949125824
0.19996010673
0.30406620571
0.318936428131
0.0
-0.00420644997005
0.543672053354
0.336811118652
0.0337041920812
-0.00432909544903
0.345632835387
0.0
0.284648824691
-0.00569858734117
0.0
0.203034374004
0.0
0.371831869945
0.0
0.245940845932
0.258887125082
0.123511336371
0.37420318456
0.853280994047
-0.00445349579699
0.334079144664
0.0
0.0351331246399
1.0
0.0
0.398741818776
0.03883989334
0.0
0.189906980236
0.0335384629507
0.726244517058
0.375216054722
0.371245580134
0.773185388096
1.0
0.348820781471
0.550555074881
0.416834652939
0.502484281755
0.0297844347421
0.345632835387

Topic 8
Mean 0.29943732217
Median 0.262534095092
Sum 42.7270418666
-0.00517025640928
5.17735844114e-301
0.20415908348
0.0432925209449
-0.00418038753677
6.59139644353e-300
0.268126641347
-0.0050108424554
5.68246674119e-300
0.460685809861
0.0421510771945
0.0
5.17735844114e-301
0.335612210939
0.0410145243752
0.0
0.294501089245
0.217613060405
0.0
0.0
0.0
0.0578549734945
0.277255117643
0.718036446567
0.821965981474
0.458470604286
0.0483563523725
0.302667307985
0.710786042457
0.249058072972
0.185449559364
0.0324344228055
0.195685724463
0.0317894780258
0.322328537881
0.41188066087
-0.00487583731832
0.261495317752
0.559629780182
-0.00398579072728
-0.00473381265234
-0.00383747177118
0.27864850026
0.717252758951
0.79639184886
0.041974635404
0.351737600364
0.928558534878
0.586862674158
0.423062906078
0.551984145445
0.249555816668
0.884640090882
0.304389391822
0.519680625127
0.036290100366
0.254168726886
0.189091428331
0.211790779076
0.0354444712314
0.29964338646
0.350421183597
0.420833513731
0.962985421952
0.76562773502
0.309251459488
0.0
0.0
0.0
0.0
0.0
0.0
0.0
0.0
0.0
0.0
0.0
0.0
0.0482820072944
-0.00435312666261
5.17735844114e-301
0.334378908639
0.0467966088448
0.740838457099
0.0
0.684045606926
0.32623315369
-0.0041425206966
0.480034473027
0.331824498417
0.0
0.0555703566865
-0.0057403010801
5.17735844114e-301
0.0481581780498
0.0536117534739
0.0467499148413
0.0
0.0668859370765
0.282870668195
-0.00537964522551
0.0465329709371
0.288545784233
0.0
0.32481995741
0.0444273719639
0.265194136634
0.718036446567
0.737992902998
0.458470604286
0.0386042943961
0.288351154265
1.0
0.234467514139
0.717252758951
0.884640090882
0.240319432194
0.0
0.0436846862287
0.0495666058249
0.047247712412
0.206155561777
0.410727397529
0.919212338021
0.50137843081
0.328791225732
0.219882805342
0.814819255914
0.187095407513
0.410374366103
0.630418377895
0.323176183376
0.0
0.356173204127
0.0531031543868
0.682938563729
0.0487943441956
0.195010284817
0.350146781626
0.0429850948259
0.047277749452
0.041859593889
0.207249333838
0.461411410567
0.257827710633
0.349861388337
0.326131562175
0.262534095092
0.0
0.292226501418
0.400744779098
0.580106454781
0.353276017085
0.321310694028
-0.0048002894868
5.17735844114e-301
0.0493038698211
0.653752725197
0.0478288300612
0.0
0.0691165998459
0.222573077874
-0.00454545985094
0.0476017814708
0.040421303325
0.0
0.0558804230429
0.0658808776681
0.0507811360606
0.0544996209415
0.0565678558223
-0.00491542126867
0.263376810455
0.195637277442
-0.00401220304895
-0.00477111534343
-0.00386194892411
0.382162021688
0.261770125821
0.293083506162
0.250625372733
0.226840292969
0.316127467759
0.0
-0.00417105847406
-0.00542787247047
0.250992574497
0.197469816173
0.187220555385
-0.00457984235773

Topic 4
Mean 0.280432603245
Median 0.248470333512
Sum 43.4368074934
0.0536117534739
0.0363616162958
0.284633264216
0.0417214224212
0.342400353053
0.345973391194
-0.0050108424554
-0.0057403010801
0.187571246807
0.270596627537
5.68246674119e-300
5.17735844114e-301
0.179901874313
0.200755489235
0.20415908348
0.223029568182
0.0484220132827
0.900696939126
0.384856605896
0.149468538203
0.142678675335
0.0
0.0
0.0
0.0
0.0
0.0
0.0
0.653752725197
0.0658808776681
0.0416184363839
0.0487928951149
-0.0048002894868
5.17735844114e-301
0.258639731355
0.0
0.379932981702
0.0445508199293
0.417375117732
0.142242601668
0.89612496425
0.138268673929
0.58375664792
0.0
0.0455295565987
0.0394485082563
0.0447261042736
0.322525515195
0.766433215715
0.745707314907
0.188593105915
0.356061376389
0.0
0.0457126430083
0.816264620293
0.268126641347
0.0555703566865
0.0372521235898
0.0428980525081
-0.00517025640928
5.17735844114e-301
0.228996578777
0.0
0.321310694028
0.040355045615
0.0404988150328
0.55075774939
0.0538305003584
0.0364621099002
0.0418537795192
-0.00504538816305
5.17735844114e-301
0.223701626776
0.0
0.812210680667
0.0394295768932
0.0395668165367
0.269098553211
0.341740121307
0.282010589919
0.695504425505
0.500252805175
0.3907466617
0.194552906226
0.767032232743
0.0
0.433111976287
0.39735520339
0.467668827296
0.447581471057
0.343320536897
0.413859707636
0.0388935878192
0.819424534655
0.324795871793
0.438499155064
0.17865705082
0.817010415505
0.0
0.470843740372
0.397242910696
0.406208917036
0.200642622707
0.414955522537
0.65602395114
0.466712344043
0.0488823882454
0.315967858911
0.038800081949
-0.00447893202775
1.30744341759e-299
0.373451287476
0.0
0.0500632197485
0.545410676808
0.387503106398
0.0438768950094
0.0427850286146
0.357716654588
0.31616903225
0.222547259188
0.0482291094457
0.319690668503
0.332073864563
0.454034947644
0.224456647958
0.695257046209
0.0
0.257991334311
0.656213961612
0.414408657149
0.22848814624
0.223216409865
0.707358537784
0.379462851286
0.581093746815
0.0342106046819
0.038110469327
0.415712199584
0.493387200966
0.0
5.17735844114e-301
0.502315839275
0.0
0.0388244163224
0.43363302566
0.461663109151
0.034997730021
0.0342995457965
0.46741033776
0.443770255761
0.0322213304999
0.0319361870246
0.24764148817
0.0506810988121
0.0349893522224
0.0399247855419
0.0
5.17735844114e-301
0.762967473847
0.0
0.292332086747
0.0377129866425
0.0378385177608
0.319888984499
0.248470333512
0.542425537564
0.188946602101
0.040771304232
0.761385034911
0.0329931761173
0.0
0.0
0.19886729802
0.39335077352
0.294501089245
0.217613060405
0.159587599155
0.0
0.0
0.15409053304
0.36649492674
0.0
0.0
0.345510978362
0.197347287957
0.0
0.327734837898
0.0
0.0

Topic 7
Mean 0.26649361251
Median 0.207633897972
Sum 29.7800310266
0.790347137944
0.0355185146337
0.0344617873658
0.0
0.0
0.0
0.557261249731
0.857239788607
0.0338660594551
0.0
0.0379071162103
0.450753829399
0.21103694539
0.0
0.444281773656
0.213112749853
0.194672924739
-0.00423381478935
0.0
-0.0040788422901
-0.00421610711741
0.211892888983
0.193654526378
5.17735844114e-301
0.0
5.17735844114e-301
5.17735844114e-301
0.563074461733
0.0459427956743
0.320401815235
0.0453523683687
0.0
0.3145074126
0.328265890238
-0.00544606451605
5.17735844114e-301
0.59117308895
0.491708227994
0.206568787519
0.0
0.47234807958
0.764166207675
0.178203616517
0.17734986427
0.0479564559248
0.0
0.0
0.0
0.0
0.0
0.0
0.0
0.0
0.0
0.0
0.211053764775
0.192953399122
-0.00419559823098
0.0
-0.00404336052594
-0.00417820813658
0.561009781441
0.558063742318
-0.00538299312186
0.176761649845
0.0
0.921567890427
0.850108450662
0.0346807880441
0.0
0.501301864569
0.0369544387186
0.13899595909
0.138268673929
0.0445508199293
0.411974642853
0.0
0.137767967598
0.591865467063
0.413393230156
0.0330940990434
0.0
0.031941474584
0.0351582728712
0.210712085924
0.209519476239
0.0419661386122
0.24335906085
0.0
0.208699008424
0.316979898773
0.0396944563889
0.579499943085
0.363858051598
0.0
0.591969350813
0.466987874756
-0.0042342364913
5.17735844114e-301
0.777754317255
0.772495372488
0.0
-0.00419601235392
0.445962091759
0.0366905538591
0.286721441865
0.278409410735
0.175571327696
0.0
0.0302421131859
0.185859259417
-0.003760517475
5.17735844114e-301
0.0390808970023
0.437433654085
0.0
-0.00373033731484
0.280709623225
0.0296250202282
0.0344658995347
0.596832516033
0.478729633974
0.0296225902773
0.0
0.63884707596
0.0312656712292
-0.00350267060209
5.17735844114e-301
0.0365365032621
0.412543359174
0.0
-0.00347647285385
0.383191808557
0.0281395348406
0.472615042369
0.275236142633
0.21653984929
0.197528641116
0.0
0.0
0.0
0.0
0.359823785761
0.35788909082
0.0
0.180593619027
0.0
0.35655745818
0.141035366141
0.214061802535
0.0
0.0
0.0
0.0
0.0
0.0
0.0
0.0
0.0
0.0
0.0
0.0
0.0
0.0
0.0
0.0
0.0
0.0
0.0
0.0
0.0
0.0362305533711
0.0351316884486
0.201798016747
0.0
0.0345127827473
0.744792813364
-0.00430895875408
5.17735844114e-301
0.0465197454417
0.973973573697
0.0
-0.00426937992289
0.0353593142884
0.0337114061675
0.0401244101715
0.308665520625
0.030116215435
0.0
0.0

Topic 2
Mean 0.234662847736
Median 0.200146990668
Sum 35.9034157037
0.579499943085
0.0399663281497
0.882785413744
0.320401815235
0.777754317255
0.055392516283
0.0374541595773
0.0431826322378
0.254353904576
0.0506810988121
0.555642319275
0.0395347177622
0.0412209059834
0.0457289452832
0.0385538061974
0.193654526378
5.17735844114e-301
5.17735844114e-301
5.17735844114e-301
5.17735844114e-301
0.35788909082
0.0351316884486
0.0401244101715
0.854000369284
0.0465197454417
0.27617481337
0.319621034228
5.17735844114e-301
0.800663629867
0.517113839266
0.514357809704
0.284633264216
0.0349893522224
0.517270707135
0.179901874313
0.0329541954917
0.0
0.0
0.0
0.0
0.0
0.0
0.0
0.0
0.0
0.790347137944
0.0396944563889
0.041394591088
0.0459427956743
0.0387057012558
0.436509467253
0.211892888983
0.0362305533711
0.398584828817
0.0
0.555063591084
0.839847879424
0.532718948746
0.343480850253
0.0395916767365
0.456409013032
5.68246674119e-300
0.0370057047332
0.342126533613
0.0
0.45094575921
0.232903099932
0.26348268495
0.037613167188
0.300794451162
0.0353798502169
0.333145758984
0.341017775745
0.0333003632376
0.557684518195
0.0
0.252604103029
0.244862740386
0.229015611709
0.0351501748546
0.036476818616
0.0399630354695
0.0343726321826
0.222883127524
0.179423910848
0.0324065706302
0.203275034513
0.0
0.248946456232
0.211185147896
0.294428865802
0.449397660903
0.38896404636
0.304125811963
0.261521475935
0.0325275393169
0.595136336994
0.164890783702
0.290465099864
0.78946524008
0.0
0.420855791864
0.680383877855
0.200146990668
0.276023976356
0.0359471771889
0.0411916751764
0.242104722159
0.0479604493246
0.22580033711
0.0369589194356
5.17735844114e-301
0.210865404443
0.0336706967728
0.0
0.0370984845512
0.0379116362354
0.0340321637115
0.0330992062271
0.0313848844531
0.0451528551054
0.0537485654142
0.320254172772
0.0658808776681
0.292332086747
0.0467607302777
5.17735844114e-301
0.267777951101
0.0416184363839
0.0
0.0469843633739
0.0482962913627
0.0421720895597
0.0407487955894
0.0381812445492
0.583206996686
0.0
0.0
0.0
0.0
0.0
0.0
0.0
0.0
0.0
0.0
0.0
0.0
0.0
0.0
0.0
0.0
0.0
0.446243035902
0.561033977851
0.560395318144
0.287161466975
0.0383943804273
0.375584540272
0.18684031848
0.0359576356923
0.539512274819
0.0
0.598700367227
0.488299507024
0.561390277764
0.296997754347
0.70687005522
0.0368123859663
0.046526412923
0.0
0.427247540961
0.0452921880761
0.26739052875
0.0536117534739
0.24764148817
0.0402265870904
5.68246674119e-300
0.229791775267
0.0363616162958
0.0
0.440739314409
0.411156059354
0.0367835298704
0.0356960328679
0.0337102310222
0.498234269931
0.653752725197
0.0
0.0400530579297

