Topic 7
Mean 0.412996497852
Median 0.377848702148
Sum 65.6464942916
0.520184082485
0.572752942176
0.509134573961
0.704724442089
0.610814554969
0.776165030488
0.465291101472
0.442478504482
0.295685967191
0.442174964678
-0.00409320246682
0.133150756459
0.329822828144
-0.00423704240554
-0.00376302737648
0.364856077469
0.326851912949
0.329781884645
0.396306173739
0.310727293575
0.249901607906
0.444475783492
0.423612865568
0.282979733693
0.409726913628
0.405606032526
0.12089709536
0.296726073057
0.530347126294
0.342379810546
0.818522989794
0.419367208287
0.324728089984
0.366566806761
0.366321782089
0.311962994642
0.723627883532
0.446909340011
0.494555191349
0.576638665623
0.0296295102525
0.265424561969
0.37392365389
0.384743584939
0.332460637809
0.33118448358
0.0328547699803
0.323661417722
0.0605580489427
0.0311445293764
0.0
0.33443334893
0.0351732649418
0.373875219324
0.0344341723647
0.779205302182
0.451502491283
0.365126957845
0.535855474861
0.280511178628
0.227741161839
0.323404827993
0.439650850474
0.71535832953
0.548458904376
0.304612362035
0.502481425917
0.475980157263
0.318271719311
0.379800141964
0.453364949606
-0.00407562192092
0.335766624518
0.605301691398
0.352174363677
0.938986755154
0.03666156815
0.300758814922
0.0
0.143816359379
0.356526210916
0.0
0.0
0.392317595537
0.27081936138
0.129625606064
0.399851618152
0.289145022112
0.0
0.244985570982
0.0
0.800810104964
0.409649342702
1.0
0.410966126153
0.412871784531
0.21657853235
0.308284403146
0.377848702148
0.744618642597
1.0
0.0314443750902
0.36183762312
0.418963299356
0.232116250269
0.0
0.0
0.0
0.0
0.0
0.0
0.0
0.0
0.0
0.0
0.0
0.0
0.0
0.0
0.0
0.587542041341
0.2931718361
0.295526911852
0.604448102808
0.367749440772
0.215674735098
0.310551649403
0.385261220174
0.447856752102
0.621855033544
0.0326953958363
0.509386109492
0.403998636743
0.231078432038
0.889278252184
0.0
0.488299507024
0.427331117735
0.419152467161
0.551210412386
0.409013622705
0.234225304367
0.338535067369
0.859285618325
0.490201668176
0.421370141094
0.0420450797724
0.727779248213
0.437476423505
0.258277797491
0.788133049929
0.0
0.577496348302
0.322344058416
0.0306314275191
0.315980029767
0.300551192375
0.0291395698776
-0.00377997277308
0.28940747951
0.295224969817
0.80612948983
0.576743423376
0.305877948493
0.299691285108
0.305926213994
0.0
0.258838612737
0.0
0.334000030405
0.288497981457
0.464646888118
0.304075381732
0.82938011697
0.599719111303
0.420865652523
0.32130590646
0.33668547214
0.819477902766
0.466368910777
0.67526172123
0.0398089845158
0.798721323114
0.434647458953
0.346595115936
0.785588465236
0.0
0.56130620903
0.946493085181
0.636293443787

Topic 5
Mean 0.422110023521
Median 0.373726048558
Sum 36.7235720463
0.0
0.0
0.370806493127
0.0
0.0
0.0
0.0
0.0
0.0
0.0
0.363726672789
0.0
0.0
0.0
0.0
0.390936548306
0.0
0.0
0.0
0.0
0.316356363115
0.454438225933
0.314803545714
0.6595264607
0.267326119803
0.0
0.519250333618
0.820272504438
0.341022606474
0.42199327277
0.542740681323
0.268734901799
0.0
0.282594301303
0.908595737223
0.597224882362
0.298813817395
0.498277647374
0.0
0.27517180748
0.0
0.45297302989
0.479966680256
0.584823646838
0.525380285983
0.947078612887
0.0
0.0
0.0
0.0
0.380519003179
0.492333859758
0.65494480955
0.742781575841
0.609430131213
0.423708080108
0.0
0.0
0.0
0.0
0.0358896191055
0.372851685863
0.0434653517457
0.0327238834099
0.0297452080215
0.479066428491
0.0
0.0
0.0
0.310687594255
0.0
0.0
0.0
0.373726048558
0.458122559267
0.34464875369
0.0
0.0
0.0
0.0
0.0
0.0
0.0
0.0
0.0
0.0
0.0
0.0
0.0
0.0
0.0
0.0
0.0
0.0
0.0
0.0
0.0
0.0
0.0
0.0
0.0
0.0
0.0
0.0
0.0
0.0
0.368589166299
0.0
0.0
0.0
0.0
0.439017057599
0.365263286041
0.732020498696
0.452306844661
0.0
0.0
0.0
0.0
0.0
0.244579353662
0.0
0.0
0.0
0.0
0.219393746166
0.214372721499
0.297466172661
0.192556696276
0.277037404608
0.311471155287
0.0329651596308
0.0
0.0
0.0
0.0
0.28697225461
0.485882127034
0.0
0.0
0.0
0.281989959905
0.259993255762
0.27109224727
0.804368067181
0.495489944261
0.314631748097
0.275936476053
0.0
0.0
0.0
0.0
0.190599559754
0.332752960485
0.597916452657
0.610654186365
1.0
0.0
0.299345423897
0.800810104964
0.558578174611
0.702998837572
0.862563493737
0.462582166247
0.0378036477935
0.322816893761
0.0
0.0
0.382738258183
0.20341093341
0.717018015578
0.0
0.444399329331
0.411219082811
0.696957624046
0.0
0.0
0.0
0.286486119154
0.353820912401
0.29551574797
0.0
0.0
0.336871778785
0.0
0.0
0.0
0.0
0.0
0.504837228581

Topic 6
Mean 0.361022737696
Median 0.372654191965
Sum 46.2069590319
0.315420646922
0.277055996855
0.0
0.271309313251
0.556145175613
0.393891390855
0.506817294972
0.396964734246
0.0376805620149
0.0367175185801
0.354351994176
0.415376967081
0.420953492672
0.29902455054
0.461980064966
0.669707594144
0.317098828369
0.344890213958
0.249548981799
0.224945936248
0.356656478701
0.468554677277
-0.00395139319717
0.0382416046762
0.0372500467074
0.41261579644
0.0364093230775
0.0585449888847
0.0
0.869358549831
0.996227836576
0.0
0.392071339123
0.410022170059
0.0
0.0
0.424614939214
0.296739835384
0.0351759409135
0.380140135137
0.690216103395
0.0336196786426
0.48632713179
0.648325882383
0.0
0.400412058692
0.317448075137
0.450848725755
0.281483266044
0.579499943085
0.850108450662
0.385715109262
0.0339034360553
0.0
0.0314717510734
0.283200277281
0.112354777253
0.519514095789
0.438481594045
0.0387208219917
0.585572138624
0.514532141151
0.0393135136785
0.0
0.134937015295
0.624225463051
0.0
0.455384355025
0.0
0.0
0.512008904611
0.543057006598
0.0
0.0
0.448956360513
0.0
0.0
0.0
0.335162179273
0.393209943796
0.0
0.0
0.434723163068
0.45690249344
0.337057633639
0.0
0.388408121795
0.0
0.339307381638
0.0
1.0
0.327770090764
0.323263260958
0.329952574012
0.32235221415
0.039219646861
0.365168248793
0.499970067014
0.0398278276597
0.0
0.545985375385
0.331092152819
0.538666140308
0.0
0.344031022676
0.0
0.0
0.0
0.0
0.0
0.0
0.0
0.0
0.0
0.0
0.0
0.0
0.0
0.0
0.0
0.588183973795
0.0
0.4077839326
0.0
0.0
0.0
0.630018903461
0.0
0.0
0.0
0.466115126172
0.0
0.0
0.0
0.0
0.355429939411
0.322106193834
0.258942974936
0.0451172798472
0.320255423744
0.0551283712393
0.0425886773179
0.948896086112
0.0563376211757
0.0
0.476322733749
0.0391996037508
0.128121430247
0.0
0.0
0.552429553112
0.544010732646
0.339158191047
0.439849909454
0.0
0.0292478487053
0.0286642824354
0.480169452042
0.0281638483309
0.0398059067836
0.346554230389
0.0
0.321915674762
0.0266406980199
0.029870751129
0.0
0.0
0.0301667393061
0.0
0.0
0.0387729947895
0.686128387631
0.333472039428
0.499363850097
0.416471334691
0.419211363119
0.484026496995
0.527143767959
0.0432380627174
0.0
0.9405293616
0.51746953316
0.772324986622
0.0
0.590530042405
0.664009770273
0.0
0.466012116448
0.50871431693
0.0320833764748

Topic 4
Mean 0.400192609487
Median 0.371894069114
Sum 41.9891358389
0.509164009248
0.039913927087
0.043945638462
0.324795871793
0.509281497811
0.0291888645574
0.0
0.0
0.0
0.0
0.0418737696507
0.250393742914
0.303834076486
0.572523021526
0.0
-0.00472988438881
0.28854396032
-0.00431393073264
0.221744697818
0.0
0.261638292545
0.0447370786878
0.821965981474
0.0350024042699
0.270118283504
0.0
0.839884520193
-0.00429958756699
0.356308818893
0.555876189498
0.309665491808
0.299635031981
0.0
0.385585858806
0.143376551
0.220738390622
0.447792470726
0.529832370754
0.434969688607
0.923091388262
0.0
0.71063580163
0.225831884595
0.428766196164
0.290096510692
0.505033517791
0.0
0.371894069114
0.559730456786
0.0
0.0
0.0
0.0
0.0
0.490064443433
0.0
0.0
0.0
0.68626987511
0.0
0.0
0.0
0.0
0.0
1.0
0.0
0.0
0.0
0.0
0.0
0.0
0.0
0.0
0.0
0.0
0.0
0.0
0.0
0.391076354953
0.699426140604
0.635880806409
0.323846286468
0.0
0.641684138959
-0.00470405156977
0.637099821494
0.355166353746
0.465484099104
0.0
0.0
0.0
0.357535131
0.623607510798
0.0325099917867
0.499823143844
0.0
0.299629472793
0.202087927326
0.340923795517
0.785451547732
0.752232040842
0.0
0.0
0.0
0.491807407429
0.80894262781
0.485342528333
0.580094658574
0.484335129805
0.0
0.0388808273777
-0.00454284609265
0.0413374456504
0.34447705269
0.38896404636
0.434723163068
0.0
0.0
0.376868954158
0.345623142984
0.0392602357397
0.721203225046
0.0315579786026
0.299102289272
0.0
0.346915566954
0.257001865102
0.797498798924
0.216700447608
0.371547407909
0.0
0.0
0.0
0.336680928958
0.307471605607
0.0366174509752
0.382963661306
0.493291250908
0.0339743195351
0.69317932064
0.0
0.0353839718676
0.0
0.0374070791952
0.348462359378
0.307523092933
0.0
0.0
0.0
0.381644187445
0.349635166794
0.56798673002
0.0334995475526
0.612428706219
0.0
0.0
0.0
0.0
0.0
0.0
0.0
0.0
0.407201473038
1.0
0.0
0.0
0.0
0.0
0.512008904611
0.0
0.0
0.0
0.750298938575
0.0
0.633994626437
0.0
0.728238543183
0.275492537123
-0.00406873950235
0.137933498312
0.414999678456
0.0
0.414999678456
0.0
-0.00442911733948
0.194370524576
0.0
0.363142206605
0.0
0.0

Topic 9
Mean 0.40854666867
Median 0.36153608863
Sum 67.3586078829
0.439535870537
0.368428998074
0.839385727088
0.670776178507
0.573580346757
0.922400009106
0.653288477261
0.786986157235
0.697427963501
0.67757059802
0.28370908299
0.761496886846
0.363343833935
0.628786323914
0.365833447557
0.248182654406
0.215049802549
0.225535024989
0.236768207479
0.254550682971
-0.00404680329436
0.180724306736
0.157931096502
0.197043241279
0.39314549227
0.185061051233
-0.00379420231578
0.211028761375
0.550370909405
0.54254334243
0.633532722531
1.0
0.487893969002
0.454989747583
0.284353623862
0.205171978304
0.455555937399
0.459868203856
0.452914733549
0.53175933111
0.917182649664
0.315225586574
0.379560402586
0.201497394831
0.53175933111
0.531159212822
0.399249614222
0.546799234866
0.328478110763
0.356968755688
0.309040745291
0.310481678731
0.313085159971
0.334180655714
0.298611914597
0.308229304988
0.263841663498
0.684881027223
0.343373482213
0.282035653417
0.200204060121
0.37455049904
0.199023073737
0.267454005336
0.357411785186
0.29550230342
0.432152918233
0.617976873025
0.433333385128
0.677343304125
0.986385615628
0.411015343475
0.155051129728
0.144095275782
0.389907714526
0.147852624442
0.431588766329
0.145987015012
0.401669284984
0.403808101901
0.563767407334
0.438751065349
0.746301344035
0.0
0.270287238838
0.195717889146
0.51722245092
0.258129993918
0.321023189196
0.254973221291
0.143496937324
0.384253488206
0.0281444326005
0.281823017581
0.300961344003
0.297602290411
0.0305622300951
-0.00431350481404
-0.00402768751866
0.0370574635312
0.358492281309
0.0299468318951
0.0303796719228
0.0487242662707
-0.00401200007649
0.734402110522
0.548118119171
0.938191330028
0.861256800388
0.825885751628
0.324282941773
0.338142935408
0.189352085814
0.986465962253
0.477824495613
0.36399513577
0.31961513814
0.565321215328
0.4657356485
0.322158751781
0.28159233845
0.521306574975
0.34711719147
0.450751055103
0.35024830567
0.372051928839
-0.00572499047315
-0.00523220077717
0.450751055103
0.0457881306788
0.343423508264
0.268004666798
0.0736446187116
-0.00520575819708
0.0410995153067
0.047411675411
0.198803005707
0.611186624981
0.363027509356
0.181455972151
0.202868342572
0.785190539416
0.308458316221
0.165944001135
0.36153608863
0.296739835384
0.262720412368
0.499464706785
0.327824256155
0.212739600504
-0.00342071553575
0.268136625629
-0.00425207606059
0.406465255525
0.276650410846
0.852303421915
0.864534527843
0.768289220416
0.211143903503
-0.00389875072805
-0.00366375786036
0.24513561669
0.377355239047
0.439781338113
0.681278771784
0.689896379877
0.0
0.345845371894
0.506339131161
0.287978533633
0.0
0.0
0.686003908688
0.982289342092
0.0
0.502702940182
0.873732818939
0.0
0.0
0.387711665369
0.0
0.276167677374
0.0
0.35118850081
0.54206415187
0.0
0.0
0.0
0.393209943796
0.0

Topic 3
Mean 0.361300437036
Median 0.344053675351
Sum 44.782816756
0.32971292645
0.326038015931
0.219806543888
0.0460212576112
0.293570967162
0.474024730917
-0.00437597990195
0.302320373681
0.18662145175
0.0
0.0373010644233
0.622212852914
0.309651081933
0.346372744325
0.243832816466
0.0
0.0
0.0
0.0
0.756703036997
0.0
0.371323284435
0.523695233848
0.3637605254
0.0630776126542
0.612949026745
0.228729671541
0.575509929388
0.344474948987
0.222876792962
0.313042065986
0.350621212232
-0.00405476008583
0.432446006893
0.0
0.532395773551
0.0
0.0
0.40041483913
0.0
0.0
0.0
0.0
0.395903814941
0.0
0.0444973206307
0.455962613561
0.260842103757
0.672695230395
0.274862680532
0.482944011108
0.0
0.255821023525
0.0415289967267
0.468827645738
0.336128278231
0.590269170907
0.452672546013
0.327335296402
0.230501043381
0.603758983542
0.0
0.258803554706
0.410829297374
0.0
0.557106303418
0.503874914742
0.899483853236
0.699499263999
0.509238960007
0.329255262187
0.682028139506
0.0
1.0
0.401133804242
0.0
0.714411750343
0.643836045103
0.0
0.0
0.592312720674
0.505033517791
0.0
0.343890983504
0.0
0.0
0.0
0.0
0.0
0.0
0.353661826119
0.0362617298966
0.307371832562
0.189089117718
0.0405096717692
0.376102950415
0.247108219039
0.0
0.621389158787
0.333686403171
0.0
0.279031902113
0.23342591839
0.333642869363
0.0
5.68246674119e-300
0.224456647958
0.179901874313
5.17735844114e-301
0.203034374004
0.182619939209
0.0
0.189622625893
5.17735844114e-301
0.0
0.204906830961
0.311206706773
0.18123477784
0.0
0.205958578423
0.852065834454
0.60325174378
0.554094936974
0.279870941454
0.33242239321
0.413153613741
0.0
0.493623212803
0.299240053592
0.0
0.367902255554
0.313742035257
0.446851760347
0.0
0.33689538916
0.376630091424
0.631768538138
0.353628000334
0.343821968181
0.389695841943
-0.004529639317
0.344216367198
0.0
0.382619629474
0.351351319343
0.0
0.0456207864332
0.415388885319
0.71398731928
0.0
0.0370043462056
6.59139644353e-300
0.536483409548
0.0
0.0
0.0
0.0
0.0
0.0
0.0
0.0
0.0
0.0
0.0
0.0
0.0
0.0
0.0
0.0
0.0
0.0
0.723927699714
0.290552082843
0.370950684495
0.0552127366273
-0.00547705712253
0.0431191338231
0.0
0.46011222913
0.395004325259
0.0
0.0530336935647
0.0369398759105
0.654628586919
0.0
0.0417363012598
5.17735844114e-301
0.601508907312
0.850177389276
0.0

Topic 0
Mean 0.320965630676
Median 0.327852703182
Sum 36.590081897
0.321371096285
0.0
0.0
0.56115526186
0.542477407156
0.413892057849
0.567421820582
0.13427325585
0.449410559233
0.46867366006
0.516544002883
0.731578125136
0.0
0.509798937144
0.125713981652
0.336603704079
0.0389307532406
0.390970473163
0.32994917537
0.370508705086
0.302131322984
0.0
0.0
0.0
0.0
0.0
0.368453309281
0.0
0.558924022262
0.346912129428
0.0
0.0398342614406
0.0699093895888
0.466294852262
0.0435192614991
0.0
0.0
0.0
0.0
0.0
0.0
0.0
0.0
0.0
0.0
0.316249764386
0.306042382843
0.0
0.294365343805
0.049066749289
0.288364748754
0.497261472425
0.0
0.340951960433
0.0
0.495899799764
0.0383551284022
0.0
0.319042547837
0.0531045115579
0.431928846659
0.477328705624
0.0
0.490040470583
0.0
0.281841127588
0.696918228268
0.318803790289
0.0
0.342572538721
0.560095763949
0.299667261138
0.343253218868
0.0
0.538426334898
0.0
0.313763314449
0.380293276308
0.217748456858
0.195969758496
0.0
0.213843987774
0.0465715475406
0.197362340246
0.306933729682
0.0
0.0384535872633
0.0
0.877321626958
0.336215751408
0.537932844553
0.54767132308
0.0375935644308
0.0
0.0331578795284
0.0516556765981
0.470682949323
0.0356721702585
0.0
0.551328728688
0.0
0.0333687429099
0.586649821349
0.036991361922
0.0321956438923
0.0359088806595
0.0387199013328
0.0
0.329411351049
0.525752051468
0.0308971093939
0.0366847654115
0.0
0.0432559451595
0.0
0.0342531682129
0.0361732060619
0.95660255219
0.0330182107675
0.0354950582891
0.331113948582
0.0501060912539
0.0
0.04252405837
0.0786391503294
0.272970897549
0.0467499148413
0.0
0.421910823936
0.0
0.0428714968563
0.287744410421
0.0490419794755
0.0409543035582
0.326294055315
0.046446189242
0.0
0.0
0.391237990121
0.0
0.370800573226
0.0
0.435905481567
0.0
0.0
0.0
0.0
0.0
0.0
0.0
0.0
0.0
0.0
0.632660907434
0.730582759183
0.494631923607
0.780671485305
0.693059706646
0.684505329776
0.308890573927
0.0
0.500252805175
0.0
0.444473201835
0.501511621504
0.914701951101
0.422641270583
0.547694008524
0.0516971372011
0.282010589919
0.0
0.0
0.0
0.0
0.0
0.0
0.364402755689
0.0
0.0
0.0
0.0
0.0
0.0
0.0
0.0
0.0
0.0
0.0
0.0
0.0

Topic 2
Mean 0.324650732664
Median 0.308482633699
Sum 29.8515338378
0.372528415984
0.208265941021
0.232116250269
0.0
0.0
0.0
0.194981280803
0.222517205425
0.200316870033
0.0
0.331193943769
0.0
0.650915578764
0.0
0.0
0.334225713458
0.851407873613
0.382387709085
0.0
0.198702648171
0.244735021123
0.277058216465
0.307990057726
0.733247067809
0.0
0.163571344255
0.497278785308
0.281334384002
0.0
0.0
0.0
0.0
0.0
0.0
0.0
0.0
0.139758027974
0.159587599155
0.431539221853
0.0
0.145626547467
0.271857752367
0.342033737326
0.398400602163
0.0
0.21856776029
0.244985570982
0.36183762312
0.0
0.648003199906
0.0320918541016
0.222193957204
0.187236948903
0.0
0.519980024918
0.323196251093
0.0
0.399819888895
0.0
0.0
0.806737961045
0.034915193208
0.487085065871
0.0
0.364562258749
0.431298471433
0.327749928003
0.755312003018
0.208014989309
0.0
0.194698398675
-0.00408757904294
0.656382880515
0.27673190272
0.0
0.139554434017
0.218291384513
-0.00406195653793
0.0355642065103
0.0
0.309119764303
0.0
0.0
0.40235265881
0.336811118652
0.327985299734
0.0
0.373451287476
0.410624963132
0.0390490779202
-0.00418037284466
0.0338530959506
0.0
0.394989427304
0.0
0.0
0.0372710804056
0.0336628217441
0.0286508075005
0.0
0.810963119467
0.560439595077
0.799992312977
-0.00400365885015
0.0374892188216
0.0
0.0
0.982289342092
0.0
0.0
0.0
0.0
0.284340874299
0.0
0.0
0.0
0.0
0.0
0.0
0.0
0.0
0.0
0.0
0.0
0.0
0.0
0.0
0.0
0.0
0.0
0.0
0.0
0.0
0.0
0.0
0.0
0.691872216186
0.266843314561
0.30481969702
0.0
0.190490661126
0.623055051937
0.240025908079
0.308975209671
0.0
0.348759554558
0.31959402087
0.60807267646
0.235478216317
0.382445438352
0.344318827531
0.0
0.0
0.0
0.0
0.0
0.0
0.0
0.0
0.0
0.0
0.0
0.0
0.0
0.0
0.0
0.0
0.0
0.0
0.0
0.0
0.0323788914655
0.0
0.283724169633
0.0
0.0
0.0354919834657
0.0322047856017
0.0275877647251
0.0
0.355108988647
0.305563892007
0.34360371897
0.0
0.0356897384406
0.350506163079
0.0
0.0
0.329530698335
0.0

Topic 1
Mean 0.311416173388
Median 0.306868594238
Sum 29.2406661752
-0.00360727272583
0.0
0.0355098386805
0.187678012225
0.287668143536
0.0310589838762
0.171084066315
0.619210436348
0.0282293118128
0.286302054301
0.0
0.0
0.0
0.0
0.0
-0.00485325111604
1.0
0.0355963021676
0.218543288934
0.70840696335
0.0
-0.00387525852471
0.390303156372
0.0318329102676
0.190982898141
0.556335328398
0.0
0.390303156372
0.0
0.0
0.0
0.0
0.0
0.0
0.0
0.0
0.0
0.0
0.0
0.0
0.0
0.0
0.0
0.0
0.0
-0.00366036293847
0.775304160946
0.032860520181
0.299986627332
0.399631466326
0.0
0.456345979183
0.418910928801
0.0
0.0
0.198381792878
0.426774461116
0.0311544229295
0.237235156812
0.319325944418
0.0
0.426774461116
0.687588132889
0.0
0.0
0.454879963387
0.0
0.0
0.0
0.0
0.0
0.0
0.0
0.0
0.0
0.0
0.0
0.0
0.184219382131
0.372348750048
0.0306492680116
0.326834757887
0.425747206989
0.0
0.0381996934882
0.872193906873
0.0
0.0
0.442762357074
0.317038600483
0.0
-0.00353901236646
0.537498008812
0.0271664811058
0.571412922793
0.321790227837
0.0
0.0329369033506
0.0296891789455
0.0
0.0
0.478729633974
0.0290981493254
0.0
0.355917207481
-0.0044253047237
0.473877411196
0.0344495920933
0.348088830203
0.344983559298
0.0
0.473877411196
0.431545631906
0.0
0.0
0.656054908128
0.469816208376
0.0
0.71398731928
0.304725543858
-0.00434020291038
0.040384605266
0.0321104667598
0.195399312194
0.437360108811
0.0
0.481047721778
0.198070591648
0.0
0.0
0.0369927057425
0.0348445740809
0.0
0.0342138750088
0.0299304694003
0.0390188757539
0.192892380245
0.0
0.0
0.23112075386
0.287839004467
0.0
0.0
0.0
0.0
0.0
0.0
0.331698443769
0.0
0.309011644617
0.0
0.0
0.0
0.0
0.440954323619
0.721516146725
0.561949174003
0.25615175231
0.0
0.0
0.0
0.0
0.0
0.551904610395
0.0
0.0
0.267718494793
0.527171155031
0.0
0.0
0.0
-0.0041534580142
0.298637628374
0.0356963275239
0.0389573486395
0.0346063071631
0.0
0.0463712197111
0.529300465205
0.0
0.0
0.441811799052
0.0391076178216
0.0
0.565472080325
0.284169338885
0.69922506922
0.0406259847541
0.0
0.0

Topic 8
Mean 0.261336235655
Median 0.240711687564
Sum 35.4877724481
0.0515852267341
0.0564537429962
0.453091959043
0.199039959779
0.355043710302
0.853225491544
-0.00397208811736
-0.00353816081672
0.352218367637
-0.00370271404837
0.0398521688702
0.690466666992
0.392402448841
0.596537340776
0.115040340849
0.0344853745256
0.410584136042
0.463542596203
0.222888151631
0.190002151997
0.289090081502
0.0306951327029
0.251491852699
0.398954478765
0.199961003453
0.0
0.244253477419
0.256208498501
0.204749224571
0.512286610436
0.471019399257
0.247226500958
0.201275878029
0.496557138883
0.425251118187
0.28047280994
-0.00411938213024
-0.00365455913382
0.203706633428
-0.00383038641274
0.167908819443
0.118792769993
0.253871795935
0.0
0.402243701037
0.0313967072258
0.497809946314
0.357736626328
0.298425487095
0.157620352262
0.2792752722
0.279843775663
0.237169897708
0.306954442316
0.162645303875
0.0333843100439
0.335509015219
0.347374063261
0.318943662633
0.197749851391
0.297165668903
0.95053113645
0.190736814999
0.332093879515
0.264641339179
0.284502188349
0.0415036703007
0.0573392673011
0.760655352351
0.276450868541
0.184896123773
0.251434138434
0.284604949316
0.0326444107206
0.454335927886
0.368278305895
0.178533893862
0.298209659634
0.0
0.0
0.0
0.0
0.0
0.0
0.0
0.0
0.0
0.0
0.0
0.0
0.0
-0.00410279653771
-0.00364149940476
0.364400119305
-0.00381604226681
0.348717561528
0.118293727616
0.196369553296
0.0
0.208435549097
0.172862216423
0.161977440711
0.204656564143
0.190920468964
0.0
0.498311989318
0.0581943822219
0.0644661718599
0.215849380627
-0.00428100390469
0.04368504044
0.0373187321272
0.0329198065704
0.222579992945
-0.00445259426481
0.033728100561
0.036032679215
0.0456774330376
0.0
-0.00443322328188
0.0
0.0
0.0
0.0
0.0
0.0
0.0
0.363541670701
0.0
0.0
0.499904281541
0.0
0.0
0.0
0.0
0.0
0.0309759231554
0.459156315694
0.662781153871
0.201671942916
-0.00316437365648
0.396797391242
0.363859267656
0.333438755187
0.453804360675
0.333126915472
0.432846911002
0.192292930027
0.447902756665
0.0
-0.00324677701926
0.0332429876191
0.303773402968
0.0313254536544
0.0395746166068
0.267371235135
0.0292790649686
0.0
0.0322829906359
0.0286687980544
0.0259998351535
0.282939732236
0.0
0.0265014382745
0.0279037178613
0.0333582609337
0.0
0.0
0.0336458859478
0.0
0.0262010116394
0.191352510105
0.429119006652
0.487305562963
0.233420116296
0.120023499719
0.490313500979
0.438481594045
0.844900997699
0.65066182278
0.124113834067
0.291649780088
0.220947006742
0.14837573592
0.0
0.123569185863
0.206838046737
0.0
0.378341207153
0.0298756549014

