Topic 3
Mean 0.366611995215
Median 0.367902255554
Sum 101.524341548
0.32971292645
0.326038015931
0.219806543888
0.0460212576112
0.293570967162
0.474024730917
-0.00437597990195
0.302320373681
0.18662145175
0.0
0.0373010644233
0.622212852914
0.309651081933
0.346372744325
0.243832816466
0.0
0.0
0.0
0.0
0.756703036997
0.0
0.371323284435
0.523695233848
0.3637605254
0.0630776126542
0.612949026745
0.228729671541
0.575509929388
0.344474948987
0.222876792962
0.313042065986
0.350621212232
-0.00405476008583
0.432446006893
0.0
0.532395773551
0.0
0.0
0.40041483913
0.0
0.0
0.0
0.0
0.395903814941
0.0
0.0444973206307
0.455962613561
0.260842103757
0.672695230395
0.274862680532
0.482944011108
0.0
0.255821023525
0.0415289967267
0.468827645738
0.336128278231
0.590269170907
0.452672546013
0.327335296402
0.230501043381
0.603758983542
0.0
0.258803554706
0.410829297374
0.0
0.557106303418
0.503874914742
0.899483853236
0.699499263999
0.509238960007
0.329255262187
0.682028139506
0.0
1.0
0.401133804242
0.0
0.714411750343
0.643836045103
0.0
0.0
0.592312720674
0.505033517791
0.0
0.343890983504
0.0
0.0
0.0
0.0
0.0
0.0
0.353661826119
0.0362617298966
0.307371832562
0.189089117718
0.0405096717692
0.376102950415
0.247108219039
0.0
0.621389158787
0.333686403171
0.0
0.279031902113
0.23342591839
0.333642869363
0.0
5.68246674119e-300
0.224456647958
0.179901874313
5.17735844114e-301
0.203034374004
0.182619939209
0.0
0.189622625893
5.17735844114e-301
0.0
0.204906830961
0.311206706773
0.18123477784
0.0
0.205958578423
0.852065834454
0.60325174378
0.554094936974
0.279870941454
0.33242239321
0.413153613741
0.0
0.493623212803
0.299240053592
0.0
0.367902255554
0.313742035257
0.446851760347
0.0
0.33689538916
0.376630091424
0.631768538138
0.353628000334
0.343821968181
0.389695841943
-0.004529639317
0.344216367198
0.0
0.382619629474
0.351351319343
0.0
0.0456207864332
0.415388885319
0.71398731928
0.0
0.0370043462056
6.59139644353e-300
0.536483409548
0.0
0.0
0.0
0.0
0.0
0.0
0.0
0.0
0.0
0.0
0.0
0.0
0.0
0.0
0.0
0.0
0.0
0.0
0.723927699714
0.290552082843
0.370950684495
0.0552127366273
-0.00547705712253
0.0431191338231
0.0
0.46011222913
0.395004325259
0.0
0.0530336935647
0.0369398759105
0.654628586919
0.0
0.0417363012598
5.17735844114e-301
0.601508907312
0.850177389276
0.0
0.459698122355
0.391460865802
0.409230039753
0.0525785220543
0.0
0.0414955487831
0.0
0.37084508721
0.0425219047361
0.409015965319
0.0505987164958
0.455036162032
0.0400691604357
0.0
0.0402133442287
6.59139644353e-300
0.384754764631
0.812112964195
0.0
0.0546637249315
0.243456300307
0.60908319432
0.213935721113
0.733001662401
0.0
0.236452815389
0.0
0.500249478715
0.215848215938
0.0
0.49814137284
0.0288533163044
0.402476098358
0.0
0.0316987334601
5.17735844114e-301
0.584585358259
0.2482619228
0.0
0.2787203915
0.0386388137746
0.377506661366
0.426692125167
0.800663629867
0.542023323574
0.258887125082
0.458665383077
0.419414159717
0.692506356984
0.315744417496
0.0
0.811520297039
0.664396937175
0.767628936158
0.339307381638
0.262582526451
0.193654526378
0.486849227881
0.470310437728
0.0
0.413162438134
0.521784490267
0.422682135503
0.342430312914
0.221678307662
0.38313707474
0.0461280057617
0.0
0.775434006588
0.419330755574
0.564518830205
0.592093952272
0.0
0.0445971085026
0.0326391445748
0.474806563354
0.590530042405
0.353767743113
5.17735844114e-301
0.60969288489
0.349224490932
0.0
0.392318198662
0.0457441716681
0.21472393825
0.51746953316
0.0
0.0
0.542440914701
0.0
0.0
0.0
0.0
0.337302355186
0.0
0.368589166299
0.553831010107
0.0
0.0
0.528653066868
0.0
0.0
0.440529821206
0.0
0.0
0.0
0.460865120717
0.0
0.71653054535
0.35380770917
0.0
0.0
0.0
0.0
0.0
0.0
0.0
0.0
0.0
0.0
0.883886052498
0.0
0.0
0.0
0.0
0.0
0.0
0.0
0.0
0.0
0.0
0.0
0.0
0.0
0.618865240239
0.0395370920602
0.256673867664
0.32948483741
0.588027817854
-0.00431934892301
0.45518552889
0.0
0.519503794262
0.542765935736
0.0
0.56912118244
0.431298471433
0.447577011269
0.0
0.325625470933
5.17735844114e-301
0.246139384467
0.368901706461
0.0
0.0461352950196
0.04428151059
0.450145330239
0.47270667436
0.576191868879
0.0
0.0
0.0
0.0
0.403150654707
0.0
0.0
0.0
0.419330755574
0.402824732108
0.0
0.0
0.0
0.0
0.0
0.0
0.0
0.0
0.393928037261
0.0
0.0
0.0
0.0
0.0
0.449972889562
1.0
0.370806493127
0.0
0.0
0.374154913764
0.807960225124
0.311307289312
0.732255564514
0.13957675947
0.653459332054
0.0
0.345282621587
0.328073024608
0.0
0.569779760829
0.64988168974
0.888149952815
0.0
0.141511656545
0.134320295052
0.321386367881
0.382281244056
0.0
0.434529660375
0.0428729428947
0.567243555859
0.453404851514
0.326217936547
0.576422297272
0.63884707596
0.485155416797
0.0
0.371017924304
0.238314047034
0.560494639867
0.0428028043627
-0.00442434133895
0.0351583410916
0.0
0.341553057233
0.325658676484
0.0
0.0414815045051
0.0309384795291
0.523898277119
0.0
0.0342335037904
5.17735844114e-301
0.319069085847
0.379007105472
0.0
0.430304318576
0.0424721157648
0.230295615831
0.337902061988
0.32383071574
0.0
0.0
0.0371380372519
0.0
0.35206052069

Topic 9
Mean 0.400790711889
Median 0.357411785186
Sum 138.142329288
0.439535870537
0.368428998074
0.839385727088
0.670776178507
0.573580346757
0.922400009106
0.653288477261
0.786986157235
0.697427963501
0.67757059802
0.28370908299
0.761496886846
0.363343833935
0.628786323914
0.365833447557
0.248182654406
0.215049802549
0.225535024989
0.236768207479
0.254550682971
-0.00404680329436
0.180724306736
0.157931096502
0.197043241279
0.39314549227
0.185061051233
-0.00379420231578
0.211028761375
0.550370909405
0.54254334243
0.633532722531
1.0
0.487893969002
0.454989747583
0.284353623862
0.205171978304
0.455555937399
0.459868203856
0.452914733549
0.53175933111
0.917182649664
0.315225586574
0.379560402586
0.201497394831
0.53175933111
0.531159212822
0.399249614222
0.546799234866
0.328478110763
0.356968755688
0.309040745291
0.310481678731
0.313085159971
0.334180655714
0.298611914597
0.308229304988
0.263841663498
0.684881027223
0.343373482213
0.282035653417
0.200204060121
0.37455049904
0.199023073737
0.267454005336
0.357411785186
0.29550230342
0.432152918233
0.617976873025
0.433333385128
0.677343304125
0.986385615628
0.411015343475
0.155051129728
0.144095275782
0.389907714526
0.147852624442
0.431588766329
0.145987015012
0.401669284984
0.403808101901
0.563767407334
0.438751065349
0.746301344035
0.0
0.270287238838
0.195717889146
0.51722245092
0.258129993918
0.321023189196
0.254973221291
0.143496937324
0.384253488206
0.0281444326005
0.281823017581
0.300961344003
0.297602290411
0.0305622300951
-0.00431350481404
-0.00402768751866
0.0370574635312
0.358492281309
0.0299468318951
0.0303796719228
0.0487242662707
-0.00401200007649
0.734402110522
0.548118119171
0.938191330028
0.861256800388
0.825885751628
0.324282941773
0.338142935408
0.189352085814
0.986465962253
0.477824495613
0.36399513577
0.31961513814
0.565321215328
0.4657356485
0.322158751781
0.28159233845
0.521306574975
0.34711719147
0.450751055103
0.35024830567
0.372051928839
-0.00572499047315
-0.00523220077717
0.450751055103
0.0457881306788
0.343423508264
0.268004666798
0.0736446187116
-0.00520575819708
0.0410995153067
0.047411675411
0.198803005707
0.611186624981
0.363027509356
0.181455972151
0.202868342572
0.785190539416
0.308458316221
0.165944001135
0.36153608863
0.296739835384
0.262720412368
0.499464706785
0.327824256155
0.212739600504
-0.00342071553575
0.268136625629
-0.00425207606059
0.406465255525
0.276650410846
0.852303421915
0.864534527843
0.768289220416
0.211143903503
-0.00389875072805
-0.00366375786036
0.24513561669
0.377355239047
0.439781338113
0.681278771784
0.689896379877
0.0
0.345845371894
0.506339131161
0.287978533633
0.0
0.0
0.686003908688
0.982289342092
0.0
0.502702940182
0.873732818939
0.0
0.0
0.387711665369
0.0
0.276167677374
0.0
0.35118850081
0.54206415187
0.0
0.0
0.0
0.393209943796
0.0
0.658572285107
0.0325575337244
0.19454123153
0.0644507219822
0.459565997338
0.0358371858688
-0.00518308158258
-0.00477585024214
0.0451080975335
0.0417214224212
0.65789277778
0.0355864297858
0.619374238425
-0.0047538094143
0.212661354785
0.47127799297
0.0512425326835
-0.00394567792413
0.544209360647
0.0
0.405386017553
0.0
0.0
0.435250759728
0.376759967522
0.0
0.0
0.0
0.707392934437
0.0
0.0
0.0
0.0
0.0
0.0
0.900450208668
0.0
0.0
0.0
0.0
0.0
0.215324363642
0.903517372296
0.301722293749
0.33339069663
0.275021327612
0.854634448674
-0.00398065492939
-0.00373599477746
0.37942387919
0.0339592145667
0.270795694093
0.207288185151
0.343796177078
0.0
0.0313101205596
0.034844154118
0.569765255811
0.324411627318
0.219038648093
0.760684451822
0.0368698852095
0.0
0.442353070223
0.268781820518
0.800810104964
0.918627010759
0.785235069957
0.402694355312
-0.00428821283374
-0.00400562766825
0.918627010759
0.644485356151
0.327057524247
0.210633750111
0.472271108521
0.0
0.35436365445
0.570007710042
0.398237224317
0.0
1.0
0.0
0.411156059354
0.0
0.303763897737
0.0
0.481545018335
0.585389500923
0.0
0.427196890021
0.428568178105
0.0
0.0
0.561624998905
0.0
0.323630236268
0.0
0.490504191379
0.0
0.0
0.0
0.0
0.353030805226
0.0
0.382582833204
0.0
0.731579183056
0.350148848029
0.0
0.230459133085
0.201614557325
0.210802587832
0.216349129226
0.23594007175
-0.00376162262976
0.365727788946
0.194654431308
0.261327124434
0.349369354173
0.289983214406
0.345120289077
0.142696228061
0.249398862961
-0.00399099411138
0.312852747427
-0.00517044697885
0.288217443492
-0.00363337087067
0.0
-0.00472434593185
0.0
-0.00370440288377
-0.00396933329257
0.0
0.324956209043
0.0278212823837
0.0292796841712
0.0482053649732
0.377908964452
0.030181548943
0.0
-0.00397333133943
0.0364992574941
0.0342496823899
0.356396476525
0.0300034970645
0.466709319023
-0.00395806366137
0.0315568736242
0.385792978073
0.0404140214339
-0.00338142793871
0.502644347019
0.0
0.407393216721
0.0
0.0309107018397
0.344549521637
0.0
-0.00393761725937
0.41137364143
0.541304452357
1.0
0.93936373724
0.626132256009
0.590207395633
0.279003287192
0.201583916778
0.651159477351
0.415238776743
0.475470780244
0.283786424382
0.328339777044
0.508214738068
0.0322795127453
0.914064504468
0.405292542081
0.292174888519
0.298659468537
0.308902405373
0.0382215463982
0.0
0.307851642263
0.723627883532
0.874536034436
0.256801330433
0.0318551459652
0.650044560805
0.614565282516
0.418838562376
0.92218517646
0.610556997331
0.689648629459
0.172514968007
0.292531138185
0.411488487902
0.535203638912
0.429048653565
0.193141499539
0.37236897467
0.162145433451
0.326745633785
0.348576716003
0.354822536133
0.347568529035
0.342342983983
0.37169316431
0.0387430645034
0.0
0.364069326054
0.502302011429
0.383032746585
0.161414843574
0.0322165776056
0.862199113416
0.266187267684
0.645931047669
0.916880435049
0.399552190215
0.643948879536
0.843477824271
0.226948861245
0.166161408504
1.0
0.464400460866
0.30966839837
0.732314627336
0.412026395833
0.317876654167
0.169513932325
0.796042135495
0.743001671584
0.685333391496
0.343662853117
0.375187110631
0.32521717797
0.0
0.464982346727
0.319648834632
0.440286344979
0.212037241624
0.277546729909
0.529316781012
0.399461286996

Topic 6
Mean 0.355771052066
Median 0.356656478701
Sum 114.191269124
0.315420646922
0.277055996855
0.0
0.271309313251
0.556145175613
0.393891390855
0.506817294972
0.396964734246
0.0376805620149
0.0367175185801
0.354351994176
0.415376967081
0.420953492672
0.29902455054
0.461980064966
0.669707594144
0.317098828369
0.344890213958
0.249548981799
0.224945936248
0.356656478701
0.468554677277
-0.00395139319717
0.0382416046762
0.0372500467074
0.41261579644
0.0364093230775
0.0585449888847
0.0
0.869358549831
0.996227836576
0.0
0.392071339123
0.410022170059
0.0
0.0
0.424614939214
0.296739835384
0.0351759409135
0.380140135137
0.690216103395
0.0336196786426
0.48632713179
0.648325882383
0.0
0.400412058692
0.317448075137
0.450848725755
0.281483266044
0.579499943085
0.850108450662
0.385715109262
0.0339034360553
0.0
0.0314717510734
0.283200277281
0.112354777253
0.519514095789
0.438481594045
0.0387208219917
0.585572138624
0.514532141151
0.0393135136785
0.0
0.134937015295
0.624225463051
0.0
0.455384355025
0.0
0.0
0.512008904611
0.543057006598
0.0
0.0
0.448956360513
0.0
0.0
0.0
0.335162179273
0.393209943796
0.0
0.0
0.434723163068
0.45690249344
0.337057633639
0.0
0.388408121795
0.0
0.339307381638
0.0
1.0
0.327770090764
0.323263260958
0.329952574012
0.32235221415
0.039219646861
0.365168248793
0.499970067014
0.0398278276597
0.0
0.545985375385
0.331092152819
0.538666140308
0.0
0.344031022676
0.0
0.0
0.0
0.0
0.0
0.0
0.0
0.0
0.0
0.0
0.0
0.0
0.0
0.0
0.0
0.588183973795
0.0
0.4077839326
0.0
0.0
0.0
0.630018903461
0.0
0.0
0.0
0.466115126172
0.0
0.0
0.0
0.0
0.355429939411
0.322106193834
0.258942974936
0.0451172798472
0.320255423744
0.0551283712393
0.0425886773179
0.948896086112
0.0563376211757
0.0
0.476322733749
0.0391996037508
0.128121430247
0.0
0.0
0.552429553112
0.544010732646
0.339158191047
0.439849909454
0.0
0.0292478487053
0.0286642824354
0.480169452042
0.0281638483309
0.0398059067836
0.346554230389
0.0
0.321915674762
0.0266406980199
0.029870751129
0.0
0.0
0.0301667393061
0.0
0.0
0.0387729947895
0.686128387631
0.333472039428
0.499363850097
0.416471334691
0.419211363119
0.484026496995
0.527143767959
0.0432380627174
0.0
0.9405293616
0.51746953316
0.772324986622
0.0
0.590530042405
0.664009770273
0.0
0.466012116448
0.50871431693
0.0320833764748
0.0403415510853
-0.00362538800582
0.0345845271732
0.0337715323336
0.040177281571
0.0330790360613
0.0503879483982
0.0408157668905
0.0
0.0373422374314
0.0309974966677
0.035458880181
0.0
0.0
0.0358767470363
0.0
0.0
0.0487441973186
0.0307301283482
0.0386206184209
0.390819727231
0.327824256155
0.0495846655753
0.155288407146
0.454396645505
0.412026395833
0.334901197291
0.0634791791033
0.0
0.147852624442
0.461421751798
0.13516296211
0.0
0.35118850081
0.342395328441
0.0
0.0
0.13970924897
0.0420270215131
0.414383597597
0.527649702694
0.384283478262
0.785190539416
0.377075309322
0.683458272771
0.0352870356089
0.444274175361
0.418030434366
0.0357786005853
0.0
0.315225586574
0.394834652876
0.41774293365
0.0
0.873732818939
0.897462606303
0.0
0.0
0.406356311158
0.0277849661048
0.599865525557
0.0325575922831
0.411015343475
0.422993452157
-0.00366180774235
0.345892410687
0.337549258437
0.376868954158
0.873874658146
0.499068544548
0.428046804754
0.0
0.571714827904
0.573141278802
0.354876944885
0.0
0.0
0.660022005504
0.0
0.0
0.574465188079
0.320982831883
0.606395113803
0.0377177449377
0.0562886192124
0.320758009619
0.789032126818
0.207730709738
0.254742415241
0.262629763166
0.493184431118
0.24303736947
0.310512834812
0.0436497869549
0.0
0.250792536473
0.501471003024
0.261567697425
0.0
0.0
0.264836716425
0.0
0.445031203122
0.842280087084
0.0323095118691
0.840281295917
0.0389487673718
0.486516100235
0.235706193823
0.279294102057
0.428801042113
0.0
0.396349046353
0.421931365401
0.839847879424
0.300972674589
0.250999571294
0.600665303579
0.0
0.644485356151
0.283208873992
0.441529332028
0.0
0.0
0.324617301813
0.0
0.436023430611
0.0494074659443
0.318582632101
0.419219821282
0.372851685863
0.472271108521
0.402694355312
0.532908250392
0.47528878444
0.280781940814
0.372552581018
0.0
0.0
0.409613011581
0.429246270553
0.602194330081
0.0
0.368239268379
0.0
0.308921867556
0.0
0.47210776989
0.405616339914
0.288212955917
0.0
0.941740542458
0.0
0.0
0.29792081468
0.0
0.319740864917
0.340830898572
0.0
0.0
0.0
0.788843994092
0.391365390371
0.379802103004
0.403229838338
0.432469687866
0.454413868581
0.711478545079
0.368103987869
0.386608241016
0.3404283194
0.271583451315
0.42109222675
0.502731711619
0.428016962196
0.31589789657
0.0
0.437233120119
0.545945679112
0.286052485242
0.717624699437
0.0399151923584
0.137920898817
0.652720921693
0.468348232705
0.605822119534
0.464646888118
0.403653843538
0.730025992866
0.261049123542
0.497051618442
0.665124447718
0.330368028977
0.293067641624
0.286211702352
0.556804676002
0.642483437282
0.514842446948
0.276198567162
0.486712426945
0.0
0.0
0.315440366294
0.0
0.346130830979
0.324958760967
0.286621938132
0.408069966906
0.354063893398
0.439118887623
0.637037333893
0.340187161634
0.324358414544
0.484325235282
0.0
0.39877567308
0.0359660993266
0.558372471494
0.0313182277865
0.910698081458
0.0358354731204
0.0300785808044
0.220315022511
0.0363425466094
0.0
0.367998157091
0.028347650514
0.136988435995
0.0
0.0
0.0323741629144
0.0
0.0
0.311594070466
0.0281238757076
0.0345918693032
0.362457531332
0.453757451764
0.0296468252839
0.0338657684923
0.254726784594
0.338204802038
0.0
0.326759409396
0.322673731795

Topic 0
Mean 0.343993057514
Median 0.343253218868
Sum 80.8383685159
0.321371096285
0.0
0.0
0.56115526186
0.542477407156
0.413892057849
0.567421820582
0.13427325585
0.449410559233
0.46867366006
0.516544002883
0.731578125136
0.0
0.509798937144
0.125713981652
0.336603704079
0.0389307532406
0.390970473163
0.32994917537
0.370508705086
0.302131322984
0.0
0.0
0.0
0.0
0.0
0.368453309281
0.0
0.558924022262
0.346912129428
0.0
0.0398342614406
0.0699093895888
0.466294852262
0.0435192614991
0.0
0.0
0.0
0.0
0.0
0.0
0.0
0.0
0.0
0.0
0.316249764386
0.306042382843
0.0
0.294365343805
0.049066749289
0.288364748754
0.497261472425
0.0
0.340951960433
0.0
0.495899799764
0.0383551284022
0.0
0.319042547837
0.0531045115579
0.431928846659
0.477328705624
0.0
0.490040470583
0.0
0.281841127588
0.696918228268
0.318803790289
0.0
0.342572538721
0.560095763949
0.299667261138
0.343253218868
0.0
0.538426334898
0.0
0.313763314449
0.380293276308
0.217748456858
0.195969758496
0.0
0.213843987774
0.0465715475406
0.197362340246
0.306933729682
0.0
0.0384535872633
0.0
0.877321626958
0.336215751408
0.537932844553
0.54767132308
0.0375935644308
0.0
0.0331578795284
0.0516556765981
0.470682949323
0.0356721702585
0.0
0.551328728688
0.0
0.0333687429099
0.586649821349
0.036991361922
0.0321956438923
0.0359088806595
0.0387199013328
0.0
0.329411351049
0.525752051468
0.0308971093939
0.0366847654115
0.0
0.0432559451595
0.0
0.0342531682129
0.0361732060619
0.95660255219
0.0330182107675
0.0354950582891
0.331113948582
0.0501060912539
0.0
0.04252405837
0.0786391503294
0.272970897549
0.0467499148413
0.0
0.421910823936
0.0
0.0428714968563
0.287744410421
0.0490419794755
0.0409543035582
0.326294055315
0.046446189242
0.0
0.0
0.391237990121
0.0
0.370800573226
0.0
0.435905481567
0.0
0.0
0.0
0.0
0.0
0.0
0.0
0.0
0.0
0.0
0.632660907434
0.730582759183
0.494631923607
0.780671485305
0.693059706646
0.684505329776
0.308890573927
0.0
0.500252805175
0.0
0.444473201835
0.501511621504
0.914701951101
0.422641270583
0.547694008524
0.0516971372011
0.282010589919
0.0
0.0
0.0
0.0
0.0
0.0
0.364402755689
0.0
0.0
0.0
0.0
0.0
0.0
0.0
0.0
0.0
0.0
0.0
0.0
0.0
0.465732769565
0.0380788493788
0.0
0.0335348283025
0.052576355156
0.399589554733
0.0361088292818
0.0
0.559264040216
0.0
0.0337505288468
0.484485355357
0.0374611269237
0.032550914938
0.460447127738
0.0359273657873
0.331329941721
0.0
0.410224568665
0.0
0.0
0.0
0.458856095954
0.522314025921
0.4581465875
0.396487787072
0.0
0.0
0.0
0.0
0.0
0.0
0.0
0.0
0.0
0.0
0.0
0.0
0.585025356745
0.43717196923
0.0
0.0
0.0
0.0
0.0
0.0
0.0
0.0
0.0
0.0
0.0
0.0
0.0
0.0
0.0
0.0
0.0
0.0
0.0
0.0
0.0
0.0
0.0
0.247339759956
0.040177891864
0.0
0.691742689874
0.491010140147
0.221366794214
0.346562803253
0.0
0.0450836154782
0.0
0.0353892387151
0.384359896448
0.397721159808
0.349765860021
0.036716470147
0.340291721236
0.0485599795309
0.0
0.333960831943
0.0
0.0371792355436
0.0
0.0
0.428331157104
0.0534240234986
0.0
0.308614594863
0.087132074834
0.282827659881
0.437767809002
0.0
0.0624614760414
0.0
0.0452774724497
0.499858956649
0.522695314772
0.490257606203
0.0474730237294
0.0492833968555
0.0693387490262
0.0
0.462539228351
0.0
0.0482495200297
0.0
0.0
0.530408539903
0.0
0.0
0.0
0.0
0.0
0.364402755689
0.0
0.0
0.0
0.0
0.0
0.0
0.0
0.0
0.0
0.0
0.0
0.0
0.0
1.0
0.0
0.43717196923
0.0
0.0
0.0
0.528757554449
0.306270530655
0.0
0.700578040598
0.439118887623
0.482917849447
0.322551131702
0.833744013419
0.514842446948
0.0
0.301615687686
0.429178664298
0.473755815354
0.209486041214
0.0321403859804
0.314532184428
0.0408649325621
0.0
0.818768714684
0.9064627757
0.0324944318522
0.0
0.0
0.30175876268
0.669362779651
0.9064627757
0.0
0.0
0.0
0.0
0.0
0.352759175743
0.0
0.402157842329
0.0
0.0
0.0
0.0
0.0
0.0
0.0
0.0
0.0
0.0
0.0
0.0
0.0
0.0
0.0
0.0
0.0
0.0
0.34131060884
0.532023832626
0.33064325551
0.0
0.218968825439
0.0512931592186
0.459078904196
0.314088062048
0.0
0.560908960441
0.0
0.325224631759
0.478251314985
0.703527288291
0.316716681025
0.526225192033
0.0353235113038
0.314426817046
0.0
0.477784053824
0.0
0.447285314873
0.0
0.0
0.359086584319
0.457942607929
0.0
0.491075136112
0.0
0.569892594527
0.343044484661
0.0
0.307587380093
0.472271108521
0.705056652203
0.332152766702
0.0
0.746833996729
0.0
0.46535376727
0.508633435616
0.505139605874
0.215138540937
0.563244254054
0.33118448358
0.343480850253
0.0
0.500285723169
0.0
0.479139092833
0.481342287538
0.0
0.317053113376
0.42484600423
0.0
0.484325235282
0.0
0.546707679583

Topic 5
Mean 0.3832916076
Median 0.34288325838
Sum 85.0366046438
0.0
0.0
0.370806493127
0.0
0.0
0.0
0.0
0.0
0.0
0.0
0.363726672789
0.0
0.0
0.0
0.0
0.390936548306
0.0
0.0
0.0
0.0
0.316356363115
0.454438225933
0.314803545714
0.6595264607
0.267326119803
0.0
0.519250333618
0.820272504438
0.341022606474
0.42199327277
0.542740681323
0.268734901799
0.0
0.282594301303
0.908595737223
0.597224882362
0.298813817395
0.498277647374
0.0
0.27517180748
0.0
0.45297302989
0.479966680256
0.584823646838
0.525380285983
0.947078612887
0.0
0.0
0.0
0.0
0.380519003179
0.492333859758
0.65494480955
0.742781575841
0.609430131213
0.423708080108
0.0
0.0
0.0
0.0
0.0358896191055
0.372851685863
0.0434653517457
0.0327238834099
0.0297452080215
0.479066428491
0.0
0.0
0.0
0.310687594255
0.0
0.0
0.0
0.373726048558
0.458122559267
0.34464875369
0.0
0.0
0.0
0.0
0.0
0.0
0.0
0.0
0.0
0.0
0.0
0.0
0.0
0.0
0.0
0.0
0.0
0.0
0.0
0.0
0.0
0.0
0.0
0.0
0.0
0.0
0.0
0.0
0.0
0.0
0.368589166299
0.0
0.0
0.0
0.0
0.439017057599
0.365263286041
0.732020498696
0.452306844661
0.0
0.0
0.0
0.0
0.0
0.244579353662
0.0
0.0
0.0
0.0
0.219393746166
0.214372721499
0.297466172661
0.192556696276
0.277037404608
0.311471155287
0.0329651596308
0.0
0.0
0.0
0.0
0.28697225461
0.485882127034
0.0
0.0
0.0
0.281989959905
0.259993255762
0.27109224727
0.804368067181
0.495489944261
0.314631748097
0.275936476053
0.0
0.0
0.0
0.0
0.190599559754
0.332752960485
0.597916452657
0.610654186365
1.0
0.0
0.299345423897
0.800810104964
0.558578174611
0.702998837572
0.862563493737
0.462582166247
0.0378036477935
0.322816893761
0.0
0.0
0.382738258183
0.20341093341
0.717018015578
0.0
0.444399329331
0.411219082811
0.696957624046
0.0
0.0
0.0
0.286486119154
0.353820912401
0.29551574797
0.0
0.0
0.336871778785
0.0
0.0
0.0
0.0
0.0
0.504837228581
-0.004529639317
0.0
0.0
0.0
0.0
-0.00426105322363
0.0
0.0
0.18662145175
0.989598979119
-0.00408319021819
-0.0044796222236
0.0
0.0
0.0
0.0
0.315356321743
0.207922246557
0.853280994047
0.0
-0.00402269762041
0.0
0.0
0.0
0.0
-0.00380945073726
-0.00371849954111
-0.00335488929379
0.176303113402
0.289312437487
-0.00366665936011
-0.00398320071967
0.0
0.0
0.0
0.0
0.29769913525
0.197891277346
-0.00353330022816
0.0
0.645060911271
0.656979672126
0.347921253341
0.397427228699
0.341594482607
0.0
0.458630802402
0.319648834632
0.522955610194
0.343562479947
0.882185911669
0.687691240112
0.298015309369
0.398408178204
0.0
0.0
0.0
0.221609097694
0.263027473879
0.916880435049
0.383261739224
0.871941811601
0.209167575176
0.996067035098
0.0
1.0
0.0
0.0
0.257513707289
0.484152456475
0.456538578291
0.342204036812
0.406443774773
0.808206682202
0.0390037259937
0.0
0.0
0.0
0.0
0.357574893664
0.0309510396175
0.235769542669
0.0
0.0
-0.00357611107306
0.260571144105
0.325473805509
0.0
0.757319291228
0.0
0.0
0.293441547939
0.287016612961
0.259639869606
0.258948721238
0.247409996099
0.338854824444
0.0314422266348
0.0
0.0
0.0
0.0
0.19959219995
0.0259909845192
0.272944464102
0.0
0.0
-0.00346728862279
0.296272189105
0.570144493669
6.59139644353e-300
0.0
0.0
0.0
0.0
5.17735844114e-301
5.68246674119e-300
5.17735844114e-301
0.179901874313
0.286536888381
6.59139644353e-300
5.68246674119e-300
0.0
0.0
0.0
0.0
0.182229994524
0.156567318149
5.17735844114e-301
0.0
0.203034374004
0.190880378332
0.165656572154
5.17735844114e-301
5.17735844114e-301
0.382619629474
0.337302355186
0.402824732108
0.0
0.0
0.526719659249
0.313510903202
0.502990006755
0.390407427158
0.618213705391
0.566921488283
0.296006190186
0.0
0.0
0.0
0.395903814941
0.44367211078
0.576491722164
0.635802315592
0.0
0.612949026745
0.325005257048
0.676479410803
0.616201327973
0.28287543281
0.189622625893
0.93374370424
0.541996225806
0.0
0.318742233387
0.0
0.336365625968
0.45094575921
0.402457987003
0.401250711175
0.381215357019
0.762647851422
0.397017606743
0.370227047113
0.0
0.0
0.437506387844
0.253150943114
0.320955308206
0.425858526678
0.346362024643
0.284648824691
0.266177580303
0.921567890427
0.268319718364
0.303390505193
0.211892888983
0.394114713585
0.0
0.0
0.0
0.0
0.0
0.0
0.0
0.0
0.0
0.0
0.0
0.0
0.0
0.0
0.0
0.0
0.0
0.0
0.0
0.0
0.0
0.0
0.0
0.0
0.0
0.0
0.0
0.0
0.0354545647247
0.528653066868
0.0
0.30127963336
0.0
0.0325960498395
0.525927067884
0.319102609792
0.320784006877
0.540046667972
0.038871532223
0.0332437702645
0.37085385309
0.0
0.0
0.0
0.0301655386072
0.525516192482
0.89849566747
0.325839378383
0.0
-0.00364664128069
0.375187110631
0.0351445301582
0.0288852735615
5.17735844114e-301
0.0437006786502
0.350091837464
0.0

Topic 7
Mean 0.336466970249
Median 0.324728089984
Sum 112.675585706
0.520184082485
0.572752942176
0.509134573961
0.704724442089
0.610814554969
0.776165030488
0.465291101472
0.442478504482
0.295685967191
0.442174964678
-0.00409320246682
0.133150756459
0.329822828144
-0.00423704240554
-0.00376302737648
0.364856077469
0.326851912949
0.329781884645
0.396306173739
0.310727293575
0.249901607906
0.444475783492
0.423612865568
0.282979733693
0.409726913628
0.405606032526
0.12089709536
0.296726073057
0.530347126294
0.342379810546
0.818522989794
0.419367208287
0.324728089984
0.366566806761
0.366321782089
0.311962994642
0.723627883532
0.446909340011
0.494555191349
0.576638665623
0.0296295102525
0.265424561969
0.37392365389
0.384743584939
0.332460637809
0.33118448358
0.0328547699803
0.323661417722
0.0605580489427
0.0311445293764
0.0
0.33443334893
0.0351732649418
0.373875219324
0.0344341723647
0.779205302182
0.451502491283
0.365126957845
0.535855474861
0.280511178628
0.227741161839
0.323404827993
0.439650850474
0.71535832953
0.548458904376
0.304612362035
0.502481425917
0.475980157263
0.318271719311
0.379800141964
0.453364949606
-0.00407562192092
0.335766624518
0.605301691398
0.352174363677
0.938986755154
0.03666156815
0.300758814922
0.0
0.143816359379
0.356526210916
0.0
0.0
0.392317595537
0.27081936138
0.129625606064
0.399851618152
0.289145022112
0.0
0.244985570982
0.0
0.800810104964
0.409649342702
1.0
0.410966126153
0.412871784531
0.21657853235
0.308284403146
0.377848702148
0.744618642597
1.0
0.0314443750902
0.36183762312
0.418963299356
0.232116250269
0.0
0.0
0.0
0.0
0.0
0.0
0.0
0.0
0.0
0.0
0.0
0.0
0.0
0.0
0.0
0.587542041341
0.2931718361
0.295526911852
0.604448102808
0.367749440772
0.215674735098
0.310551649403
0.385261220174
0.447856752102
0.621855033544
0.0326953958363
0.509386109492
0.403998636743
0.231078432038
0.889278252184
0.0
0.488299507024
0.427331117735
0.419152467161
0.551210412386
0.409013622705
0.234225304367
0.338535067369
0.859285618325
0.490201668176
0.421370141094
0.0420450797724
0.727779248213
0.437476423505
0.258277797491
0.788133049929
0.0
0.577496348302
0.322344058416
0.0306314275191
0.315980029767
0.300551192375
0.0291395698776
-0.00377997277308
0.28940747951
0.295224969817
0.80612948983
0.576743423376
0.305877948493
0.299691285108
0.305926213994
0.0
0.258838612737
0.0
0.334000030405
0.288497981457
0.464646888118
0.304075381732
0.82938011697
0.599719111303
0.420865652523
0.32130590646
0.33668547214
0.819477902766
0.466368910777
0.67526172123
0.0398089845158
0.798721323114
0.434647458953
0.346595115936
0.785588465236
0.0
0.56130620903
0.946493085181
0.636293443787
0.211185147896
0.120142278106
0.297311140347
0.355222977789
0.0280889406441
0.32179254977
0.224576403001
0.218038897194
0.326843890111
0.284464950157
0.0323708582205
0.206517594411
0.226217579047
0.704995744749
0.280392856631
0.0
0.332439093147
0.305042274115
0.196313185683
0.39713634755
0.0
0.0
0.0
0.392631135297
0.371866157997
0.0
0.0
0.348645691824
0.0
0.0
0.0
0.0
0.0
0.0
0.729448231397
0.0
0.0
0.317112793859
0.0
0.375738320403
0.0
0.243804332041
0.0338752550245
0.0373218015685
0.606512649566
0.0320600575428
-0.00428860117166
0.0362538187853
0.287420685947
0.0396542258658
0.324065597188
0.0377611523901
0.0320918541016
0.264061867588
0.0
0.650915578764
0.0
0.564220025828
0.514029031232
0.305710394776
0.573206449654
0.359093136665
0.0
0.331726311086
0.461382308666
0.609506778571
0.725707444221
0.286370270812
0.192307818508
0.318235857112
0.679885535836
0.332937480057
0.1928214702
0.0331762926011
0.440783125925
0.307504436572
0.208229082358
0.946332868669
0.0
0.883628290713
0.765065038864
0.17393502244
0.820317909743
0.172995897584
0.0
0.0342171650597
0.386047192499
0.0340553583826
0.43724988792
0.397500166795
0.0322213304999
-0.00439086053609
0.347183988936
0.347970078148
0.507990559311
0.340546527722
0.37115952609
0.410624963132
0.36293359101
0.0
0.309119764303
0.0
0.369186400467
0.33570304332
0.48229207785
0.450731468459
0.415385432176
0.0
0.40235265881
0.0344009322685
0.0310360190008
0.0280893321147
0.0304186009933
0.0461322600237
0.0268297262779
-0.00371079407389
0.0297053830101
0.282043125533
0.350879309715
0.298692602695
0.0307098202672
0.0268519908189
0.030825909236
0.0
0.735901563475
0.0
0.588988655163
0.61099947944
0.264581503874
0.492372453799
0.0277348609296
0.0
0.527501677657
0.0283240150323
0.0317562666283
0.341579178095
0.283913245851
0.387936406418
0.288638500307
0.0287881132117
0.350184246866
0.306832618065
0.118109477385
0.552548355861
0.258005723928
0.325409816565
0.366833472901
0.0334395466299
0.380437647526
0.211613476162
0.0
0.210750560411
0.279006000912
0.317462513323
0.313293493038
0.313756150622
0.0
0.0343519437943
0.187288481203
0.439699418503
0.0284163037125
0.0482962913627
0.0415185830492
0.236050556322
0.553747111009
0.0388244163224
-0.00469926911042
0.045149114699
0.244368905677
0.0505471203411
0.0440731751946
0.0475109713243
0.0388710556505
0.0477894060032
0.0
0.22109365875
0.0
0.43988020562
0.293706529947
0.510760460502
0.274569435442
0.0407487955894
0.0
0.0496749708961
0.236522269096
0.0500632197485
0.0381512027503
0.0422369327686
0.0318875446803
0.0287850268424
0.163135622569
0.270316522729
0.0274637219538
-0.00381093523989
0.0304845409052
0.256453049448
0.032853449543
0.257737106474
0.0315433000346
0.0274870516222
0.0316657885067
0.0
0.155849212302
0.0
0.444247558557
0.402439653452
0.350285054348
0.284302207133
0.0284128959949
0.0
0.485647869683
0.163360785654
0.0326483413274
0.2641490109
0.029128494388
0.468570123204
0.0
0.0
0.0
0.0
0.0
0.0
0.0
0.0
0.0
0.0
0.0
0.0
0.0
0.0
0.0
0.0
0.0
0.0
0.0
0.0
0.0
0.0
0.0
0.0
0.0
0.0
0.0
0.0
0.0

Topic 2
Mean 0.331159490992
Median 0.322586045077
Sum 78.7191807355
0.372528415984
0.208265941021
0.232116250269
0.0
0.0
0.0
0.194981280803
0.222517205425
0.200316870033
0.0
0.331193943769
0.0
0.650915578764
0.0
0.0
0.334225713458
0.851407873613
0.382387709085
0.0
0.198702648171
0.244735021123
0.277058216465
0.307990057726
0.733247067809
0.0
0.163571344255
0.497278785308
0.281334384002
0.0
0.0
0.0
0.0
0.0
0.0
0.0
0.0
0.139758027974
0.159587599155
0.431539221853
0.0
0.145626547467
0.271857752367
0.342033737326
0.398400602163
0.0
0.21856776029
0.244985570982
0.36183762312
0.0
0.648003199906
0.0320918541016
0.222193957204
0.187236948903
0.0
0.519980024918
0.323196251093
0.0
0.399819888895
0.0
0.0
0.806737961045
0.034915193208
0.487085065871
0.0
0.364562258749
0.431298471433
0.327749928003
0.755312003018
0.208014989309
0.0
0.194698398675
-0.00408757904294
0.656382880515
0.27673190272
0.0
0.139554434017
0.218291384513
-0.00406195653793
0.0355642065103
0.0
0.309119764303
0.0
0.0
0.40235265881
0.336811118652
0.327985299734
0.0
0.373451287476
0.410624963132
0.0390490779202
-0.00418037284466
0.0338530959506
0.0
0.394989427304
0.0
0.0
0.0372710804056
0.0336628217441
0.0286508075005
0.0
0.810963119467
0.560439595077
0.799992312977
-0.00400365885015
0.0374892188216
0.0
0.0
0.982289342092
0.0
0.0
0.0
0.0
0.284340874299
0.0
0.0
0.0
0.0
0.0
0.0
0.0
0.0
0.0
0.0
0.0
0.0
0.0
0.0
0.0
0.0
0.0
0.0
0.0
0.0
0.0
0.0
0.0
0.691872216186
0.266843314561
0.30481969702
0.0
0.190490661126
0.623055051937
0.240025908079
0.308975209671
0.0
0.348759554558
0.31959402087
0.60807267646
0.235478216317
0.382445438352
0.344318827531
0.0
0.0
0.0
0.0
0.0
0.0
0.0
0.0
0.0
0.0
0.0
0.0
0.0
0.0
0.0
0.0
0.0
0.0
0.0
0.0
0.0323788914655
0.0
0.283724169633
0.0
0.0
0.0354919834657
0.0322047856017
0.0275877647251
0.0
0.355108988647
0.305563892007
0.34360371897
0.0
0.0356897384406
0.350506163079
0.0
0.0
0.329530698335
0.0
0.0336581817508
0.0
0.293186902951
0.0
0.0
0.037034957419
0.0334700862133
0.02851107261
0.0
0.370057809615
0.316567734953
0.357580507472
-0.00411985019473
0.0372503326654
0.36506202819
0.0
0.0
0.342364652979
0.0
0.753462746618
0.0337441758371
0.0
0.724306758515
0.0
0.0
0.0371390985567
0.0335551206316
0.0285727526644
0.0
0.194400153775
0.619026623275
0.48560945794
-0.00373814032774
0.426406205158
0.450831277433
0.0
0.0
0.297415359094
0.0
0.0338571677
0.195678766177
0.308177004413
0.346933500757
0.788133049929
0.0
0.671257062695
0.386946053054
0.3134768916
0.54419732309
0.0
0.250960899518
0.798784870683
0.311578403192
0.30777332527
0.395863808116
0.0345275161911
0.0
0.0
0.368499242577
0.0
0.0329953177619
0.0343247817389
0.0344142203052
0.204264320519
0.234689191943
0.210127696672
0.0
0.383404767867
-0.00447096203832
0.20835218552
0.1700547122
0.0
0.152896597844
0.330322308797
-0.00444032576283
0.203953882643
-0.00458221569574
-0.00437075444429
0.0
0.0
0.199341324105
0.0
0.0
-0.0045095992529
-0.0040562254736
0.342702645582
0.0
0.0
0.456915651972
0.0
0.0
0.0
0.0
0.0
0.0
0.0
0.0
0.0
0.0
0.0
0.0
1.0
0.0
0.0
0.0
0.0
0.0
0.0
0.0
0.0
0.337361961498
0.0
0.41067774612
0.0
0.0
0.844144866664
0.297707442438
0.505088705983
0.0
0.377107867926
0.443960425705
0.822219486368
-0.00373448037696
0.321229454136
0.494928038509
0.0
0.0
0.634607702304
0.0
0.354726303189
0.369642245465
0.464345271654
0.324723285789
-0.00405191651779
0.0
0.209354740555
0.233469514491
0.624955566488
0.0
0.321317954268
0.326753155288
0.212679354104
0.496705010775
0.0
0.681399548293
0.447645008257
0.325394050292
0.209101159667
0.626451041507
0.673044396626
0.511123791026
0.0
0.312745681519
0.0
0.317841919926
0.329765084753
0.41538846895
0.581574823835
0.33528295378
0.427572784335
0.437818567052
0.322807490167
0.36558661899
0.205299736916
0.0
0.344596860064
-0.00402434705059
0.328627290617
0.592590061791
0.0
0.137358130314
0.301107019563
-0.00399950873013
0.322364599986
-0.00411426057184
-0.00394297730681
0.0
0.0
0.232004657773
0.0
0.0
-0.0040556236807
-0.00368518734266
0.311360260399
0.575900322334
0.0
-0.00368163029889
0.305223514992
0.743988482488
0.383762471799
0.21301061462
0.0
0.200355990687
0.34338547416
0.343240448968
0.283224398855
0.0
0.14362673733
0.223799326425
0.334795776055
0.336414190071
0.0369354924608
0.0350933013778
0.0
0.0
0.715890928449
0.0
0.0335116269298
0.0348838884201
0.0349762683164
0.315825248591
0.210170743565
0.0
0.350020498375
0.214149724555
0.331209060765
0.0365624674378
0.0
0.595145829423
0.0
0.0
0.282473296098
0.435045036222
0.462032257093
0.0
0.715626913271
0.0330723590508
0.040255878599
-0.00354321449168
0.387755247105
0.0386001596943
0.730893084482
0.0
0.250555091494
0.0
0.0366951585958
0.0383469534546
0.38434058744
0.586336167665
-0.00382772893532
0.0
0.405160146852
0.629610307513
-0.00349560483487
0.0380133860857

Topic 4
Mean 0.342471839942
Median 0.311322461246
Sum 88.3143376651
0.509164009248
0.039913927087
0.043945638462
0.324795871793
0.509281497811
0.0291888645574
0.0
0.0
0.0
0.0
0.0418737696507
0.250393742914
0.303834076486
0.572523021526
0.0
-0.00472988438881
0.28854396032
-0.00431393073264
0.221744697818
0.0
0.261638292545
0.0447370786878
0.821965981474
0.0350024042699
0.270118283504
0.0
0.839884520193
-0.00429958756699
0.356308818893
0.555876189498
0.309665491808
0.299635031981
0.0
0.385585858806
0.143376551
0.220738390622
0.447792470726
0.529832370754
0.434969688607
0.923091388262
0.0
0.71063580163
0.225831884595
0.428766196164
0.290096510692
0.505033517791
0.0
0.371894069114
0.559730456786
0.0
0.0
0.0
0.0
0.0
0.490064443433
0.0
0.0
0.0
0.68626987511
0.0
0.0
0.0
0.0
0.0
1.0
0.0
0.0
0.0
0.0
0.0
0.0
0.0
0.0
0.0
0.0
0.0
0.0
0.0
0.391076354953
0.699426140604
0.635880806409
0.323846286468
0.0
0.641684138959
-0.00470405156977
0.637099821494
0.355166353746
0.465484099104
0.0
0.0
0.0
0.357535131
0.623607510798
0.0325099917867
0.499823143844
0.0
0.299629472793
0.202087927326
0.340923795517
0.785451547732
0.752232040842
0.0
0.0
0.0
0.491807407429
0.80894262781
0.485342528333
0.580094658574
0.484335129805
0.0
0.0388808273777
-0.00454284609265
0.0413374456504
0.34447705269
0.38896404636
0.434723163068
0.0
0.0
0.376868954158
0.345623142984
0.0392602357397
0.721203225046
0.0315579786026
0.299102289272
0.0
0.346915566954
0.257001865102
0.797498798924
0.216700447608
0.371547407909
0.0
0.0
0.0
0.336680928958
0.307471605607
0.0366174509752
0.382963661306
0.493291250908
0.0339743195351
0.69317932064
0.0
0.0353839718676
0.0
0.0374070791952
0.348462359378
0.307523092933
0.0
0.0
0.0
0.381644187445
0.349635166794
0.56798673002
0.0334995475526
0.612428706219
0.0
0.0
0.0
0.0
0.0
0.0
0.0
0.0
0.407201473038
1.0
0.0
0.0
0.0
0.0
0.512008904611
0.0
0.0
0.0
0.750298938575
0.0
0.633994626437
0.0
0.728238543183
0.275492537123
-0.00406873950235
0.137933498312
0.414999678456
0.0
0.414999678456
0.0
-0.00442911733948
0.194370524576
0.0
0.363142206605
0.0
0.0
0.0
0.0
0.0
0.585951901469
0.0
0.0
0.0
0.0
0.0
0.930486155771
0.0
0.598747119883
0.0
0.0
0.0
0.0
0.0
0.0
0.0
0.373996835302
0.0410274988583
0.0452993510596
0.0326898453805
0.207236305146
0.0
0.230348073296
-0.00442065975448
0.228814688742
0.33088820928
0.293690823188
0.0
0.0
0.0
0.250063114413
0.231403733794
0.0381501527454
0.22447876466
0.0347777929209
0.0
-0.00417699612109
0.0
0.0
0.0
0.0
0.0
0.0
0.0
0.0
0.0
0.0
0.0
0.0
0.0
0.0
0.0
0.0
0.0
0.0
0.0
0.0
0.0
0.0
0.0
0.0414658495372
0.275526349899
0.032967532273
0.506225034234
0.0
0.303898901242
0.384597345815
0.301858620773
0.226243268315
0.271458582838
0.0
0.0
0.0
0.330152033951
0.843067186154
0.0385288907273
0.29609062016
0.0350922557937
0.0
0.266159250275
0.0
0.234735158679
0.0
0.042949699025
0.254087938961
0.519657704121
0.442452393919
0.0
0.356367577805
0.264765102837
0.303129467637
0.328143902618
0.860146601616
0.434511667169
0.693424580509
0.0
0.520910760149
0.286364673136
0.0398067480451
0.350594524457
0.0361491926627
0.0
0.373512329635
0.0
0.220095837693
0.0
0.290261989748
0.0375783856854
0.233533630822
0.0304620931296
0.194389716404
0.0
0.224382030928
0.336375196186
0.213140016476
0.341640109384
0.276023976356
0.0
0.0
0.0
0.23146041626
0.2153847526
0.0351501748546
0.220963383818
0.0322673003958
0.0
0.234495357442
0.0
0.319317651078
0.0
0.326116142627
0.226677844574
0.321915674762
0.396449444679
0.0289486738388
0.42281666647
0.0
0.029965883378
0.0
0.0314042654714
0.297182103903
0.266881732547
0.0
0.0
0.0
0.320982831883
0.298034703676
0.480169452042
0.0286032601199
0.485199077818
0.0
0.0
0.0
0.0295299876618
0.0
0.0297563998097
0.030512889262
0.0277000428607
0.427834564918
0.0375103890625
0.500957761356
0.517684223983
0.0
0.881507485373
-0.0037112267957
0.273053717944
0.539565804535
0.842053801554
0.922877201396
0.676609129402
0.0
0.294384022608
0.257678602681
0.472615042369
0.369376467144
0.0299958990216
0.428369781457
0.441314646324
0.94636343807
0.297593476789
0.0
0.260829917858
0.328484394183
0.309357211984
0.0260092966667
0.458326089101
0.0423553750438
0.530752159522
0.198182718391
0.0
0.219216736141
0.0
0.217827522437
0.566996956623
0.332801257291
0.395858403345
0.0
0.0
0.23699885118
0.220172622684
0.510621162895
0.213894424851
0.0330159793274
0.4589403681
0.0
0.0
0.951204087667
0.0
0.223186409871
0.209911403468
0.324579703978
0.0282499726794
0.790542032207
0.0398768429881
0.260242574705
0.0319551565076
0.268674948567
0.0
0.315029132189
0.367395155181
0.312979430685
0.219390544729
0.375651481117
0.0
0.0
0.0
0.341327380329
0.295772759934
0.0371532724751
0.877879091951
0.0339474475101
0.0
0.254916917277
0.0
0.227366733014
0.0
0.355191035509
0.301312981998
0.618049596379
0.0289291616035
0.373432458727
0.216514884443

Topic 8
Mean 0.261679721856
Median 0.231225876758
Sum 86.4858167085
0.0515852267341
0.0564537429962
0.453091959043
0.199039959779
0.355043710302
0.853225491544
-0.00397208811736
-0.00353816081672
0.352218367637
-0.00370271404837
0.0398521688702
0.690466666992
0.392402448841
0.596537340776
0.115040340849
0.0344853745256
0.410584136042
0.463542596203
0.222888151631
0.190002151997
0.289090081502
0.0306951327029
0.251491852699
0.398954478765
0.199961003453
0.0
0.244253477419
0.256208498501
0.204749224571
0.512286610436
0.471019399257
0.247226500958
0.201275878029
0.496557138883
0.425251118187
0.28047280994
-0.00411938213024
-0.00365455913382
0.203706633428
-0.00383038641274
0.167908819443
0.118792769993
0.253871795935
0.0
0.402243701037
0.0313967072258
0.497809946314
0.357736626328
0.298425487095
0.157620352262
0.2792752722
0.279843775663
0.237169897708
0.306954442316
0.162645303875
0.0333843100439
0.335509015219
0.347374063261
0.318943662633
0.197749851391
0.297165668903
0.95053113645
0.190736814999
0.332093879515
0.264641339179
0.284502188349
0.0415036703007
0.0573392673011
0.760655352351
0.276450868541
0.184896123773
0.251434138434
0.284604949316
0.0326444107206
0.454335927886
0.368278305895
0.178533893862
0.298209659634
0.0
0.0
0.0
0.0
0.0
0.0
0.0
0.0
0.0
0.0
0.0
0.0
0.0
-0.00410279653771
-0.00364149940476
0.364400119305
-0.00381604226681
0.348717561528
0.118293727616
0.196369553296
0.0
0.208435549097
0.172862216423
0.161977440711
0.204656564143
0.190920468964
0.0
0.498311989318
0.0581943822219
0.0644661718599
0.215849380627
-0.00428100390469
0.04368504044
0.0373187321272
0.0329198065704
0.222579992945
-0.00445259426481
0.033728100561
0.036032679215
0.0456774330376
0.0
-0.00443322328188
0.0
0.0
0.0
0.0
0.0
0.0
0.0
0.363541670701
0.0
0.0
0.499904281541
0.0
0.0
0.0
0.0
0.0
0.0309759231554
0.459156315694
0.662781153871
0.201671942916
-0.00316437365648
0.396797391242
0.363859267656
0.333438755187
0.453804360675
0.333126915472
0.432846911002
0.192292930027
0.447902756665
0.0
-0.00324677701926
0.0332429876191
0.303773402968
0.0313254536544
0.0395746166068
0.267371235135
0.0292790649686
0.0
0.0322829906359
0.0286687980544
0.0259998351535
0.282939732236
0.0
0.0265014382745
0.0279037178613
0.0333582609337
0.0
0.0
0.0336458859478
0.0
0.0262010116394
0.191352510105
0.429119006652
0.487305562963
0.233420116296
0.120023499719
0.490313500979
0.438481594045
0.844900997699
0.65066182278
0.124113834067
0.291649780088
0.220947006742
0.14837573592
0.0
0.123569185863
0.206838046737
0.0
0.378341207153
0.0298756549014
-0.00411758258447
-0.00365314272009
0.21595126702
-0.00382883045706
0.176141078434
0.124562513505
0.365614682478
0.0
0.286249512184
0.234688998054
0.170357678321
0.382066566252
0.260715100618
0.0
0.181599989509
-0.00445049189247
0.0
-0.00325602976453
0.0
0.130425772356
0.193840906895
0.0446930837115
0.0483020643534
0.22634283187
-0.00361908842839
0.0356097852875
0.0312624739615
0.0281152493438
0.184662392647
-0.00374096405721
0.0287027186277
0.0303548887924
0.0369225958725
0.0
-0.00372728064029
0.209748559111
0.0
0.0283506422683
0.0286431566544
0.173694898925
-0.00373947988862
0.0
0.0
0.600560407868
0.0
0.118295731259
0.117254743534
0.138721408245
0.0
0.147151240086
0.122267202104
0.114634398721
0.144512233332
0.593818519447
0.0
0.121738605952
0.0
0.0
0.0
0.0
0.122435909702
0.128388081442
0.0
0.0363010818814
0.500866439579
0.630156219676
0.333452794963
0.171953589068
0.313118366227
0.35500025166
0.373089978407
0.414408657149
0.341600029924
0.32764625294
0.370490512151
0.378449610834
0.0
0.177152200358
0.0394542957463
0.360406033587
0.366345027067
0.291293917652
0.231225876758
0.327497903491
0.0327473523028
0.125273077883
0.45033753516
0.0507015832018
0.0553971436137
0.196689387838
-0.00392942731823
0.0393227179244
0.0340882109659
0.0303800760818
0.202262713266
-0.00407351701726
0.0310671613247
0.0330119663208
0.0409297444638
0.0
-0.00405729796889
0.624075658664
0.0
0.0306551061935
0.0309973940238
0.189179011038
-0.00407175731206
0.191610840199
0.0
0.035861261481
0.0357848088046
0.458943515561
0.815854025035
0.327671419667
0.170418576805
0.421307902557
0.333550511247
0.195325316576
0.274600695903
0.226800889274
0.322593917286
0.34790109793
0.60953784799
0.0
0.175523409706
0.0388451899215
0.0
0.196957522551
0.0295611824308
0.227127683279
0.308030156084
0.0323266278029
0.502249372393
0.359468401924
0.0353573360148
0.0392848230543
0.677157998025
0.444759708627
0.0361189501676
0.184436525236
0.824737292074
0.386208284052
0.403544054823
0.303494161337
0.246156347229
0.178105343835
0.404612345931
0.274943944436
0.0
0.190430472623
0.0430042472771
0.35547854163
0.302583659807
0.031909682601
0.136808448425
0.353878121449
0.0351561139812
0.134568152494
0.839232561174
0.0387702422815
0.48226192065
0.0389919089683
0.721336199393
0.430310205579
0.353475307081
-0.00387501435649
0.515443690438
0.333131776633
0.277404946836
0.581093746815
-0.00401506998765
0.344992795756
0.334108112311
0.0421923007192
0.0
-0.00399931212357
0.0426534898477
0.0
0.448993516353
0.0317161545302
0.349997568022
-0.00401336040627
0.0349213492588
0.0
0.387503106398
0.0384849236697
0.380456006167
0.507990559311
0.196074668974
0.938914566905
1.0
0.232157616037
0.108980978792
0.445569153673
0.377833866752
0.35168709551
0.382786601958
0.112342749462
0.526241168891
0.21981550117
0.458994790351
0.0
0.111896326447
0.212366470397
0.393209943796
0.636691426609
0.250513904646
0.46365749119
0.117489377559
0.1775769258
0.110966239705
0.441163979768
0.193793211417
0.285570211795
0.311962994642
0.347970078148
0.0378157787771
0.500817171828
0.53175933111
0.459364202168
-0.0032866681119
0.268088478994
0.379498507937
0.358014579441
0.384495268866
0.405215371867
0.471625824552
0.20602202086
0.297064869161
0.0
-0.00337565344212
0.0412500715694
0.0
0.44886354698
0.0309335925616
0.395279110372
-0.00338565644784
0.0339749854013
0.0
0.214931119351
0.0373387299539
0.211385754226
0.0386704830261
0.305548997826
0.529602864311

Topic 1
Mean 0.262919685426
Median 0.220132381209
Sum 60.4342027186
-0.00360727272583
0.0
0.0355098386805
0.187678012225
0.287668143536
0.0310589838762
0.171084066315
0.619210436348
0.0282293118128
0.286302054301
0.0
0.0
0.0
0.0
0.0
-0.00485325111604
1.0
0.0355963021676
0.218543288934
0.70840696335
0.0
-0.00387525852471
0.390303156372
0.0318329102676
0.190982898141
0.556335328398
0.0
0.390303156372
0.0
0.0
0.0
0.0
0.0
0.0
0.0
0.0
0.0
0.0
0.0
0.0
0.0
0.0
0.0
0.0
0.0
-0.00366036293847
0.775304160946
0.032860520181
0.299986627332
0.399631466326
0.0
0.456345979183
0.418910928801
0.0
0.0
0.198381792878
0.426774461116
0.0311544229295
0.237235156812
0.319325944418
0.0
0.426774461116
0.687588132889
0.0
0.0
0.454879963387
0.0
0.0
0.0
0.0
0.0
0.0
0.0
0.0
0.0
0.0
0.0
0.0
0.184219382131
0.372348750048
0.0306492680116
0.326834757887
0.425747206989
0.0
0.0381996934882
0.872193906873
0.0
0.0
0.442762357074
0.317038600483
0.0
-0.00353901236646
0.537498008812
0.0271664811058
0.571412922793
0.321790227837
0.0
0.0329369033506
0.0296891789455
0.0
0.0
0.478729633974
0.0290981493254
0.0
0.355917207481
-0.0044253047237
0.473877411196
0.0344495920933
0.348088830203
0.344983559298
0.0
0.473877411196
0.431545631906
0.0
0.0
0.656054908128
0.469816208376
0.0
0.71398731928
0.304725543858
-0.00434020291038
0.040384605266
0.0321104667598
0.195399312194
0.437360108811
0.0
0.481047721778
0.198070591648
0.0
0.0
0.0369927057425
0.0348445740809
0.0
0.0342138750088
0.0299304694003
0.0390188757539
0.192892380245
0.0
0.0
0.23112075386
0.287839004467
0.0
0.0
0.0
0.0
0.0
0.0
0.331698443769
0.0
0.309011644617
0.0
0.0
0.0
0.0
0.440954323619
0.721516146725
0.561949174003
0.25615175231
0.0
0.0
0.0
0.0
0.0
0.551904610395
0.0
0.0
0.267718494793
0.527171155031
0.0
0.0
0.0
-0.0041534580142
0.298637628374
0.0356963275239
0.0389573486395
0.0346063071631
0.0
0.0463712197111
0.529300465205
0.0
0.0
0.441811799052
0.0391076178216
0.0
0.565472080325
0.284169338885
0.69922506922
0.0406259847541
0.0
0.0
0.0
0.0
0.0
0.0
0.316547438781
0.0
0.0
0.0
0.0
0.0
0.667836067152
0.0
0.0
0.334401732877
0.710198727835
0.0
0.0
0.0
0.778591773594
0.0
0.0
0.0
0.0
0.0
0.417901682517
0.0
0.0
0.62467806912
0.0
0.0
0.403608626679
0.0
0.0
0.430648078424
0.717748385048
0.0
0.0
0.0
0.0
0.0
0.717484188603
0.174077253636
0.0339373561086
0.382880367833
0.302889373724
0.251003600642
0.0
0.191410280791
0.221721473484
0.0
0.0
0.192778208346
0.285579750845
0.0
0.267805123069
0.0262364497509
0.032967650076
0.173419850655
0.27873154668
0.0
0.247341729325
0.0
0.0
0.0
0.397366250368
0.0322888210952
0.0349339086369
0.293928053237
0.0
0.397366250368
0.31591316291
0.0
0.0
0.363777750332
0.342526135055
0.0
0.0344164346906
0.0300853702327
0.376241274358
0.0362697666095
0.0
0.0
0.0409119007291
0.0
0.0
0.0309834295007
0.414149492033
6.59139644353e-300
5.17735844114e-301
0.184581228857
0.16850693095
0.0
5.68246674119e-300
6.59139644353e-300
0.0
0.0
6.59139644353e-300
0.19492495391
0.0
0.18123477784
5.17735844114e-301
6.59139644353e-300
5.17735844114e-301
0.189622625893
0.0
5.17735844114e-301
0.0
0.0
0.171409856288
5.05889625445e-300
-0.00487080603537
0.0460570062096
0.0355963021676
0.218543288934
0.70840696335
0.0
1.0
0.221890260391
0.0
0.0
0.0416967778151
0.0389875934403
0.0
0.0381996934882
0.0329369033506
0.0442890708823
0.481047721778
0.0
0.0
0.0463712197111
0.0
0.0
0.191410280791
0.0407805644903
5.17735844114e-301
0.15700294183
0.0439939359801
0.0343512904736
0.144844899753
0.280199334108
0.0
0.0441267285304
0.280091768781
0.0
0.0
0.235437946933
0.153817651403
0.0
0.257269557595
0.0318681794819
0.0423780601264
0.0388928156474
0.149205595634
0.0
0.322259963984
0.0
0.0
0.513570850165
0.0391547780803
0.15397558359
0.0441267285304
0.0
0.0
0.0
0.0
0.0
0.0
0.0
0.0
0.0
0.0
0.0
0.0
0.0
0.0
0.425641665786
0.0
0.0
0.0
0.0
0.0
0.0
0.0
0.0
0.0
0.0
0.0
0.0
0.130398502586
0.0356790368043
0.400051056626
0.121900246159
0.239940082798
0.0
0.0357663272337
0.232659058517
0.0
0.0
0.200993710766
0.128193676804
0.0
0.216691763679
0.0272653999383
0.034608814627
0.0322487575723
0.124974164353
0.0
0.261031096111
0.0
0.0
0.384307940539
0.0324286557638
0.128303354224
0.0357663272337
0.32876105269
0.0
0.146192066357
0.981776966866
0.0451334989581
0.135594219833
0.399975066838
0.0
0.619374238425
0.441815241628
0.0
0.0
0.541449619128
0.495675730751
0.0
0.352786170613
0.52941170254
0.569530676684
0.0533128797953
0.13940836747
0.433333385128
0.0639844949367
0.364592221972
0.0
0.125657743275
0.525752051468
0.143563778956
0.0636638316759
0.770233969747
0.0
0.131933318643

