Topic 5
Mean 0.381614168445
Median 0.369242785148
Sum 206.739411498
0.0
0.0
0.395203005315
0.0
0.379485506223
0.049343625555
0.0
0.0472449775718
0.572071902454
0.0566574529073
0.0
0.986465962253
0.478473662263
0.331197653728
0.493997766793
0.0
0.0
0.0
0.0
0.0
0.0
0.0
0.389907714526
0.564126551669
0.0786391503294
0.664489585596
0.565321215328
0.0
0.0
0.192551175639
0.191940727913
0.0
0.0
0.178551287996
0.0
0.135366034951
0.0
0.569543975086
0.036043094513
0.3145074126
0.0397955274308
0.509266908831
0.0
0.440420058023
0.0
0.0
0.824205441104
0.359283420726
0.0497738121552
0.0452911227043
0.633334774628
0.0
0.414383597597
0.0
0.520237753114
0.0
0.707392934437
0.0
0.0
0.0
0.900450208668
0.0
0.0
0.0
0.745073654869
0.0
0.0
0.918627010759
0.323400097317
0.343480850253
0.0431470772398
0.83160884879
0.0
0.319499469657
0.172283171352
0.459501916725
0.336694205336
0.0
0.0
0.0
0.0
0.0
0.0
0.0
0.0
0.0
0.0
0.0
0.0
0.0
0.0
0.0
0.0
0.0
0.0
0.0
0.0
0.0
0.0
0.0
0.0
0.0
0.0
0.0
0.0
0.0
0.561449297827
0.0410678368251
0.364888189622
0.0460111932573
0.501662165822
0.0
0.0595230100579
0.0
0.883494977617
0.347262345754
0.0
0.517138578004
0.0
0.0
0.0
0.952715534755
0.551631272946
0.322089056156
0.485990344019
0.966227960094
0.0
0.459544406012
0.174466548618
0.565373701208
0.541223082396
0.0
0.557412131324
0.0
0.0
0.63140892958
0.0
0.729414266081
0.417944068698
0.0409356106221
0.0378542627741
0.473733497226
0.0
0.412026395833
0.0
0.496429255817
0.484026496995
0.0
0.341318976182
0.0
0.0
0.341639104256
0.295404693063
0.0
0.29070048467
0.394184835796
-0.00613748857868
-0.00557728983131
0.345054389513
0.0
0.158450433844
0.20163791918
-0.00445470276279
-0.00431637813513
0.0
0.255433192925
0.0
0.0
-0.00456431830969
0.25917141638
-0.00425373410981
0.0
0.587559007018
0.612654890607
0.285917939567
0.548033339073
0.851621706006
0.0
0.534030129259
0.0
0.524464781313
0.606861192945
0.0
0.425183446769
0.0
0.0
0.58081326271
0.627700201203
0.445084644799
-0.00410636014863
0.0
0.451488415351
0.208006603134
0.0457289452832
0.0419173267899
0.530482128874
0.0
0.146548721213
0.337651785395
0.559105290361
0.54342251141
0.411347277757
0.369220654544
0.0
0.0
0.375347935728
0.500351475091
0.872481472002
0.219443451534
0.486182051027
0.0
0.569543975086
0.140027332207
0.330815472045
0.0424747346413
0.465262224954
0.0
0.138303991348
0.127117724676
1.0
0.326217936547
0.745073654869
0.478544489153
0.0
0.0
0.929420872526
0.587303726853
0.321250716411
0.147265255851
0.543283211594
0.651360959978
0.0
0.678998575959
0.332911100491
0.0415161879361
0.038350196572
0.457425690017
0.0
0.134114182506
0.173103483489
0.476843658915
1.0
0.0
0.414173387899
0.0
0.0
0.0354976194176
0.474948048994
0.62923365525
0.349565072059
0.426512679292
0.492655699526
0.126013161034
0.0
0.796756523774
0.471217086699
0.270480369042
0.0421777817031
0.544203765077
0.0
0.381016121891
0.176309982543
0.464933500783
0.445387793101
0.0
0.537588760731
0.0
0.0
0.618704884298
0.588142362741
0.348826503927
0.262338907297
0.431701588003
0.469018177516
0.482976197746
0.423355289659
0.0
0.380846440406
0.254381451227
0.050320200397
0.0457430791243
0.348072438638
0.0
0.486516100235
0.179383064864
0.476763005848
0.840281295917
0.0
0.339673070796
0.0
0.0
0.387706408647
0.344095875662
0.24303736947
0.267642382114
0.238841181603
0.466288305797
0.270143236845
0.32631744343
0.570070935823
0.0
0.614827063961
0.357315914557
0.331113948582
0.0417224681997
0.646049721176
0.0
0.567421820582
0.179211214993
0.447157816516
0.422612909856
0.0
0.920520733549
0.0
0.0
0.501556057696
0.542155663321
0.564729310695
0.267345039831
0.461547642641
0.613887146101
0.465170954924
0.22851978779
0.62555153887
0.253837330835
0.0
0.587717986487
0.551069160262
0.0412570660324
0.485427555235
0.879309822789
0.0
0.458888940112
0.174310155817
0.483486706368
0.576185778711
0.0
0.526537729429
0.0
0.0
0.0353080096171
0.833538865653
0.449560813207
0.258903170269
0.899524864414
0.500355419465
0.126909069602
0.436519241077
0.538705564904
0.343778974294
0.230154840838
0.0
0.262686320056
0.912262609089
0.0441345381267
0.516552141418
0.403129765593
0.0
0.495675730751
0.18411786172
0.0331823370157
0.0369174721206
0.0
0.233548112003
0.0
0.0
0.0373944937615
0.407992829509
0.0318216286244
0.375472180691
0.45084119477
0.198850581119
0.134200094332
0.842964616986
0.23930783847
0.243713172524
0.24346659809
0.407596116962
0.0
0.432722282562
0.760057155844
0.317095888993
0.706053058878
0.532511984425
0.0
0.834835960113
0.285141625447
0.239164859218
0.235947494026
0.0
0.358950138303
0.0
0.0
0.369264915752
0.667951538138
0.232311641152
0.469700617052
0.759561107079
0.322099866727
0.256956525091
0.361726473885
0.546834266209
0.698226440705
0.654672991169
0.667127547594
0.552579738786
0.0
0.0
0.0
0.0
0.0
0.0
0.0
0.0
0.0
0.0
0.0
0.0
0.790955502645
0.0
0.0
0.0
0.0
0.0
0.0
0.0
0.431326791888
0.0
0.382762954523
0.0
0.448150240355
0.0
0.0
0.0
0.0
0.0
0.300487819791
0.407405285505
-0.00640372233166
-0.00579627364723
0.355662664463
0.0
0.163687249871
0.20767348544
-0.0045933095083
-0.0044463850579
0.0
0.262959073518
0.0
0.0
-0.00470994178389
0.266922531143
-0.00437993964135
0.964384835112
-0.00422385141749
0.226610961444
0.151778293903
0.359922617002
0.270283545851
0.275916552738
0.27560055244
0.266638008878
0.387448159633
0.495792975142
0.0
0.0
0.377595349713
0.535174638095
0.0482842176601
0.0440544221632
0.480557294989
0.0
0.0562886192124
0.0
0.0354745481409
0.606395113803
0.0
0.325016046139
0.0
0.0
0.392867265594
0.522270279147
0.873874658146
-0.00480906263226
0.499439095165
0.670888941276
0.366145178746
0.524406866936
0.47323786409
0.279294102057
0.639027265329
0.0341442122969
0.0360916237207
0.265222150847
0.0
-0.00497099886131
0.0
0.0477381714925
0.577748875257
0.0573682156852
0.988739630678
0.498908125065
0.0
0.674520302
0.0
0.0401448773829
0.0457441716681
0.4274655571
0.370965248114
0.0
0.0
0.0464788369005
0.490081281503
0.0381702254659
0.0
0.553241069298
0.386016531123
0.0428729428947
0.359290808108
0.042570415711
0.0462052612144
0.0421066323084
0.489508983607
0.521176226868
0.714720697277
0.409015965319
0.0
0.0444829503375
0.0
0.33728659105
0.344076228727
0.04252405837
0.378989532411
0.344520290411
0.0
0.46867366006
0.331336780995
0.503672478296
0.383998777669
0.0
0.380882424275
0.0
0.0
0.349419567073
0.509857118903
0.670051169419
0.20445943805
0.453512896576
0.665083279332
0.328120904719
0.30224646469
0.440344520638
0.445160170795
0.56115526186
0.301854230134
0.317346596764
0.404180843966
0.0
0.210667697741
0.527167053903
0.382231453085
0.0
0.362633998544
0.0379080133452
0.0459241461995
0.0420812846131
0.0379606861502
0.0
0.0531069790772
0.0
0.034183872838
0.32383071574
0.0
0.0366278233414
0.0
0.0
0.376697124476
0.543801420775
0.318935383085
-0.00468442547248
0.313766186997
0.57865643717
0.35206052069
0.0331119310796
0.34996394452
0.267854905489
0.599613909464
0.0329468918166
0.0347565005668
0.254885288888
0.0
-0.00483794264907
0.3631405228
0.0424721157648
0.590543980551
0.0
0.53175933111
0.389173094531
0.342400353053
0.0435429989763
0.477824495613
0.0
0.147852624442
0.189311189922
0.601105559087
0.9405293616
0.0
0.491844502719
0.0
0.0
0.676306576534
0.602554283222
0.0336196786426
0.387865492105
0.606729276058
0.31865624377
0.625956073414
0.815526315228
0.516910988213
0.250792536473
0.477728230897
0.243103261268
0.351154075308
0.42015991268
0.0
0.400658575825
0.571714827904
0.0439615881561
0.327073515133
0.0369127460683
0.0
0.375090989222
0.35230057402
0.306397158075
0.384050229561
0.348697232066
0.0
0.476437409398
0.176928421245
0.233027776454
0.555947712459
0.0
0.335087304334
0.0
0.0
0.338155807828
0.484412121688
0.214041987196
0.263403869214
0.336534323062
0.300856074338
0.24186184236
0.486249638636
0.506874491573
0.641349632629
0.328294523265
0.339082440471
0.320887233644
0.656030689788
0.0
0.271414125794
0.636245194151
0.387379688181
0.402698207523
0.233059407879
0.526658316586
0.0
0.256913508773
0.256068802254
0.0441946541675
0.0406245343025
0.23759117
0.0
0.140324116588
0.180461770421
0.453941574449
0.225023410283
0.826087027798
0.382362039832
0.0
0.0
0.351173442008
0.231973137403
0.479356483447
0.269510888263
0.218216606105
0.392470937639
0.244053638314
0.369971236744
0.523713718413
0.660967959546
0.238499644671
0.231758214945
0.245261531903
0.682245437034
0.422914448228
0.277902803206
0.25149797618
0.394442754329
0.226290309124
0.242184434232
0.252432458254
0.821362680716
0.0
0.374605266811
0.357643329325
0.0385938493759
0.0358431158787
0.0328096148798
0.0
0.352879017559
0.0
0.029949635668
0.344559877496
0.0
0.904417143121
0.0
0.0
0.303545991371
0.264233875837
0.379687118315
-0.00404389014035
0.303597903953
0.283484627147
0.286275190615
0.0291235940506
0.301487299282
0.231077950061
0.272113853308
0.0289958416691
0.030388280213
0.221360734078
0.0
-0.00415778423905
0.294081250949
0.0361262714981
0.540927177509
0.526411874254
0.0320238356877
0.204711182982
0.211717997275
0.0
0.633532722531
0.744618642597
0.0385604139738
0.0358142749869
0.938191330028
0.0
0.433333385128
0.185374240137
0.527631053353
0.761431652654
0.0
0.349219373125
0.0
0.0
0.579049403358
0.395528005492
0.416650645368
0.229509400754
0.499367809046
0.370838449458
0.294346592183
0.338854399966
1.0
0.468469521336
0.38400972604
0.625198936674
0.211686132208
0.315074312233
0.382738258183
0.235567089082
0.416172125525
0.359269047715
0.49618738918
0.292401655114
0.452914733549
0.30481969702
0.410966126153
0.304933158631

Topic 3
Mean 0.365593051822
Median 0.378682638274
Sum 190.402589497
0.0
0.0
0.0
0.0
0.0
0.0
0.0
0.395203005315
0.0
0.0
0.0
0.049343625555
0.0
0.0
0.379485506223
0.0
0.572071902454
0.0
0.0
0.0472449775718
0.0566574529073
0.0
0.0
0.0
0.0
0.0
0.0
0.0
0.0
0.778383218209
0.0
0.0
0.0451080975335
0.0536117534739
0.529978825798
0.0
0.0
0.3752869636
0.0
0.0
0.609893640951
0.0467499148413
0.0427735955936
0.0
0.0410145243752
0.0
0.760057155844
0.0
0.0
0.432722282562
0.317095888993
0.706053058878
0.0
0.574561014029
0.339660311264
0.0
0.345117587901
0.0
0.0
0.338037826299
0.0457718033236
0.380253334392
0.497364872931
0.365037576456
0.545605203808
0.405618557391
0.0
0.352626145419
0.0
0.0
0.50079441777
0.319385199422
0.0411659878193
0.0
0.22245908394
0.0356730282985
0.394330221002
0.148127995926
0.0
0.535174638095
0.0
0.0
0.377595349713
0.0482842176601
0.0440544221632
0.0
0.042190720325
0.546959235603
0.265222150847
0.636415185004
0.0365595008563
0.0
0.0442514406169
0.0
0.0
0.728757438676
0.404461480918
0.0500449886259
0.0
0.0476537251282
0.0421540635493
0.287847292021
0.0413571709481
0.746276480336
0.0433975165749
0.0
0.0
0.0
0.0
0.707392934437
0.0
0.0
0.0
0.0
0.0
0.0
0.0
0.0
0.0
0.817547413261
0.0
0.256068802254
0.0
0.0
0.256913508773
0.0441946541675
0.0406245343025
0.0
0.0390344982171
0.324293043085
0.682245437034
0.447203609688
0.242874361673
0.25149797618
0.0400652853171
0.826087027798
0.0
0.394184835796
0.0
0.0
0.29070048467
-0.00613748857868
-0.00557728983131
0.0
-0.00531085937839
-0.00420812607712
0.469700617052
0.166178940806
0.371366542764
-0.00480906263226
-0.00470912206925
0.0
0.269510888263
0.0
0.0410678368251
0.0
0.0
0.561449297827
0.364888189622
0.0460111932573
0.0
0.0439820667962
0.382384685439
0.369264915752
0.3511104622
0.638040666091
0.392867265594
0.665584106009
0.0
0.351173442008
-0.00456431830969
0.0
0.295244237819
0.0
0.0
0.61094366166
0.0365365032621
0.0340618206818
0.665636688789
0.0329369033506
0.288458596604
0.583906394151
0.663008927037
0.0294015106114
0.294384022608
1.0
0.817547413261
0.821720770276
-0.00377628236792
0.303230511785
0.0
0.0410916724159
0.0
0.0
0.0430152592683
0.0506810988121
0.0460411144982
0.0
0.24764148817
0.0392769858468
0.415526752844
0.0385842655452
0.213361081171
0.0403543271814
0.0453241070713
0.0
0.0374574484346
0.0
0.0419901041191
0.0318069427414
0.0
0.0
0.0
0.0
0.0
0.0
0.0
0.0
0.0
0.0
0.0
0.0
0.0
0.0
0.0
0.0
0.0
0.0
0.0
0.0
0.0
0.0
0.564126551669
0.0
0.0
0.389907714526
0.0786391503294
0.664489585596
0.4581465875
0.619374238425
0.370508705086
0.834835960113
0.470607891944
0.141956116402
0.0562886192124
0.0664522276819
0.0
0.140324116588
0.158450433844
0.0595230100579
0.52941170254
0.0595730947864
0.0
0.0
0.586339671249
0.0
0.0
0.549937827807
0.0584508362927
0.971642842108
0.0
0.544209360647
0.40360658042
0.72791424509
0.388439379031
0.0421046160647
0.769915481583
0.0514390401224
0.0
0.365944359659
-0.00430371211768
0.433129289832
0.42322726643
0.0472184018494
0.0
0.689896379877
0.0
0.402809270733
0.0
0.0
0.728757438676
0.404461480918
0.0500449886259
0.0
0.0476537251282
0.0421540635493
0.287847292021
0.0413571709481
0.524405004176
0.40484859338
1.0
0.790416335851
0.0400652853171
-0.00501767035928
0.591295970987
0.91169410757
0.0453241070713
0.0
0.0664522276819
0.0514390401224
0.0
0.448081243357
0.0
0.0
0.585469186021
0.312912920151
0.493522591092
0.0
0.40850601279
0.30108190989
0.526307402783
0.30674265323
0.433543357308
0.318181645528
0.612563484904
0.0
0.225361163205
0.250945562314
0.478273988245
0.0285989454624
0.0365929637123
0.0
0.468351051683
0.504104991781
0.612563484904
0.0
0.417944068698
0.0
0.0
0.729414266081
0.0409356106221
0.0378542627741
0.0
0.036469993858
0.397321253975
0.232311641152
0.453943026272
0.749197543451
0.873874658146
0.0373682296311
0.0
0.479356483447
-0.00425373410981
0.341639104256
0.836621968286
0.0350896926562
0.0
0.412026395833
0.664573137976
0.0373682296311
0.0312255614463
0.0
0.744618642597
0.0
0.0
0.633532722531
0.0385604139738
0.0358142749869
0.672177844567
0.19454123153
0.322102923457
0.315074312233
0.39214454934
0.209905441932
0.416172125525
0.0353789142752
0.0
0.410966126153
0.229509400754
0.579049403358
1.0
0.18754758228
0.0
0.433333385128
0.434766895542
0.465058510983
0.293519307187
0.416650645368
0.0
0.487931148387
0.0
0.0
0.48317034919
0.0567149833355
0.0509670470781
0.0
0.0484890372872
0.385055734472
0.443127304417
0.585352149484
0.131084658085
0.490098151656
0.0500898686663
0.0
0.417327313354
0.145025288374
0.80881124635
0.382544819084
0.0460790977852
0.0
0.136326508593
0.882210042647
0.36768386205
0.149416276214
0.310202143621
0.670877113725
0.0
0.478473662263
0.0
0.0
0.986465962253
0.331197653728
0.493997766793
0.0
0.47127799297
0.6172542175
0.532511984425
0.345564343336
0.459458278843
0.480557294989
0.836240640195
0.900450208668
0.23759117
0.345054389513
0.501662165822
0.351395107363
0.0411535712849
0.0
0.565321215328
0.506339131161
0.836240640195
0.971135479219
0.473733497226
0.938191330028
0.442118337128
0.0
0.42576773375
0.0
0.0
0.0450153192928
0.0534807482018
0.0483399737811
0.0
0.0461052356432
0.0409378070343
0.0627303473193
0.0401858258091
0.0394628518028
0.428046804754
0.0475501917428
0.0
0.0389650030502
-0.00532121893177
0.0438938582473
0.0328874103562
0.043921088215
0.0
0.0634791791033
0.0496394205083
0.940243125798
0.0380304000818
0.0364093230775
0.485073971633
0.386718292728
0.378534858083
0.0
0.357315914557
0.0
0.0
0.614827063961
0.331113948582
0.0417224681997
0.0
0.0400470971085
0.336603704079
0.654672991169
0.309727438429
0.452587454371
0.639027265329
0.644776232266
0.0
0.238499644671
0.267345039831
0.501556057696
0.374979238656
0.038388903049
0.0
0.567421820582
0.814900022224
0.644776232266
0.530009456274
0.564729310695
0.38400972604
0.441839310744
0.646049721176
0.391196751648
0.0
0.530347126294
0.0
0.0
0.918627010759
0.343480850253
0.428343068014
0.481342287538
0.411156059354
0.332152766702
0.457003165239
0.479966680256
0.612394260549
0.532908250392
0.666470424771
0.0
0.227740451889
-0.00437530666089
0.618652455321
0.634838955245
0.0395916767365
0.0
0.472271108521
0.492333859758
0.666470424771
0.544580797529
0.300972674589
0.800810104964
0.486046533443
0.570007710042
0.600665303579
0.569892594527
0.0
0.036043094513
0.0
0.0
0.569543975086
0.3145074126
0.0397955274308
0.557272835985
0.0382685038876
0.0346393084102
0.239164859218
0.431087222802
0.570684993956
0.0354745481409
0.63884707596
0.745073654869
0.453941574449
-0.00445470276279
0.883494977617
0.63884707596
0.0367515386744
0.0
0.440420058023
0.0406720347173
0.622159366144
0.428558528994
0.496429255817
0.527631053353
0.0398239014475
0.509266908831
0.0382017071055
0.447157816516
0.555124287382
0.0
0.381693445899
0.0
0.0
0.378459980663
0.0484220132827
0.044169104222
0.0
0.223029568182
0.524593346252
0.288836816497
0.634066954349
0.194836625773
0.383524078482
0.0435087997121
0.53494368599
0.483306757702
0.157372942808
0.393803337939
0.519346717258
0.762967473847
0.0
0.147181897114
0.416348964769
0.398186789532
0.162556834112
0.331112965549
0.431539221853
0.558639359741
0.473855171528
0.420606687299
0.623386960322
0.380102419209
0.0355488723131
0.0
0.323647425014
0.0
0.0
0.324812899052
0.0
0.0
0.0
0.0
0.309961192435
0.0
0.403282273421
0.0
0.0
0.0
0.0
0.42321535017
0.0
0.0
0.354274577808
0.0
0.0
0.319740864917
0.0
0.0
0.0
0.429246270553
1.0
0.0
0.0
0.0
0.0
0.0
0.408753619925
0.0
0.0
0.326745209291
0.0
0.0
0.378682638274
0.0
0.0
0.0
0.0
0.0
0.380271172857
0.144511327527
0.310158049523
0.0
0.0
0.0
0.237466976002
0.343616325025
0.0
0.0
0.0
0.0
0.138631169978
0.0
0.0
0.873950526926
0.0
0.307187405897
0.128244386406
0.610800773264
0.0
0.235783925951
0.0
0.0
0.137805667966
0.0
0.0
0.0371627207411
0.0
0.0
0.607096095793
0.326294055315
0.041164845196
0.0
0.0395330819622
0.0356721702585
0.245920110134
0.035099843258
0.447594376963
0.0365585996425
0.759478954658
0.0
0.0341648893515
-0.00457160862615
0.495431367222
0.0294009277453
0.0379163222085
0.0
0.0516556765981
0.0421034207421
0.759478954658
0.524254405289
0.0321840903527
0.0306974688273
0.0411952061852
0.654349866995
0.0394618017686
0.54767132308
0.563244254054
0.442283178017
0.0366375407557
0.0
0.0
0.0
0.35230057402
0.0
0.0
0.375090989222
0.306397158075
0.384050229561
0.0
0.482201227111
0.505578983585
0.656030689788
0.589151099903
0.237903705899
0.636245194151
0.279003693447
0.0
0.821362680716
0.263403869214
0.338155807828
0.541795126414
0.218838941998
0.0
0.476437409398
0.392402363886
0.366304934363
0.606101655156
0.214041987196
0.30481969702
0.399070700723
0.348697232066
0.385193195693
0.328294523265
0.350944716084
0.233027776454
0.348759554558
0.0
0.638008056033
0.239436144916
0.0
0.466368910777
0.0
0.0
0.856682536212
0.0519450869518
0.0470818781247
0.0
0.234775158907
0.528389268399
0.627783754663
0.868702134842
0.310544757525
0.468348232705
0.0463323521348
0.0
0.599719111303
0.342329279041
0.397027952466
0.522383511928
0.224664770583
0.0
0.137920898817
0.825303762293
0.350816907718
0.701223978105
0.454413868581
0.785588465236
0.483718214502
0.74079745641
0.368103987869
0.408984387282
0.464646888118
0.431511823208
0.557260096849
0.403653843538
0.335377468843
0.0386193684184
0.812620698469

Topic 6
Mean 0.345720118345
Median 0.33707555978
Sum 163.620111863
0.0
0.0
0.0
0.352905978966
0.264706786156
0.0
0.32481995741
0.0
0.0
0.0459427956743
0.0
0.0
0.0
0.0
0.0
5.17735844114e-301
0.189906980236
0.0
0.211892888983
5.17735844114e-301
0.0
0.0445480626411
0.0
0.0
0.0387057012558
0.0506810988121
0.0
5.17735844114e-301
0.526122997593
0.34675936549
0.0
0.481371830356
0.049343625555
0.0
0.203715045227
0.0410916724159
0.305433981281
0.0
0.0
0.431991558622
0.0370618471333
0.0
5.17735844114e-301
0.0322043410119
0.0316590598934
0.575657364316
0.230910485414
0.0
0.418932706281
0.322089056156
0.0
0.184140572433
0.0416626719164
0.551631272946
0.195915653427
0.341187215422
0.242286131223
0.0
0.790347137944
0.320401815235
0.0
0.193654526378
0.0374541595773
0.809370208441
0.440573830785
0.528717983391
-0.00356438417998
0.116640367472
0.0
0.377726480364
-0.00444364812288
0.0
0.119377362008
0.0
0.123864024621
0.375216054722
0.113580093518
0.520507234378
-0.00437025951638
0.348820781471
0.0
0.287594985866
-0.00577013027055
0.0
0.204960919911
0.0
0.375524008082
-0.00375270054403
0.248137128485
0.261321861733
0.12450866757
0.301948462869
0.0
0.0
0.596832516033
0.0365365032621
0.0
5.17735844114e-301
0.0318069427414
0.295244237819
0.981399034576
0.266244768726
0.478729633974
0.550555074881
-0.00363393319409
0.363401144968
0.0
0.0
0.477916382469
0.0488823882454
0.0
1.30744341759e-299
0.040771304232
0.507990559311
0.31162403661
0.438950239525
0.464212736952
-0.00364829102059
-0.00449707153328
0.340936431645
0.341832618696
0.313699963057
0.0
0.417383627821
0.333196345436
0.0
0.383528322862
0.70701602755
0.818522989794
0.0301545127143
0.544743725546
0.969814249248
0.502484281755
0.33705660393
0.379000527504
0.43724988792
0.332169962119
0.0
0.0
0.48343865799
0.0425725881879
0.0
5.17735844114e-301
0.0362856789963
0.0355949125824
0.19996010673
0.30406620571
0.318936428131
0.0
-0.00420644997005
0.543672053354
0.336811118652
0.0337041920812
-0.00432909544903
0.345632835387
0.0
0.284648824691
-0.00569858734117
0.0
0.203034374004
0.0
0.371831869945
0.0
0.245940845932
0.258887125082
0.123511336371
0.37420318456
0.853280994047
-0.00445349579699
0.334079144664
0.0
0.0351331246399
1.0
0.0
0.398741818776
0.03883989334
0.0
0.189906980236
0.0335384629507
0.726244517058
0.375216054722
0.371245580134
0.773185388096
1.0
0.348820781471
0.550555074881
0.416834652939
0.502484281755
0.0297844347421
0.345632835387
0.25342154561
0.0
0.0
0.407491770742
0.331197653728
0.0
6.59139644353e-300
0.212837778317
0.743028377985
0.0300351321546
0.54225984505
0.877243506197
0.563662288311
-0.00398936409664
0.0296891789455
0.426406205158
0.904420134047
0.0335551206316
0.0
0.719692264844
0.0
0.0
0.0
0.0
0.0
0.0
0.0
0.0
0.0
0.437586979089
0.0
0.584420493615
0.414741989503
0.0
0.665636688789
0.0
0.579128168217
0.0
0.0
0.414741989503
0.0
-0.00452498935913
0.360787721822
0.0
0.298713250266
-0.00604295535524
0.0
0.212201850105
0.0
0.389429806276
-0.00386622254942
0.256370172712
0.270469200454
0.128232287776
0.392031675328
-0.00374028148659
-0.00466107975693
0.348217059177
-0.0043496078051
0.388009535357
0.360787721822
-0.00411790131711
0.0
0.0
0.0
0.0
0.0
0.0
0.0
0.0
0.0
0.0
0.0
0.0
0.0
0.0
0.0
0.0
0.0
0.0
0.0
0.0
0.0
0.0
0.0
0.0
0.383145030482
0.0
0.0
0.93374370424
0.0510523407175
0.0
6.59139644353e-300
0.0422698408638
0.515301640483
0.225201111922
0.444398429531
0.470310437728
-0.00369923224194
-0.00457472540393
0.304725543858
0.607724657824
0.712836797537
0.355308369445
-0.004529639317
0.421744611172
0.431545631906
0.0
-0.00474455355391
0.0
0.0
0.0
0.0
0.0
0.0
0.0
0.0
0.0
0.0
0.0
0.0
0.0
0.0
0.0
0.0
0.0
0.0
0.0
0.0
0.0
0.0
0.0
0.0
0.0
0.0
0.0491005463327
0.0
0.0
0.745317962516
0.0566574529073
0.0
6.59139644353e-300
0.0460411144982
0.572071902454
0.0345179654275
0.485990344019
0.517149652996
-0.00414240286604
-0.0052722657965
0.0340618206818
0.567198219939
0.483906893514
0.0392498740206
-0.00521247216412
0.459026327057
0.470660633826
0.0
-0.00549911616299
0.0
0.804073753882
0.0
0.0370992596179
0.230697526631
0.0
0.418514444592
0.0412570660324
0.0
0.183966363745
0.0353256266752
0.551069160262
0.0281224615645
0.833538865653
0.48109488237
0.741559750002
0.247891226591
0.0278189441574
0.438491073849
0.465657487341
0.0311855507369
0.245699275651
0.741559750002
0.440631573844
0.0
0.256107690981
0.0
0.443927801027
0.0
0.485427555235
0.369642245465
0.0
0.0
0.0355185146337
0.0453523683687
0.0
5.17735844114e-301
0.215434604355
0.374046998466
0.0299669843768
0.352854958863
0.0344617873658
-0.00360210953686
-0.00442710805217
0.0296225902773
0.0372503326654
0.336029670812
0.0334700862133
-0.00438487126639
0.0311188574843
0.195678766177
0.0
-0.00458596270327
0.0
0.374529874833
0.0
0.0416006934188
0.0326515637747
0.0
0.0
0.0
0.0
0.0
0.0
0.0
0.0
0.0
0.0
0.0
0.0
0.0
0.0
0.0
0.0
0.0
0.0
0.0
0.0
0.0
0.0
0.0
0.0
0.0
0.0
0.0
0.0
0.0
0.0467966088448
0.0
0.0
0.440739314409
0.0536117534739
0.0
5.68246674119e-300
0.24764148817
0.778383218209
0.033363228014
0.402516213879
0.427247540961
-0.00399359952163
-0.00503355715142
0.0329369033506
0.466712344043
0.400858122975
0.037763656786
-0.00497902741319
0.381013952082
0.390303156372
0.0
-0.0052399286274
0.0
0.473877411196
0.0
0.529978825798
0.40206837974
0.224714147508
0.0
0.0
0.563889278158
0.0
0.241465494691
0.0
0.0
0.174413988891
0.0
0.317359358232
0.0
0.213024483303
0.222669293923
0.108358661355
0.319085168368
0.0
0.0
0.289442535128
0.0
0.316415495886
0.563889278158
0.0
0.0
0.329069601421
0.0
0.0
0.0
0.0
0.21284322483
0.0
0.0
0.0
0.513066090955
0.26370993064
0.0
0.443159439289
0.0490419794755
0.0
0.211071291426
0.0408822672325
0.39092111332
0.318806863874
0.502008853769
0.529470987865
0.246341484852
0.286418671792
0.493729186872
0.972284047095
0.336358298895
0.24247323304
0.283496439522
0.320619395887
0.327998060457
0.0
0.297444427446
0.0
0.393508581749
0.0
0.436619552686
0.496036082526
0.34410627773
0.0
0.416676783164
0.240635728291
0.678460905698
0.0
0.0
0.376825931035
0.364888189622
0.0
5.17735844114e-301
0.0419901041191
0.0410678368251
0.305640672952
0.63140892958
0.487904316429
-0.0035562131265
-0.00435798234104
0.303230511785
0.714084186559
0.504193194349
0.864217935544
-0.00431704814644
0.0335225829358
0.501662165822
0.0
-0.0045118287517
0.0
0.411504513389
0.0
0.0460111932573
0.0353080096171
0.0382650937087
0.0
0.0439820667962
0.0
0.733259625866
-0.00426988726098
0.341079036342
0.0
0.280451779843
-0.00559643533508
0.0
0.200284168545
0.0
0.366566806761
-0.00367845013829
0.242801365348
0.25541075781
0.12208275703
0.36887123407
-0.00356426461934
-0.00439086053609
0.329822828144
-0.00411338104081
0.365308136159
0.341079036342
-0.00390555777319
0.0
0.382279890655
0.0
-0.0044648595143
0.0
-0.00512687397217
0.242565920131
-0.00432413828205
0.0
-0.00490086721463
0.312594792499
0.279333060373
-0.00425816679598
0.703168200191
0.234264249784
0.0
0.388209010651
0.306397158075
0.0
0.186885179379
0.218838941998
0.35230057402
0.292684708677
0.484412121688
0.77772433184
0.115039918746
0.252014162166
0.541795126414
0.382445438352
0.31837479603
0.220408385091
0.249749024795
0.291335774437
0.297415359094
0.0
0.260510896527
0.0
0.352728903248
0.0
0.384050229561
0.339082440471
0.342364652979
0.0
0.482201227111
0.215875606383
0.549003732105
0.338155807828
0.246512207057
0.473246293329
0.306521521118
0.0
0.415567539151
0.331197653728
0.0
0.188696776475
0.0411535712849
0.478473662263
0.434759316846
0.966227960094
0.877243506197
0.593700062563
0.329982389725
0.351395107363
0.438581057448
0.904420134047
0.0356413495058
0.326986584335
0.593700062563
1.0
0.0
0.341224806001
0.0
0.444902551549
0.0
0.493997766793
0.879309822789
0.33709451563
0.0
0.47127799297
0.282251794234
0.628581151294
0.501662165822
0.322706612448
0.348697232066
0.3689632572
0.384430850989
0.0
0.572839946071
0.317095888993
0.0
0.31192439307
0.415526752844
0.760057155844
0.31570519085
0.667951538138
0.553263560592
0.175813983227
0.434670114418
0.583906394151
0.610936001894
0.515385861573
0.239830323865
0.427975212866
0.487257043376
0.500386872498
0.0
0.460580035531
0.0
0.621541480589
0.0
0.706053058878
0.667127547594
0.291668473496
0.0
0.574561014029
0.337283868111
0.637039650663
0.369264915752
0.418557408507
0.656030689788
0.532511984425
0.351759536925
0.0
0.0
0.0338140104594
0.0426098083335
0.0
5.17735844114e-301
0.204332104708
0.355746110908
0.0287444971016
0.336523770462
0.0328549031642
-0.00345667562247
-0.00420944004483
0.0284274799889
0.0353799357137
0.321186041278
0.0319523168701
-0.00417123655476
0.0298026477907
0.186475657621
0.0
-0.00435280494248
0.0
0.356182864509
0.0
0.0392815088036
0.0312055182165
0.849640867037
0.0
0.212661354785
0.0
0.32855703702
0.0362940992869
-0.0041162402218
0.326968891548
0.322158751781
0.271682733937
0.435034727273
0.231270450643
0.0
0.442458215733
0.048023917353
0.0
0.184435057072
0.181405047827
0.988921972551
0.691803885875
0.550419188725
0.523447168341
0.7232611997
0.248552854553
0.959004947705
0.428420307307
0.509906259492
0.280097699443
0.24634923926
0.7232611997
0.545433003636
0.551400529134
0.256813968206
0.0
0.434450276545
0.0
0.481144706323
0.437396280671
0.310303002305
0.0
0.459565997338
0.213330806472
0.502873510593
0.313889628395
0.243199390354
0.585212990647
0.825885751628
0.517606871437
0.297602290411

Topic 9
Mean 0.338611455007
Median 0.337180188544
Sum 167.80972182
0.295244237819
0.0
0.0
0.203715045227
5.17735844114e-301
0.0
0.695021020456
0.0375103890625
0.0
0.718036446567
0.0
0.41887336298
0.0
0.0
0.0
0.274943944436
0.698130569109
0.0
0.204275891863
0.277470586601
0.0
0.373875219324
0.0300853702327
0.0
5.05889625445e-300
0.365293529123
0.0
0.0403648454334
0.526122997593
0.301948462869
0.0
5.17735844114e-301
0.684045606926
0.0
0.283741153355
0.0412426659799
0.0
0.0
0.0
0.0
0.0
0.0
0.0
0.0
0.0
0.323647425014
0.354274577808
0.0
0.0
0.0
0.0
0.0
0.0
0.0
0.0
0.254381451227
0.710143656252
0.0
0.189626009848
0.251118513349
0.0
0.509897578139
0.0388476337524
0.387373880977
0.0
0.0
0.572071902454
0.0340618206818
0.0
6.59139644353e-300
0.556712851643
0.0
0.0478613865283
0.415463250085
0.0491005463327
0.0
0.0
0.0457430791243
0.0
0.0
0.0
0.0
0.0
0.0
0.0
0.0
0.0
0.0
0.0
0.0
0.0
0.0316590598934
0.981399034576
0.0
5.17735844114e-301
0.714328853976
0.452756295396
0.0330844647233
0.0304406735373
0.305433981281
0.0
0.0
0.463395707073
0.0345179654275
0.0
0.386208284052
0.370136169768
0.0
0.21052647771
0.289130847451
0.0
0.284604949316
0.0336954717648
0.328590783158
0.0
0.0
0.262629763166
0.0387638739617
0.0
0.198141889237
0.512868098818
0.861390898231
0.0
0.176475360875
0.661807382486
0.397054036704
0.510959126731
0.0455705139586
0.506866906869
0.0
0.0
0.486976244736
0.0553597938912
0.0
0.419932920054
0.402147412441
0.366224101661
-0.00356190972037
0.0
0.200105037747
0.269831191608
0.0
0.269836554878
0.0
-0.00426650810362
0.0
0.0
0.250003354835
-0.00512200304196
0.0
-0.00367594199147
0.946477361599
0.232264676065
0.39092111332
0.493729186872
0.0
0.211071291426
0.450825135176
0.0
0.608665773082
0.95660255219
0.513066090955
0.0
0.0
0.943717383972
0.436619552686
0.0
0.318806863874
0.294887346322
0.479577044888
0.279062218341
0.0
0.386359847443
0.0
0.0
0.919167756958
0.0
0.0
0.0
0.0
0.0
0.0
0.891866812864
0.0
0.0
0.567735257112
0.0
0.577927103946
0.0
0.0
0.357115574381
0.355917207481
0.0
0.18123477784
0.740837275412
0.0
0.358737850198
0.0344164346906
0.344311305096
0.0
0.296282468058
0.615574273675
0.039721121341
0.0
0.297480619866
0.401005763847
0.656404088325
0.32485059681
0.36962439284
0.0
0.049343625555
0.0365365032621
0.0
5.17735844114e-301
0.0668859370765
0.0
0.384957461427
0.046446189242
0.32481995741
0.0
0.0
0.050320200397
0.0566574529073
0.0
0.0370618471333
0.0420014188344
0.0622077969946
-0.00559063181069
0.0490419794755
0.0
0.299754772721
0.515301640483
0.304725543858
0.0
6.59139644353e-300
0.504517959907
0.0
0.0437991726382
0.376241274358
0.383145030482
0.0
0.0
0.292472627414
0.804073753882
0.0
0.225201111922
0.351216255432
0.674949244149
-0.00446116484559
0.393508581749
0.0
0.71398731928
0.0510523407175
0.481371830356
0.596832516033
0.0
0.211892888983
0.470450461301
0.407817666365
0.427601524042
0.352598022863
0.352905978966
0.0
0.318742233387
0.394377381171
0.745317962516
0.0
0.431991558622
0.447767105685
0.439180666037
0.2801787651
0.443159439289
0.0
0.427124520718
0.0459427956743
0.93374370424
0.399851618152
0.0
0.0
0.217613060405
0.302667307985
0.0
0.294690048265
0.0
0.0
0.0
0.0
0.27119415467
0.0
0.0
0.0
0.414900575647
0.250445681688
0.391925075938
0.305728210338
0.0
0.351037633794
0.0
0.0
0.307068849595
0.0
0.0
0.0
0.0
0.0
0.0
0.0
0.0
0.0
0.0
0.0
0.0
0.0
0.0
0.0
0.0
0.0
0.0
0.0
0.0
0.0
0.0
0.0
0.0
0.0
0.356054504061
0.373432458727
0.0
0.194782802084
0.260242574705
0.0
0.262322928899
0.0340620897036
0.332169962119
0.0
0.0
0.251278662552
0.0392498740206
0.0
0.19996010673
0.87135411932
0.407521484278
0.349755627997
0.271033673629
0.0
0.404877681728
0.0425725881879
0.355308369445
0.452600125111
0.851407873613
0.0
0.426234290323
0.353375798167
0.0
5.68246674119e-300
0.41630801759
0.0
0.0410895089708
0.361702680605
0.361723278678
0.0
0.0
0.275070472876
0.474434951262
0.0
0.214740471971
0.397782579066
0.587560279723
-0.00384542851565
0.377633044363
0.0
0.488461709276
0.0474082583113
0.607724657824
0.423469703362
0.0
0.0
0.401592208405
0.35774241789
0.0285588926551
0.0
0.341007970157
0.456670984188
0.0
0.625553640923
0.0342750201589
0.518068462396
0.0
0.0
0.184468718354
0.0395328733613
0.0
0.0288788640088
0.204188665074
0.345428632966
0.194370615429
0.524119692939
0.0
0.176518146418
0.0429057338508
0.358184090066
0.205473793108
0.210848244416
0.0
0.189345217921
0.0347961075296
0.338315867833
-0.00328610691826
0.0
0.185468562642
0.243878962861
0.0
0.364347515138
0.0
-0.00387676688501
0.0
0.0
0.339945397309
-0.004570398337
0.0
-0.00338292357767
0.723266391111
0.419151091511
0.332623961209
0.49531885141
0.0
0.32238451144
-0.00493988531973
-0.00403681752294
0.376937310488
0.666615874173
0.0
0.753643057781
-0.00352594102163
0.180531990162
0.535174638095
0.294384022608
0.0
5.17735844114e-301
0.699426140604
0.0
0.0417459105882
0.0376228954049
0.884585511733
0.0
0.0
0.279294102057
0.0440544221632
0.0
0.217305933648
0.337549258437
0.548017249577
-0.00446671254656
0.35572040128
0.0
0.587347769969
0.0482842176601
0.732982212614
0.36326022371
0.0
0.0
0.341327380329
0.581619762463
0.35935003262
-0.00404135948362
0.866928891349
0.355387354517
0.0
0.319065438579
0.413912399081
0.393943845165
0.185000312944
0.35319551366
0.330533095897
0.0
0.910091127304
0.249968163586
0.461455875252
0.0
0.440886994694
0.306495886157
0.640540063757
0.18157284638
0.368369614056
0.0
0.47335277309
0.0458794544475
0.551691596779
0.396616350905
0.195872250351
0.0
0.309607631051
0.523114190472
0.310930873571
0.16943967893
0.530093055156
0.377437243083
0.0287306784975
0.0
0.205958578423
0.280584357338
0.0
0.278122552216
0.0345227528156
0.37724368235
0.0
0.0
0.257100044067
0.0398628068345
0.0
0.0290545326012
0.390818068539
0.29129235847
0.370366607689
0.287933809203
0.0
0.333642869363
0.0432946443189
0.0370043462056
0.289122627282
0.404794933648
0.0
0.359968910166
0.0350514581256
0.199888846788
0.34184802357
0.340897807177
0.186379351744
0.6210450684
0.0313643539507
0.0
0.718036446567
1.0
0.0
0.265391260279
0.375184008394
0.0436846862287
0.0
0.0
0.241183565592
0.556712851643
0.0
0.0317507025253
0.276038911267
0.220303392415
0.258394143141
0.392352193185
0.0
0.227770400225
0.0495666058249
0.502806393952
0.786064591861
0.288351154265
0.0
0.249587880619
0.41630801759
0.433740168981
0.234497891777
0.0396445601031
0.406280855091
0.268238433208
0.389429806276
-0.00374028148659
0.0
0.212201850105
0.29230026238
0.0
0.28698609427
0.0
-0.00452498935913
0.0
0.0
0.264656084689
-0.00549911616299
0.0
-0.00386622254942
0.40369051993
0.244859464709
0.381907190308
0.297444427446
0.0
0.342979453765
-0.00604295535524
-0.00474455355391
0.298713250266
0.41862085244
0.0
0.370861078016
-0.00405415826844
0.205764305568
0.351656226914
-0.0047508289554
0.191477334384
0.394117282427
0.278926367041
0.374046998466
0.0296225902773
0.0
5.17735844114e-301
0.4835791441
0.0
0.0395361521086
0.0358186409339
0.369642245465
0.0
0.0
0.0380794738082
0.0416006934188
0.0
0.0299669843768
0.0331160350332
0.360606286936
-0.00432067274632
0.34410627773
0.0
0.033812159266
0.0453523683687
0.374529874833
0.0355185146337
0.0
0.0
0.0334700862133
0.177429910288
0.347501635184
-0.00392143593807
0.375804850865
0.0354806444771
0.0339147711848
0.0376463421357
-0.00458596270327
0.417944068698
0.836621968286
0.0
5.17735844114e-301
0.0421620685861
0.0
0.0361371557351
0.0330060594346
0.321860494713
0.0
0.429246270553
0.24303736947
0.0378542627741
0.0
0.194706111965
0.29902455054
0.483260441107
-0.00398366486027
0.234790580978
0.0
0.523985369044
0.0409356106221
0.63687330874
0.921567890427
0.0
0.0
0.301985703964
0.509202859088
0.0311778197797
-0.0036418154712
0.873874658146
0.46926793739
0.0313826696769
0.0345518039468
-0.00420810923053
0.0324498951161
0.507990559311
0.340936431645
0.0
1.30744341759e-299
0.894893827063
0.0
0.0421923007192
0.37115952609
0.363401144968
0.0
0.0
0.439884877283
0.567198219939
0.0
0.31162403661
0.333131776633
0.540561767735
-0.00438728727173
0.972284047095
0.0
0.488461709276
0.0488823882454
0.607724657824
0.477916382469
0.0
0.0
0.336811118652
1.0
0.0355837177325
-0.00397623059086
0.581619762463
0.523114190472
0.0358508032465
0.495843182596
-0.00466107975693
0.0372503326654
0.509202859088
0.351537022448
0.552046859036
0.0
0.224456647958
0.670791595534
0.0
0.53433556828
0.33624341048
0.345389684272
0.0
0.0
0.766138062908
0.388061191499
0.0
0.298285259308
0.315308847559
0.591518503663
0.297282976927
0.56042531128
0.0
0.899483853236
0.313662363127
0.353628000334
0.474081220049
0.327734837898
0.0
0.28818887557
0.340754619001
0.217266685004
0.397559032642
0.247326746299
0.333194006469
0.307371832562
0.352693847309
0.318234113957
0.033918916706
0.218465927981
0.391113944593
0.35230057402
0.541795126414
0.0
0.186885179379
0.447840409156
0.0
0.374868326856
0.333227937192
0.703168200191
0.0
0.0
0.641349632629
0.384050229561
0.0
0.292684708677
0.258547317154
0.340352309078
0.246301248218
0.549003732105
0.0
0.607375130545
0.306397158075
0.352728903248
0.388209010651
0.266843314561
0.0
0.240025908079
0.882373028594
0.714493071405
0.335352324509
0.636245194151
0.330232739199
0.696906825738
0.349377552125
0.260510896527
0.342364652979
0.214041987196
0.382445438352
0.809068691074

Topic 0
Mean 0.335512622313
Median 0.329953107417
Sum 109.041602252
0.0
0.0
0.0
0.0
0.0
0.0
0.0
0.251842899157
0.0
0.0
0.0
0.0
0.0
0.0
0.0
0.0
0.0476537251282
0.0
0.0
0.049345259179
0.0
0.0
0.0
0.0
0.0
0.0
0.0
0.0
0.0
0.768777788897
0.0
0.0
0.435762678023
0.0
0.0424205906343
0.0
0.0
0.375879169203
0.0
0.0
0.225091186593
0.0
0.235998326716
0.0
0.534720457217
0.0
0.329953107417
0.0
0.0
0.0468660958056
0.0
0.0440221550176
0.0
0.295295115448
0.0401357255962
0.0
1.0
0.0
0.0
0.0510040918789
0.0
0.0476537251282
0.0
0.768777788897
0.548560831678
0.329953107417
0.0
0.0433975165749
0.0
0.0
0.436357015706
0.0
0.042190720325
0.0
0.393507308256
0.646822955425
0.0403650459169
0.40484859338
0.0
0.0
0.0
0.0
0.0
0.0
0.0
0.0
0.0
0.331528869998
0.0
0.0
0.0
0.0
0.0500449886259
0.0
0.0
0.0519138732105
0.0
0.529978825798
0.0
0.0443051095905
0.0437814079833
0.0460550676154
0.0500449886259
0.0440544221632
0.0
0.0
0.0
0.0
0.0
0.0
0.0
0.0
0.0
0.0
0.0
0.0
0.0
0.0
0.0
0.0
0.0
0.0
0.0
0.0
0.0
0.0
0.0
0.0
0.0
0.0
0.0
0.0
0.0
0.0
0.0
0.0
0.0
0.728757438676
0.0
0.0
0.59900388952
0.0
0.0451080975335
0.0
0.645036737072
0.591429716764
0.313140262072
0.728757438676
0.377595349713
0.359099158222
0.0472449775718
0.0
0.0
0.0
0.957440851104
0.0
0.0
0.0532579438303
0.0
0.223029568182
0.0
0.797397914468
0.548560831678
0.342850427226
1.0
0.40484859338
0.64103877165
0.0522130711267
0.0
0.0
0.757996640859
0.0
0.81260592819
0.0
0.0
0.501979203779
0.0
0.234775158907
0.0
0.602858666355
0.537267233788
0.519673523779
0.350816907718
0.468348232705
0.0
0.0470818781247
0.0
0.0
0.856682536212
0.350816907718
0.0
0.0
0.0
0.0
0.0
0.0
0.0
0.0
0.0
0.0
0.0
0.0
0.0
0.0
0.0
0.0
0.0
0.0
0.0
0.0
0.0
0.572108973005
0.0
0.0
0.0448333215594
0.0
0.0422238689401
0.0
0.514285002167
0.0386355314461
0.293985012108
0.572108973005
0.0388479837006
0.0
0.0440905652799
0.0
0.0
0.779680767936
0.593496974323
0.0411831772274
0.0
0.0
0.0478264753761
0.0
0.0
0.0495305149412
0.0
0.55075774939
0.0
0.0425574282614
0.236750947491
0.0441695380894
0.0478264753761
0.0423260766023
0.0
0.0486255390254
0.0
0.0
0.045262854389
0.223701626776
0.235519985995
0.0
0.0423594383375
0.0
0.367902255554
0.0
0.0
0.451793843102
0.0
0.433420440638
0.0
0.330253226634
0.690538898387
0.255545596586
0.272084433186
0.516037179935
0.412120355192
0.0395038057751
0.0
0.0
0.367055718376
0.369750175362
0.881730589268
0.0
0.247149747717
0.434622439456
0.0
0.275832594343
0.0
0.0
0.250044995078
0.0
0.778383218209
0.0
0.391580371032
0.483979450481
0.0411027864845
0.402809270733
0.535174638095
0.357675189719
0.572071902454
0.0
0.0
0.395203005315
0.402809270733
0.466368910777
0.0
0.0395308434483
0.0431379617264
0.333464324926
0.0
0.0479544221125
0.0
0.0
0.049667754573
0.0
0.552186009308
0.0
0.0426587062881
0.237307951468
0.0442786442686
0.0479544221125
0.0424262551861
0.0
0.0487578027442
0.0
0.0
0.045377435773
0.224198856193
0.236071206121
0.0
0.0424597750938
0.703827530846
0.435511380352
0.0432420250805
0.0
0.138766534229
0.0
0.0
0.55239477153
0.0
0.0484890372872
0.0
0.577180190532
0.4468151249
0.0460930739378
0.36768386205
0.490098151656
0.0
0.0509670470781
0.0
0.0
0.48317034919
0.36768386205
0.483718214502
0.0
0.0441253971703
0.048667908186
0.389038202134
0.487931148387
0.0488004028114
0.0
0.0
0.0
0.0
0.0
0.0
0.0
0.0
0.0
0.0
0.0
0.0
0.0
0.0
0.0
0.0
0.0
0.0
0.0
0.0
0.0
0.0
0.0
0.0
0.0
0.0
0.0
0.0
0.0
0.0
0.0
0.0
0.0
0.0
0.0
0.0
0.0
0.0
0.0
0.0
0.0
0.0
0.0
0.0
0.0
0.0
0.0
0.0
0.0
0.0
0.0
0.0
0.0
0.0
0.0
0.0
0.0453241070713
0.0
0.0
0.0468516470106
0.0
0.24764148817
0.0
0.0405645724556
0.225784606213
0.0420266418435
0.0453241070713
0.0403543271814
0.0
0.0460411144982
0.0
0.0
0.0430152592683
0.762967473847
0.224664770583
0.0
0.0403846519069
0.248470333512
0.342291864648
0.0410916724159
0.249083918197
0.0460790977852
0.0
0.0
0.0
0.58854467357
0.0
0.0
0.36481539653
0.0
0.0366388916293
0.0
0.575550205386
0.943306151062
0.256569036419
0.58854467357
0.607914922182
0.518856446169
0.0380362573612
0.0
0.0
0.565719634636
0.607468926224
0.515965729146
0.0
0.832356059525
0.0367409258545
0.374708507353
0.0345939147735
0.0368163870076
0.724439769763
0.0
0.0
0.0352460202171
0.0
0.0
0.0
0.0
0.0
0.0
0.0
0.0
0.0
0.0
0.0
0.0
0.0
0.0
0.0
0.0
0.0
0.0
0.0
0.0
0.0
0.0
0.0
0.0
0.0
0.0
0.0
0.0
0.0
0.0
0.0
0.0
0.139913425024
0.0
0.0
0.272838030087
0.0
0.708701848308
0.0
0.581994189252
0.323798208343
0.0560748626643
0.367705463182
0.355166353746
0.0
0.0634574543995
0.0
0.0
0.334470806036
0.367705463182
0.899962218243
0.0
0.0531893539372
0.711921271297
0.772772045488
0.353595872142
0.714309520498
0.524387845735
0.0
0.0
0.315417577641
0.308027729
0.0
0.0
0.582261482161
0.0
0.0
0.503919144118
0.0
0.0429519513344
0.0
0.685078127124
0.573569194791
0.404175190455
0.582261482161
0.608599883775
0.45706123143
0.044885052676
0.0
0.0
0.553297565583
0.604430018508
0.40723351529
0.0
0.996378969023
0.0430922441587
0.52216300595
0.419508654349
0.0431960867918
0.842554288662
0.0
0.0
0.0410501872011
0.852511323889
0.0
0.456573586381
0.0
1.0
0.0
0.0
0.0510040918789
0.0
0.0476537251282
0.0
0.768777788897
0.0431325591616
0.329953107417
1.0
0.0433975165749
0.0
0.0500449886259
0.0
0.0
0.728757438676
1.0
0.0463323521348
0.0
0.572108973005
0.0478264753761
0.272084433186
0.0442514406169
0.0479544221125
0.0500898686663
0.0
0.0
0.0453241070713
0.691029169175
0.0
0.0621033680203
0.716367666366
0.0
0.515824953613
0.0
0.0
0.388094414521
0.0
0.365037576456
0.0
0.658060084538
0.598209760955
0.0385940644773
0.0413571709481
0.636415185004
0.0
0.380253334392
0.0
0.0
0.338037826299
0.0428267813936
0.868702134842
0.0
0.0372049109507
0.0403829798895
0.297523942814
0.345117587901
0.0404741617397
0.585352149484
0.0
0.0
0.0385842655452
0.564779230889
0.0
0.590304015204
0.595295004096
0.0413571709481
0.0
0.0
0.0
0.0
0.0
0.0
0.0
0.0
0.0
0.0
0.442278273927
0.0
0.0
0.0
0.0
0.0
0.0
0.0
0.0
0.899359619989
0.0
0.0
0.0
0.0
0.0
0.0
0.0
0.0
0.0
0.0
0.0
0.0
0.0
0.358124059496
0.0
0.0
0.0
0.0
0.0
0.0
0.0
0.0
0.0
0.0
0.0
0.0
0.0
0.0
0.0
0.0
0.0
0.0
0.0
0.0
0.0
0.860082893344
0.0
0.0
0.0
0.0
0.0
0.0
0.0
0.0
0.0
0.0
0.0
0.0
0.0
0.807170872029
0.0
0.0
0.0
0.0
0.269721978457
0.0
0.0
0.243609118557
0.0
0.0
0.0
0.151141525736
0.24543653676
0.0
0.0
0.0
0.0
0.0
0.0
0.0
0.269043144611
0.0
0.320039158325
0.0
0.0
0.0
0.32688627813
0.364918955517
0.0
0.135238321024
0.0
0.0
0.0
0.0
0.0
0.136327403755
0.286464749719
0.0
0.15345391719
0.0
0.0
0.0
0.147881283201
0.0
0.0
0.382772756392
0.0
0.387540512176
0.0
0.619310967617
0.134711585235
0.0381432557368
0.0408399335718
0.334452951265
0.0
0.404734239799
0.0
0.0
0.333993263646
0.0422723776396
0.573318897118
0.0
0.0367857947365
0.0398896778157
0.294386267311
0.365164141263
0.0399786431374
0.551401773858
0.0
0.0
0.0381336843577
0.288120443886
0.0
0.555793727065
0.785806372778
0.0408399335718
0.740713737583
0.0
0.0
0.143881033799

Topic 8
Mean 0.317018563788
Median 0.298496873983
Sum 178.571624481
-0.00517025640928
5.17735844114e-301
0.20415908348
0.0432925209449
-0.00418038753677
6.59139644353e-300
0.268126641347
-0.0050108424554
5.68246674119e-300
0.460685809861
0.0421510771945
0.0
5.17735844114e-301
0.335612210939
0.0410145243752
0.0
0.294501089245
0.217613060405
0.0
0.0
0.0
0.0578549734945
0.277255117643
0.718036446567
0.821965981474
0.458470604286
0.0483563523725
0.302667307985
0.710786042457
0.249058072972
0.185449559364
0.0324344228055
0.195685724463
0.0317894780258
0.322328537881
0.41188066087
-0.00487583731832
0.261495317752
0.559629780182
-0.00398579072728
-0.00473381265234
-0.00383747177118
0.27864850026
0.717252758951
0.79639184886
0.041974635404
0.351737600364
0.928558534878
0.586862674158
0.423062906078
0.551984145445
0.249555816668
0.884640090882
0.304389391822
0.519680625127
0.036290100366
0.254168726886
0.189091428331
0.211790779076
0.0354444712314
0.29964338646
0.350421183597
0.420833513731
0.962985421952
0.76562773502
0.309251459488
0.0
0.0
0.0
0.0
0.0
0.0
0.0
0.0
0.0
0.0
0.0
0.0
0.0482820072944
-0.00435312666261
5.17735844114e-301
0.334378908639
0.0467966088448
0.740838457099
0.0
0.684045606926
0.32623315369
-0.0041425206966
0.480034473027
0.331824498417
0.0
0.0555703566865
-0.0057403010801
5.17735844114e-301
0.0481581780498
0.0536117534739
0.0467499148413
0.0
0.0668859370765
0.282870668195
-0.00537964522551
0.0465329709371
0.288545784233
0.0
0.32481995741
0.0444273719639
0.265194136634
0.718036446567
0.737992902998
0.458470604286
0.0386042943961
0.288351154265
1.0
0.234467514139
0.717252758951
0.884640090882
0.240319432194
0.0
0.0436846862287
0.0495666058249
0.047247712412
0.206155561777
0.410727397529
0.919212338021
0.50137843081
0.328791225732
0.219882805342
0.814819255914
0.187095407513
0.410374366103
0.630418377895
0.323176183376
0.0
0.356173204127
0.0531031543868
0.682938563729
0.0487943441956
0.195010284817
0.350146781626
0.0429850948259
0.047277749452
0.041859593889
0.207249333838
0.461411410567
0.257827710633
0.349861388337
0.326131562175
0.262534095092
0.0
0.292226501418
0.400744779098
0.580106454781
0.353276017085
0.321310694028
-0.0048002894868
5.17735844114e-301
0.0493038698211
0.653752725197
0.0478288300612
0.0
0.0691165998459
0.222573077874
-0.00454545985094
0.0476017814708
0.040421303325
0.0
0.0558804230429
0.0658808776681
0.0507811360606
0.0544996209415
0.0565678558223
-0.00491542126867
0.263376810455
0.195637277442
-0.00401220304895
-0.00477111534343
-0.00386194892411
0.382162021688
0.261770125821
0.293083506162
0.250625372733
0.226840292969
0.316127467759
0.0
-0.00417105847406
-0.00542787247047
0.250992574497
0.197469816173
0.187220555385
-0.00457984235773
0.0336189880354
0.390072985015
0.37199729191
0.0307552303617
0.0328920148689
0.030174739385
0.316879060068
0.507612035433
0.515413701673
0.371661398564
0.343937797745
0.782824863428
0.0
0.213077087698
0.265499331339
0.485145666146
0.375684122062
0.355114817493
0.0371349621761
0.289515785609
0.0402218866754
0.274079608929
0.203220161641
0.301858620773
0.0391857109009
0.533852379638
0.398762984537
0.275526349899
0.3032497863
0.260297872837
0.595000600218
0.327987608982
0.0
0.320994343223
0.0443885877222
0.263612075871
0.239515895018
0.194153451053
0.0453601314899
0.356814176755
0.299057750593
-0.00541450590084
0.286806882852
0.212201850105
-0.00433863335806
-0.0052399286274
-0.00416346918636
0.41862085244
0.29230026238
0.31518877224
0.271750636119
0.24400878661
0.341998906432
0.0
-0.00452498935913
-0.00604295535524
0.278926367041
0.214359558996
0.202335444179
-0.00501012487601
0.372630952218
0.310222923798
0.388397108548
0.0367018860458
0.0
5.17735844114e-301
0.295597843717
0.0358371858688
0.873292595469
0.0
0.041318598173
0.0285883206612
-0.00376762177424
0.292306559681
0.19950533602
0.0
0.647411990504
0.0401400351493
0.0339832933614
0.218527972889
0.036480698067
0.0409328401217
-0.00379121322729
0.0272756981916
0.28287815715
-0.00408137437899
0.040355045615
0.89612496425
0.138268673929
0.778446933394
0.379932981702
0.397321253975
0.15409053304
0.724805300293
0.145829817088
0.138151778096
0.535501311074
0.451051509782
0.0
0.344419985263
0.0445508199293
0.762473629371
0.378311319171
0.132376613663
0.0455295565987
0.138642461335
0.14655244364
0.310604374942
0.150289009035
0.709528634976
-0.00489705466161
0.449430286016
0.195017859085
-0.00399995768945
-0.0047538094143
0.0
0.279794420816
0.260662338359
0.788268784581
0.249835124241
0.337537684263
0.24313899207
0.0
-0.00415782585493
-0.00540548538428
0.249973950965
0.196838757973
0.186653210595
-0.00456389387745
0.251552013887
0.422625152291
0.261297561404
0.272840414076
0.0
0.138206670982
0.0419040101895
0.0
5.05889625445e-300
0.366872360716
0.397366250368
0.0366847654115
0.0
0.365293529123
0.0316487468224
0.0
0.339838317891
0.0321638449767
0.0
0.0412426659799
0.046446189242
0.375184008394
0.395592700525
0.04161592223
0.0475109713243
0.0
0.0300479133742
0.0352147744629
0.0
0.0324868958085
0.342518813459
0.0
0.0336658840928
0.405905464816
5.17735844114e-301
0.273053717944
0.0329369033506
0.288458596604
0.0
0.0375103890625
0.335119267707
-0.00347507617127
0.268825081003
0.913651261528
0.0
0.301948462869
0.0365365032621
0.0313643539507
0.56669915823
0.0334796833696
0.0371921885718
-0.00349513648171
0.359945828471
0.260829917858
-0.00374028148659
0.355248918757
0.383191808557
0.563804752354
0.0300853702327
0.192159467936
0.559830841239
0.184435057072
0.423336729211
0.459565997338
0.752733867989
0.262965811839
0.544432130889
0.329661300231
0.236330481045
0.896121767112
0.41699597355
0.0
0.435034727273
0.048023917353
0.421465419795
0.457454363154
0.176936151292
0.212606927278
0.237866206465
0.427507982727
0.498946401867
0.256813968206
0.365833447557
0.622171566469
0.746301344035
0.366074442958
0.959004947705
0.0408608418521
0.266959041308
0.198178320883
0.0367066658422
0.0397919211609
0.0358827856712
0.36923764256
0.481548803405
0.956251694221
0.253866997066
0.340830397769
0.841350441443
0.0
0.368454764039
0.0451680649973
0.2551904507
0.200059001599
0.18954636046
0.0461744163581
0.331361168563
0.497173862713
0.344415495544
0.359898637057
0.0318563797738
0.140429997145
0.254817809327
0.0357035813742
0.0295438509034
0.309465743722
0.0
0.254914898068
0.189622625893
0.0
0.0
0.0
0.369099861468
0.251112578853
0.284962643157
0.242951058052
0.220535166191
0.306699919379
0.0
0.0
0.0
0.241178091373
0.191343722327
0.181705001693
0.0
0.332876428365
0.281870648214
0.345401438891
0.360201609202
0.0
0.134410020634
0.243821720747
0.0
0.0
0.23094259698
0.321017993754
0.0
0.597200675781
0.0
0.0
0.0
0.0
0.0
0.0
0.0
0.0
0.0
0.44886345817
0.0
0.0
0.0
0.0
0.0
0.0
0.0
0.0
0.385961398812
0.0
0.0
0.0
0.0
0.443980916065
0.0
0.665636688789
0.551400529134
0.0
0.0
-0.00404385745994
0.221136061103
0.165440482985
-0.00341195729663
-0.00394567792413
0.346076142063
0.3175044143
0.21038834025
0.251792474212
0.212076469134
0.194793208761
0.268614394024
0.0
-0.00352616056698
-0.00438439725689
0.203369792519
0.166749080427
0.15938126059
-0.00381394942211
0.2903274725
0.250429868725
0.299809572757
0.310897745683
0.785190539416
0.402382227374
0.212739600504
0.0
0.762957220687
0.202868342572
0.279533961502
0.282726345115
0.0
0.0432925209449
-0.00462515806101
6.59139644353e-300
1.0
0.460685809861
0.0377445579949
0.0
0.821965981474
0.0324344228055
-0.00438812431483
0.586862674158
0.0329756315576
0.0
0.0425869916101
0.0481581780498
0.632115833989
0.919212338021
0.0429850948259
0.0493038698211
-0.00442015941134
0.0307552303617
0.036190205906
-0.00481965150708
0.0333152813038
0.35196188571
-0.00440530187351
0.366872360716
0.0307944725689
0.423336729211
0.0367066658422
0.0
0.0
-0.00370255921337
0.0
0.0
0.0
0.0
0.0
0.0
0.0
0.0
0.0
0.0
0.0
0.0
0.0
0.0
0.0
0.0
0.0
0.0
0.0
0.0
0.0
0.0
0.0
0.0
0.0
0.0
0.0
0.0
0.0
0.0
0.0
0.0
0.0
0.0
0.0399478508751
0.45669658733
0.424684600232
0.217229143158
0.0389255667178
0.307017037851
0.329805246261
0.630387694239
0.638563733112
0.424264840129
0.45297686282
0.319786875539
0.0
0.488229706459
0.0440550701888
1.0
0.429296692683
0.403675388881
0.0450119118918
0.291259808935
0.436060143716
0.30440526975
0.320185866416
0.204323890879
0.223143588971
0.433042664886
0.0350045415294
0.314622749505
0.412694206709
0.543907494816
0.280946455751
0.0
0.240464264891
0.0359682016891
0.0
0.0
0.0
0.0
0.0
0.0
0.34103376032
0.0
0.0
0.392773921689
0.0
0.0
0.0
0.0
0.0
0.0
0.0
0.0
0.0
0.0
0.0
0.0
0.0
0.0
0.378779703923
0.379723027454
0.0
0.0
0.682345012843
0.399002194285
0.0
0.0
0.797618018005
0.311471611468
0.0
0.0
0.0
0.0352158746711
0.513858103453
0.233567677092
0.206565620499
0.0344190179848
0.292544291335
0.444491210004
0.334441486847
0.707408624289
0.298977246334
0.349566280916
0.773417520463
0.0
0.314024501361
0.038369287185
0.31704808903
0.544232836526
0.221670121386
0.0390930563798
0.390726424185
0.354284656559
0.409006288119
0.431026962849
0.194862146781
0.445953013946
0.606246104412
0.0313171650022
0.846483103283
1.0
0.818049891162
0.376425164044
0.531576722178
0.320629644102
0.0320862642418
0.0
0.730042408958
0.0
0.0483115615332
0.433801022343
0.37778256854
0.374663065158
0.0468243720581
0.404288075824
0.312056508912
0.594851419322
0.326036076579
0.377436151238
0.445092761012
0.672179764625
0.0
0.580147435945
0.0544507906465
0.495032292547
0.381585551231
0.360383181152
0.0559200153083
0.27732972789
0.885313953302
0.36084192178
0.30343108067
0.728250685072
0.833439345687
0.495479253034
0.041264228715
1.0
0.886066677614
0.281304428271
0.267963434997
0.45708935798
0.685676116965
0.0426099833434
0.0
0.485053909039
0.373848147085
0.446061919774
0.241396539548
0.36086049294
0.337424210992
0.298016501632
0.234775158907
0.528389268399
0.346595115936
0.586365870595
0.294000049911
0.337147828344
0.586951657375
0.356176971181
0.0
0.461401314264
0.0519450869518
0.427958813615
0.607937245052
0.323475158661
0.274569435442
0.314461969581
0.695373349742
0.566492451393
0.33873732137
0.652720921693
0.438907470335
0.345930061499
0.0398089845158
0.522383511928
0.493274074442
0.327857569806
0.305563940302
0.0
0.391365390371
0.0410600539116
0.0
0.436348675361
0.0
0.500105444017
0.705241835909

Topic 7
Mean 0.312218645085
Median 0.316979898773
Sum 161.250375211
0.790347137944
0.0355185146337
0.0344617873658
0.0
0.0
0.0
0.557261249731
0.857239788607
0.0338660594551
0.0
0.0379071162103
0.450753829399
0.21103694539
0.0
0.444281773656
0.213112749853
0.194672924739
-0.00423381478935
0.0
-0.0040788422901
-0.00421610711741
0.211892888983
0.193654526378
5.17735844114e-301
0.0
5.17735844114e-301
5.17735844114e-301
0.563074461733
0.0459427956743
0.320401815235
0.0453523683687
0.0
0.3145074126
0.328265890238
-0.00544606451605
5.17735844114e-301
0.59117308895
0.491708227994
0.206568787519
0.0
0.47234807958
0.764166207675
0.178203616517
0.17734986427
0.0479564559248
0.0
0.0
0.0
0.0
0.0
0.0
0.0
0.0
0.0
0.0
0.211053764775
0.192953399122
-0.00419559823098
0.0
-0.00404336052594
-0.00417820813658
0.561009781441
0.558063742318
-0.00538299312186
0.176761649845
0.0
0.921567890427
0.850108450662
0.0346807880441
0.0
0.501301864569
0.0369544387186
0.13899595909
0.138268673929
0.0445508199293
0.411974642853
0.0
0.137767967598
0.591865467063
0.413393230156
0.0330940990434
0.0
0.031941474584
0.0351582728712
0.210712085924
0.209519476239
0.0419661386122
0.24335906085
0.0
0.208699008424
0.316979898773
0.0396944563889
0.579499943085
0.363858051598
0.0
0.591969350813
0.466987874756
-0.0042342364913
5.17735844114e-301
0.777754317255
0.772495372488
0.0
-0.00419601235392
0.445962091759
0.0366905538591
0.286721441865
0.278409410735
0.175571327696
0.0
0.0302421131859
0.185859259417
-0.003760517475
5.17735844114e-301
0.0390808970023
0.437433654085
0.0
-0.00373033731484
0.280709623225
0.0296250202282
0.0344658995347
0.596832516033
0.478729633974
0.0296225902773
0.0
0.63884707596
0.0312656712292
-0.00350267060209
5.17735844114e-301
0.0365365032621
0.412543359174
0.0
-0.00347647285385
0.383191808557
0.0281395348406
0.472615042369
0.275236142633
0.21653984929
0.197528641116
0.0
0.0
0.0
0.0
0.359823785761
0.35788909082
0.0
0.180593619027
0.0
0.35655745818
0.141035366141
0.214061802535
0.0
0.0
0.0
0.0
0.0
0.0
0.0
0.0
0.0
0.0
0.0
0.0
0.0
0.0
0.0
0.0
0.0
0.0
0.0
0.0
0.0
0.0362305533711
0.0351316884486
0.201798016747
0.0
0.0345127827473
0.744792813364
-0.00430895875408
5.17735844114e-301
0.0465197454417
0.973973573697
0.0
-0.00426937992289
0.0353593142884
0.0337114061675
0.0401244101715
0.308665520625
0.030116215435
0.0
0.0
0.313149397239
0.58933376121
0.0334575191726
0.0
0.561738496678
0.0355687230862
-0.00381660087209
5.17735844114e-301
0.0425522582936
0.828429443764
0.0
-0.00378551752126
0.306449534715
0.0315777996991
0.580094658574
0.440481325483
0.825052077034
0.0
0.0
0.314878775126
0.752220163789
0.521784490267
0.0419826080277
0.0
0.512087966353
0.0453610854829
0.328490718176
0.326877539953
0.0573682156852
0.699033939471
0.0
0.325766325921
0.480865094017
0.7500843516
0.0479444041179
0.251487049081
0.347056867509
0.33300873509
0.0
0.0429810440311
0.273965676047
0.899054131924
0.51746953316
0.0377657502488
0.0
0.520237753114
0.0404777032
-0.00396257027858
5.17735844114e-301
0.0497738121552
0.519037798632
0.0
-0.00392907427143
0.795907503712
0.035387972609
0.419211363119
0.515076723388
0.386359847443
0.0
0.0
0.374854188373
0.523334216985
0.636667406035
0.281170330206
0.465326769877
0.377084188796
0.0
0.601105559087
0.474446941107
0.201850153646
0.200755489235
0.342400353053
0.493418797296
0.0
0.200002101143
0.142242601668
0.378265166752
0.690216103395
0.489837749453
0.0305943592755
0.204921982932
0.0
0.353742212079
0.497299966405
0.237250871623
0.9405293616
0.0
0.584420493615
0.0
0.0
0.557272835985
0.0
0.0
0.0
0.0
0.488705368297
0.0
0.0
0.0
0.0
0.575333613699
0.0
0.665636688789
0.0
0.0
0.0
0.585025356745
0.0
0.592586398425
0.0
0.415567539151
0.877243506197
0.33709451563
0.0
0.509266908831
0.462471158291
0.189663568108
0.188696776475
0.331197653728
0.635071167312
0.0
0.188031027106
0.478168768158
0.38650949579
0.470259696761
0.316393511905
0.351395107363
0.192373185022
0.0
0.365188367989
0.602561379311
0.963577721799
0.633334774628
0.477824495613
0.0
0.0
0.0
0.0
0.0
0.0
0.0
0.0
0.0
0.0
0.0
0.0
0.0
0.0
0.0
0.0
0.0
0.0
0.0
0.0
0.0
0.0
0.0
0.0
0.0
0.0
0.0
0.431991558622
0.440573830785
0.0299669843768
0.0
0.42138760198
0.0316495775864
-0.00361288272785
5.17735844114e-301
0.0370618471333
0.372404137988
0.0
-0.00358501696706
0.206136646874
0.0284501271911
0.43416479027
0.604630493645
0.981399034576
0.0
0.0
0.0304722519775
0.793416205407
0.185438730145
0.397491768159
0.0309618598581
0.437586979089
0.434759316846
0.0
0.410354745296
0.875578167421
0.033236737801
0.0
0.422494089612
0.436058777058
0.181328123514
0.180444244774
0.307087659584
0.558940141262
0.0
0.179835360317
0.306881016284
0.385671564116
0.442976437087
0.279484412071
0.0282425948325
0.183803252302
0.0
0.316886013523
0.530990433502
0.490352751424
0.332671518479
0.449682659952
0.0
0.807857812024
0.0
0.028555479063
0.436509467253
0.555642319275
0.0353905636233
0.0
0.559105290361
0.0377614125629
0.359823785761
0.35788909082
0.0457289452832
0.388051077428
0.0
0.35655745818
0.979817401279
0.214061802535
0.0395347177622
0.28580530207
0.719802816433
1.0
0.0
0.319621034228
0.312128028428
0.533802751197
0.54342251141
0.31865624377
0.472113306066
0.530482128874
0.0
0.432840044635
0.288436345535
0.352905978966
0.341187215422
0.369642245465
0.0
0.243532706643
0.251701479157
-0.00418179287754
5.17735844114e-301
0.32481995741
0.550624569343
0.0
-0.0041445055661
0.344419985263
0.0376716244358
0.370671687881
0.546168780113
0.301948462869
0.0
0.0
0.401316785367
0.731680559451
0.303919568
0.679570881582
0.636314134998
0.0
0.473246293329
0.0
0.305433981281
0.35334923344
0.356753270753
0.921567890427
0.850108450662
0.0328576315041
0.0
0.501301864569
0.0348915059589
-0.00395842015673
5.17735844114e-301
0.0415866163017
0.35028853905
0.0
-0.00392499397971
1.0
0.0310428857824
0.445962091759
0.267513927393
0.381143499933
0.0
0.0
0.0334660673521
0.291764114234
0.480865094017
0.795907503712
0.0340575401362
0.0
0.478168768158
0.0
0.196811417261
0.0311683571387
0.88223613895
0.325979426336
0.381228226864
0.624225463051
0.0
0.0
0.628258141085
0.0
0.0
0.0
0.0
0.0
0.0
0.0
0.592363764315
0.0
0.0
0.0
0.390872226733
0.0
0.0
0.0
0.0
0.783768418512
1.0
0.0
0.0
0.778723982227
0.0
0.494346997599
0.0
0.674801310933
0.0
0.592363764315
0.388779799338
0.469923617282
0.312169837343
0.0
0.0292857020218
0.0319673624215
0.188089934461
0.187139078949
0.0374983607432
0.429648774527
0.0
0.186484256702
0.794472969677
0.317824097609
0.481210549889
0.0273266239246
0.0260577577038
0.190754458825
0.0
0.0307667241459
0.0289796988067
0.331856500482
0.0321571472991
0.322635356301
0.0
0.54681185144
0.0
0.0263238770972
0.333263841778
0.594874568596
0.317171830443
0.0285285564453
0.0
0.440739314409
0.427247540961
0.224714147508
0.0
0.0382685038876
0.241848346891
-0.00478516565683
5.68246674119e-300
0.0536117534739
0.235998326716
0.0
-0.00473640476826
0.379932981702
0.408192298166
0.0452921880761
0.414575936089
0.0329369033506
0.0
0.0
0.229791775267
0.037747659492
0.643734472499
0.0433236526293
0.0417214224212
0.0
0.47127799297
0.0
0.033363228014
0.393352198052
0.0402265870904
0.0467966088448
0.036985817004
0.0
0.0337165491582
0.0387057012558
0.0374541595773
0.215434604355
0.0
0.0367515386744
0.231133481936
0.0
5.17735844114e-301
0.0506810988121
0.225784606213
0.0
0.0
0.0377129866425
0.0358441902276
0.0431826322378
0.189261731757
0.0318069427414
0.0
0.0
0.27617481337
0.0362709091441
0.0465093696548
0.0413895718435
0.0399247855419
0.0
0.0411535712849
0.0
0.0322043410119
0.036011580242
0.0385538061974
0.0445480626411
0.0355669538853
0.0
0.0325334218595
0.24764148817
0.429059919854
0.377770434614
-0.00428548602934
0.0
0.0
-0.00426734442229
0.582723694473
0.579545834654
-0.00553186129999
0.345818524801
0.0
0.577358827781
0.143031526576
0.27456379129
0.0
-0.00380122627287
0.441314646324
0.370569253629
0.0
-0.00436249204341
0.0
0.350380038547
0.0
0.262873456154
0.0
0.721307610118
0.0
0.425823712748
0.351949245778
0.39958036787
-0.00423219456631
0.0
0.376416706265
0.365224907125
-0.00485127607614
0.0
0.443159439289
0.529470987865
0.34410627773
0.0
0.0358818830443
0.0399923745207
0.212281683794
0.211071291426
0.0490419794755
0.652517286894
0.0
0.21023864909
0.356770878795
0.342152570772
0.344998227716
0.333233301323
0.493729186872
0.215681893111
0.0
0.0381308130634
0.357455324891
0.440927988175
0.238505062753
0.538426334898
0.0
0.628581151294
0.0
0.318806863874
0.372439526367
0.256987531146
0.513066090955
0.237858791022
0.0
0.510822928607
0.416676783164
0.0408822672325
0.412811524245
0.0357356401166
0.0346661482743
0.36506202819
0.0
0.0340633957833
0.0377464244071
-0.00387002640548
5.17735844114e-301
0.0457069667992
0.0369421917785
0.0
-0.00383807038524
0.0348877623853
0.0332825165075
0.562968235235
0.031441578556
0.0297734616351
0.0
0.0
0.0360837339194
0.0336501095811
0.0422862931149
0.0380113146696
0.379456182976
0.0
0.42751157463
0.0
0.03012139335
0.0334267876238
0.0356061228421
0.465151978466
0.0330433584306
0.0
0.482579219894
0.0402095785575
0.0385381825426
-0.00391315425873
0.346080442127
0.37135396517
0.58933376121
0.0334962075244
0.0
0.561738496678
0.0356124512253
-0.00403468346324
5.17735844114e-301
0.0426148583201
0.492136332589
0.0
-0.00399996254379
0.399713486734
0.0316122607308
0.580094658574
0.463130528818
0.500957761356
0.0
0.0
0.331753131711
1.0
0.0396262202323
0.555617450553
0.526361927592
0.585025356745
0.340697187816
0.0
0.565553606022
0.29828007655
0.300702125627
0.702723152029
0.399713486734
0.0
0.0290087198677
0.0377969130053
0.0363163819623
0.0
0.0354669607358
0.0336892448763

Topic 1
Mean 0.307115664246
Median 0.29070048467
Sum 121.820360172
0.0
0.0
0.373027005649
0.0
0.204707224623
0.0493543151692
0.0
0.461461246967
0.0429570361473
0.0405616930418
0.0
0.0
0.0
0.0
0.0
0.0
0.251441962926
0.243609118557
0.0
0.0
0.0
0.0
0.0
0.0
0.0
0.0
0.0
0.0
0.0
0.305953250152
0.0425845139137
0.226371324913
0.770815592153
0.0
0.0
0.0
0.0
0.458329998714
0.468954222019
0.18796345174
0.504310092636
0.0
0.242211751173
0.0
0.16970403958
0.0
0.505283591461
0.462857485966
0.569264922412
0.379240750741
0.0
0.190579315879
0.0
0.189304674914
0.712267438868
0.0
0.340110649798
0.21584271648
-0.00436530223112
-0.00393835997499
0.0
0.236834806508
0.0
-0.00391253479382
0.567175024449
0.173153405694
0.0
0.0338306956742
0.0397804117895
0.0377177302977
0.0338636945169
0.0
0.0
0.0
0.0336317680928
0.410020261198
0.0318675106658
0.0
0.0
0.0422232604447
0.0519138732105
0.0484557081133
0.0422746749293
0.0
0.0
0.0
0.0419138438293
0.481144706323
0.378989532411
-0.00452780548405
0.0391945506208
0.0
0.0
0.0
0.0
0.0
0.0
0.0
0.0
0.0
0.0
0.0
0.0
0.0
0.0
0.0
0.695209923396
0.227791979096
0.0430720470486
0.570315423322
0.0
0.321365162781
0.0
0.721217003114
0.825885751628
0.344520290411
0.331884332056
0.443793267161
0.493997766793
0.0
0.0
0.448744371662
0.250044995078
0.0430042472771
0.37494707887
0.0
0.364918955517
0.0
0.0377720829037
0.988921972551
0.344076228727
0.241533156329
0.489971980226
0.572071902454
0.0
0.478473662263
0.0
0.618829406634
0.59900388952
0.0451156649433
0.55669599095
0.0
0.269043144611
0.0
0.617477470583
0.487893969002
0.33728659105
0.361550812674
0.0369800637112
0.0472449775718
0.0
0.986465962253
0.395203005315
0.0
0.801777597746
0.463641525742
0.036043599938
0.345359722239
0.0
0.183565711882
0.0
0.0322942772125
0.657608972023
0.348541338704
0.167344214701
0.316336890544
0.0373898904122
0.0
0.57351746405
0.340622219947
0.413872575336
0.0
0.321838377397
0.0
0.0
0.58948202795
0.0
0.0
0.0
0.0
0.683436003366
0.49618738918
0.0
0.0
0.0
0.0
0.0
0.289864205538
0.290798716185
0.492249725326
0.0
0.552547031128
0.220933985361
0.0367299378236
0.538178954394
0.0
0.241583408935
0.0
0.0328441641479
0.437396280671
0.301854230134
0.327978700205
0.0311506153986
0.485427555235
0.0
0.879309822789
0.551069160262
0.587717986487
0.170388441053
0.0
0.0
0.715167979632
0.421288818633
0.189790716083
0.403244032398
0.0
0.174810396399
0.0
0.476899241395
0.697577804889
0.509798937144
0.160037125253
0.300318385834
0.0351060431365
0.0
0.5266048195
0.322121730852
0.752024085105
0.370586379348
0.334028801107
0.472905298856
0.0
0.270259191538
0.266757494816
-0.0053327581778
-0.00470912206925
0.0
0.385025987897
0.0
-0.00467224677653
0.259624971752
0.20445943805
0.253456955565
0.0
-0.00557728983131
0.0
0.345054389513
0.394184835796
0.29070048467
0.19640859133
0.0
0.258903170269
0.186418652597
0.0
0.0
0.0
0.0
0.0
0.0
0.0
0.0
0.0
0.0
0.0
0.0
0.0
0.0
0.0
0.0
0.0
0.0
0.0
0.0
0.0
0.0
0.0
0.0
0.046093288585
0.0578898748057
0.0536224433332
0.335898525942
0.0
0.0
0.0
0.332770818608
0.048023917353
0.04252405837
-0.00489016484318
0.0425075092262
0.0566574529073
0.0
0.331197653728
0.049343625555
0.379485506223
0.0403931029695
0.0
0.0412570660324
0.272970897549
-0.00613748857868
0.0
0.0
0.202993897067
0.18775911482
0.0312250327473
0.0285363634716
0.0
0.28587083081
0.0
0.0283714914401
0.256416698708
0.154602621671
0.193365703323
0.279635073468
0.0322304006759
0.0
0.274440841881
0.298444539256
0.214313044704
0.41615954715
0.0
0.19651953382
0.258796566277
0.303524235329
0.0
0.0344375005715
0.0
0.559116410255
0.437512106748
0.223062443986
0.0375140776073
0.0
0.145914315369
0.0
0.1978052309
0.511988465772
0.613589454327
0.131698798546
0.351458452554
0.044169104222
0.0
0.473855171528
0.381693445899
0.378459980663
0.893443376331
0.0
0.13434500494
0.810141715198
0.157372942808
0.0
0.0484220132827
0.455059946811
0.0
0.190788931083
0.0449096193412
0.638176264482
0.0375106508382
0.0
0.0
0.0
0.20947280357
0.176163276993
0.52922326753
-0.00407194466942
0.0350655460098
0.0441643538629
0.0
0.0396476036149
0.0395901489302
0.0413726762216
0.033614046277
0.0
0.0342102108481
0.177767336029
-0.00490138621261
0.0
0.048416304146
0.0293850774025
0.206636401811
0.0
0.0
0.0
0.0
0.0
0.0
0.0
0.0
0.0
0.0
0.0
0.0
0.0
0.0
0.0
0.0
0.0
0.0
0.0
0.0
0.0
0.0
0.0
0.0
0.0
0.0
0.0
0.0
0.0
0.55235941497
0.227376470424
-0.00440989170266
-0.00397461772562
0.0
0.336920247217
0.0
-0.0039483164343
0.437252764788
0.180498412242
0.324789058532
0.0
-0.00457579478054
0.0
0.532707458074
0.343912645302
0.587505730321
0.1741948981
0.0
0.527437978583
0.166291420035
0.636355111398
0.0
-0.00494619016921
0.27281675617
0.137667721456
-0.00411071588458
0.0
0.0
0.512111928796
0.245600891906
0.0417278960974
0.691027321316
0.0
0.359496672052
0.0
0.685903353291
0.917182649664
0.327073515133
0.238295316524
0.357790237638
0.0435429989763
0.0
0.477824495613
0.389173094531
0.53175933111
0.343139030969
0.0
0.243103261268
0.408387594501
0.387865492105
0.0
0.342400353053
0.300374883496
0.384856605896
0.0385058568811
0.0
0.339092531527
0.0
0.180893191364
0.41512243873
0.0
0.0
0.0
0.188125583394
0.0
0.0
0.174730881701
0.331336780995
0.171125492605
0.0
0.0
0.0
0.178551287996
0.191940727913
0.192551175639
0.170656913627
0.0
0.174310155817
0.502687783498
0.20163791918
0.0
0.0
0.152983922164
0.134578850171
0.0
0.0
0.178295899996
0.189311189922
0.0
0.331896118529
0.440309161355
0.0425571678907
0.232040099287
0.0
0.0
0.0
0.230543215227
0.306338238939
0.452368333398
-0.00350510106394
0.0352433444945
0.044446765362
0.0
0.229787044882
0.0398169396856
0.977280079012
0.303217384488
0.0
0.0343794203064
0.768647634522
-0.00410274104217
0.0
0.28698607677
0.0295098341208
0.381989803405
0.0392109258083
0.0
-0.00353379112709
0.235124379447
0.0
0.0
0.473253453964
0.358144837238
0.0349978278452
0.0316549634419
0.0
0.0
0.0
0.0314522142015
0.768377154017
0.483054142011
-0.00328958895616
0.0298957690796
0.369059474948
0.0
0.339603269118
0.3392190802
0.317581026852
0.261848726409
0.0
0.30212743038
0.44742472682
-0.00381053477263
0.0
0.0390842910183
0.0256657660297
0.532024978173
0.0327027229116
0.0
-0.00331484673591
0.0323607809426
0.0
0.429471450853
0.0
0.384161723317
0.250890480744
0.0456774330376
0.292158469838
0.0
0.268872204922
0.0
0.289789422244
0.464975943143
0.195006835646
0.361343931226
0.0373566492049
0.0478613865283
0.0
0.741057402195
0.274943944436
0.411740580819
0.994584489204
0.0
0.547404229161
0.511060829664
0.290500927035
0.0
0.384957461427
0.214204564024
0.162986332992
0.0418446101028
0.0
0.36472759929
0.297064869161
0.192438537303
0.254439978328
0.0346867309013
0.0
0.0
0.0
0.0
0.0
0.0
0.0
0.0
0.0
0.0
0.0
0.0
0.0
0.0
0.0
0.0
0.0
0.0
0.0
0.0
0.0
0.0
0.0
0.0
0.0
0.0
0.0
0.0
0.0
0.0
0.0
0.0
0.0
0.0
0.0
0.0
0.400502778218
0.0
0.0
0.701377077695
0.0
0.0
0.0
0.0
0.37330499097
0.482860866613
0.0
0.0
0.0
0.0
0.0
0.352161875401
0.353542198565
0.353820912401
0.748646496898
0.0
0.0
0.0
0.0
0.0
0.0
0.0
0.0
0.0
0.0
0.0
0.0
0.0
0.0
0.0
0.0
0.0
0.243481893731
0.23407176428
0.222491791762
0.746276480336
0.0
0.345278719565
0.0
0.741035150517
0.412327889133
0.186583980566
0.229759718712
0.0331485576712
0.0411659878193
0.0
0.459458278843
0.352626145419
0.50079441777
0.17809762951
0.0
0.43668544234
0.389873945551
0.371366542764
0.0
0.319385199422
0.278271441031
0.194836625773
0.206146607104
0.0
0.326414269243
0.875669578542
0.182386713182
0.224038133821
0.0310292107511
0.27958530786
0.0
0.0
0.0
0.355228387429
0.227645141645
0.0
0.0
0.0
0.320117419844
0.0
0.0
0.589964811888
0.180667678772
0.77777406454
0.0
0.0
0.0
0.610800773264
0.326745209291
0.378682638274
0.174352543375
0.0
0.342014901148
0.16643507874
0.343616325025
0.0
0.0
0.259326466142
0.137805667966
0.0
0.0
0.338547852326
0.322176502485
0.178461058928
0.0
0.0
0.378455692617
0.0
0.0
0.310158049523
0.0
0.0
0.0
0.0
0.0
0.0
0.0
0.0
0.0
0.0
0.0
0.0
0.0
0.0
0.0
0.0
0.0
0.0
0.0
0.0
0.0
0.0
0.0
0.0
0.0
0.0
0.0
0.0
0.0
0.0
0.0
0.0
0.0
0.0
0.0
0.0
0.0
0.0
0.0

Topic 4
Mean 0.29477959259
Median 0.284633264216
Sum 190.677928208
0.0536117534739
0.0363616162958
0.284633264216
0.0417214224212
0.342400353053
0.345973391194
-0.0050108424554
-0.0057403010801
0.187571246807
0.270596627537
5.68246674119e-300
5.17735844114e-301
0.179901874313
0.200755489235
0.20415908348
0.223029568182
0.0484220132827
0.900696939126
0.384856605896
0.149468538203
0.142678675335
0.0
0.0
0.0
0.0
0.0
0.0
0.0
0.653752725197
0.0658808776681
0.0416184363839
0.0487928951149
-0.0048002894868
5.17735844114e-301
0.258639731355
0.0
0.379932981702
0.0445508199293
0.417375117732
0.142242601668
0.89612496425
0.138268673929
0.58375664792
0.0
0.0455295565987
0.0394485082563
0.0447261042736
0.322525515195
0.766433215715
0.745707314907
0.188593105915
0.356061376389
0.0
0.0457126430083
0.816264620293
0.268126641347
0.0555703566865
0.0372521235898
0.0428980525081
-0.00517025640928
5.17735844114e-301
0.228996578777
0.0
0.321310694028
0.040355045615
0.0404988150328
0.55075774939
0.0538305003584
0.0364621099002
0.0418537795192
-0.00504538816305
5.17735844114e-301
0.223701626776
0.0
0.812210680667
0.0394295768932
0.0395668165367
0.269098553211
0.341740121307
0.282010589919
0.695504425505
0.500252805175
0.3907466617
0.194552906226
0.767032232743
0.0
0.433111976287
0.39735520339
0.467668827296
0.447581471057
0.343320536897
0.413859707636
0.0388935878192
0.819424534655
0.324795871793
0.438499155064
0.17865705082
0.817010415505
0.0
0.470843740372
0.397242910696
0.406208917036
0.200642622707
0.414955522537
0.65602395114
0.466712344043
0.0488823882454
0.315967858911
0.038800081949
-0.00447893202775
1.30744341759e-299
0.373451287476
0.0
0.0500632197485
0.545410676808
0.387503106398
0.0438768950094
0.0427850286146
0.357716654588
0.31616903225
0.222547259188
0.0482291094457
0.319690668503
0.332073864563
0.454034947644
0.224456647958
0.695257046209
0.0
0.257991334311
0.656213961612
0.414408657149
0.22848814624
0.223216409865
0.707358537784
0.379462851286
0.581093746815
0.0342106046819
0.038110469327
0.415712199584
0.493387200966
0.0
5.17735844114e-301
0.502315839275
0.0
0.0388244163224
0.43363302566
0.461663109151
0.034997730021
0.0342995457965
0.46741033776
0.443770255761
0.0322213304999
0.0319361870246
0.24764148817
0.0506810988121
0.0349893522224
0.0399247855419
0.0
5.17735844114e-301
0.762967473847
0.0
0.292332086747
0.0377129866425
0.0378385177608
0.319888984499
0.248470333512
0.542425537564
0.188946602101
0.040771304232
0.761385034911
0.0329931761173
0.0
0.0
0.19886729802
0.39335077352
0.294501089245
0.217613060405
0.159587599155
0.0
0.0
0.15409053304
0.36649492674
0.0
0.0
0.345510978362
0.197347287957
0.0
0.327734837898
0.0
0.0
0.045669676016
0.384957461427
0.252588833723
0.297064869161
0.411225412679
0.204275891863
0.162986332992
0.0
0.0542810003802
0.157256834879
0.378449610834
0.0470833140483
0.0458283169604
0.480092621879
0.186315600469
0.0421923007192
0.454335927886
0.033917563402
0.0435256417336
0.294690048265
0.375001179393
0.0381554081212
0.452672546013
0.327335296402
0.345647286665
0.311206706773
0.519980024918
0.0
0.0388710556505
0.804487678903
0.322193385559
0.035035624047
0.03433594219
0.466574223449
0.428881218597
0.410624963132
0.375603653995
0.280511178628
0.0330268514824
0.244985570982
0.345821690892
0.440739314409
0.0459427956743
0.398584828817
0.281170330206
0.810616254252
0.211892888983
0.502458081834
0.0
0.0469843633739
0.921567890427
0.744708955593
0.0414938257127
0.0405160211628
0.405503082447
0.39728949979
0.477916382469
0.474081220049
0.0309173732173
0.0387057012558
0.307068849595
0.427601524042
0.393055820037
0.552186009308
0.0539926422264
0.0365364289362
0.0419517322968
-0.00505710288833
5.17735844114e-301
0.224198856193
0.0
0.814722566843
0.0395164995031
0.0396543459616
0.269818395236
0.703827530846
0.344493095574
0.415765758473
0.042887394126
0.223711482218
0.0343653026034
0.249083918197
0.0
0.0459457828409
0.0344018387585
0.0406078054805
0.234775158907
0.0519450869518
0.525029621719
0.3404283194
0.36086049294
0.337424210992
0.557260096849
0.0
0.274569435442
0.438907470335
0.541273164739
0.241396539548
0.235519985995
0.386608241016
0.725401654743
0.450731468459
0.408875716185
0.420865652523
0.224664770583
0.346595115936
0.361050591585
0.798721323114
0.475867430133
0.236071206121
0.0407396456399
0.0463931183245
0.361761915399
0.294840965297
0.0
5.17735844114e-301
0.362920383223
0.0
0.0474554406607
0.480614960871
0.57245767113
0.0418608069685
0.0408658374291
0.814348320996
0.689150579588
0.357045917366
0.949226283344
0.031120657669
0.0390248321077
0.0
0.454527250306
0.0311506172985
0.479136806277
0.0409592153513
0.428493454104
0.0329431004254
0.265956760901
0.819424534655
0.220819371178
0.438499155064
0.167062000962
0.817010415505
0.0
0.0372000905392
0.397242910696
0.406208917036
0.0336723585456
0.033025565143
0.470685000208
1.0
0.296889985667
0.361131562885
0.443770255761
0.0318127218687
0.235788637588
0.419573488824
0.381187067198
0.344034495767
0.0330865235445
0.386501939557
0.366420303533
0.0
0.0
0.521028394398
0.0
0.597200675781
0.0
0.0
0.0
0.0
0.0
0.548419597827
0.0
0.0
0.585025356745
0.433310112418
0.0
0.0
0.435336258677
0.0
0.0
0.516871233759
0.0
0.0
0.0
0.0
0.440526239913
0.433310112418
0.458470604286
0.0495666058249
0.22566908675
0.259479757576
0.265194136634
0.718036446567
0.184177600727
0.0
0.0507811360606
0.762473629371
0.239515101654
0.0444273719639
0.0433082861067
0.249210540731
0.223713771809
0.495843182596
0.300491186239
0.0325172062188
0.0412461921234
0.288351154265
0.265391260279
0.405101307737
0.786064591861
0.0434131738422
0.427958813615
0.0383606771102
0.205825564616
0.0
0.0337165491582
0.0374983607432
0.446819533742
0.322635356301
0.375195027196
0.187139078949
0.513326825486
0.0
0.0381893499868
0.794472969677
0.347719183211
0.0344808500186
0.0338029366766
0.46035866448
0.423623704933
0.0317826927062
0.410755421213
0.277052582091
0.0325334218595
0.328406518117
0.375400532758
0.927362515199
0.388779799338
0.0338668013634
0.33297603365
0.0307112851859
0.408060111566
0.0
0.23717473722
0.0390344982171
0.0441946541675
0.425282709614
0.252432458254
0.2566141744
0.190831836836
0.483306757702
0.0
0.0451576350536
0.462133344905
0.584870878624
0.0400625875745
0.0391503326041
0.404515886466
0.404399510675
0.397500166795
0.281485974493
0.442174964678
0.0374574484346
0.273112759994
0.256757630577
0.218188130095
0.42087352467
0.0392360270462
0.599719111303
0.244053562227
0.404399510675
0.0
0.243137617655
0.235671096528
0.473877411196
0.0510523407175
0.343821968181
0.389695841943
-0.00455595534369
6.59139644353e-300
0.396328583042
0.0
0.0523417190834
0.684744787491
0.360199660029
0.0456172887093
0.0444382496315
0.376048926093
0.322899049016
0.607724657824
0.953503889758
0.325091962624
0.0422698408638
0.0
0.0437991726382
0.415388885319
0.93374370424
0.0445486890337
0.339180805818
0.377901280824
0.311169309142
0.0
0.502806393952
0.320763611901
0.262133958475
0.0
0.0
0.0
0.0
0.0
0.0
0.0
0.0
0.0
0.0
0.0
0.0
0.0
0.0
0.0
0.0
0.0
0.0
0.0
0.0
0.0
0.0
0.0
0.0
0.0
0.0
0.0
0.0
0.0
0.0
0.0
0.0
0.0410145243752
0.0467499148413
0.496873953887
0.537266606792
0.0
5.17735844114e-301
0.524593346252
0.0
0.0478288300612
0.397321253975
0.524237554044
0.0421510771945
0.041142427466
0.308890573927
0.474747757803
0.363166974563
0.693640846548
0.0312808024793
0.0392769858468
0.0
0.0405940462297
0.0313110713925
0.369288269157
0.041237075139
0.528389268399
0.516330522839
0.315926439092
0.0
0.0386042943961
0.0308672339444
0.324293043085
0.38476516792
0.0
0.387540512176
0.0451390930276
0.828937905454
0.14485297879
0.147335719656
0.140733968787
0.594421890507
0.0
0.0461441394395
0.759317020245
0.232974831534
0.0408371305045
0.0398896778157
0.281719266903
0.789153860209
0.362573083461
0.334162465773
0.0305513087639
0.0381336843577
0.157158566943
0.160453557977
0.677361352477
0.344839937892
0.0399786431374
0.573318897118
0.32439308856
0.268653980911
0.0
0.366412550936
0.668797729281
0.238871243592
0.367420892536
0.0
0.539910631437
0.0400530579297
0.287161466975
0.539512274819
0.378104920953
0.431456739052
0.18684031848
0.570618799046
0.0
0.046526412923
0.35276131179
0.400158337401
0.0411362453165
0.0401750257578
0.532892762224
0.48428111418
0.329424570864
0.410005794969
0.394828185998
0.0383943804273
0.266772218342
0.374774299441
0.869848009174
0.598700367227
0.0402652698858
0.808340977351
0.406942781209
0.42310579633
0.426432077919
0.236695063776
0.857736632351
0.319119117378
0.375536806778
0.0
0.349807888347
0.219478141637
0.498234269931
0.0479604493246
0.0336706967728
0.0382169654457
-0.00460912965264
5.17735844114e-301
0.205157403072
0.0
0.583206996686
0.0361855289813
0.0363010818814
0.242708039327
0.499823301779
0.301495786958
0.384422511392
0.0389919089683
0.204749224571
0.0318181634155
0.22580033711
0.0
0.0415036703007
0.031849481738
0.0370984845512
0.50099932222
0.215054217671
0.0373915621242
0.0307188921815
0.0
0.039426029344
0.0313903609263
0.0359502067029
0.0403603026453
0.0
0.0376229886405
0.0365726635701
0.0368123859663
0.372227168598
0.313662363127
0.219806543888
0.29839954376
0.786578956183
0.224456647958
0.573317936737
0.0
0.0442254403923
0.659228211641
0.721707688605
0.039327168432
0.03844773054
0.707358537784
0.302446895532
0.391113944593
1.0
0.029698250245
0.0368137950808
0.327734837898
0.53433556828
0.590269170907
0.474081220049
0.0385303735456
0.591106559835
0.240123687548
0.367920219855
0.0
0.352693847309
0.583033877972
0.83935644165
0.353628000334
0.0
0.319580570555
0.670690312575
0.410005794969
0.0353569005739
0.0368975330768
0.301842358591
0.213935721113
0.634158285147
0.0
5.17735844114e-301
0.239184758022
0.0
0.0423220089222
0.225292228696
0.557594196745
0.0378148144417
0.037001014982
0.384527822947
0.293648503603
0.377886862388
0.238507771369
0.0288276108431
0.0354853061158
0.0
0.2660495723
0.0288533163044
0.230362985087
0.0370775494089
0.573173051708
0.231985097257
0.203209982132
0.0
0.0349353153959
0.028476002187
0.618231612057
0.2482619228
0.0
0.309773243648
0.22729771632
0.305048882644
0.0341297275132
0.60908319432
0.033363228014
0.0370618471333
0.720573028284
0.0309618598581
0.0
5.17735844114e-301
0.891473629994
0.0
0.0377366978172
0.206136646874
0.295957074354
0.0341114166119
0.0334478122104
0.85618572899
0.739921658409
0.31162403661
0.217145505851
0.458599237973
0.0322043410119
0.0
0.0330844647233
0.0266459914219
0.431991558622
0.0335103408148
0.471889884536
0.211725654333
0.739921658409
0.437586979089
0.0317507025253
0.0263238770972
1.0
0.225201111922
0.0
0.285074833557
0.207814327916
0.436564947251
0.0310838894148
0.298285259308
0.289723904381

Topic 2
Mean 0.284851150226
Median 0.271716239732
Sum 174.800194408
0.579499943085
0.0399663281497
0.882785413744
0.320401815235
0.777754317255
0.055392516283
0.0374541595773
0.0431826322378
0.254353904576
0.0506810988121
0.555642319275
0.0395347177622
0.0412209059834
0.0457289452832
0.0385538061974
0.193654526378
5.17735844114e-301
5.17735844114e-301
5.17735844114e-301
5.17735844114e-301
0.35788909082
0.0351316884486
0.0401244101715
0.854000369284
0.0465197454417
0.27617481337
0.319621034228
5.17735844114e-301
0.800663629867
0.517113839266
0.514357809704
0.284633264216
0.0349893522224
0.517270707135
0.179901874313
0.0329541954917
0.0
0.0
0.0
0.0
0.0
0.0
0.0
0.0
0.0
0.790347137944
0.0396944563889
0.041394591088
0.0459427956743
0.0387057012558
0.436509467253
0.211892888983
0.0362305533711
0.398584828817
0.0
0.555063591084
0.839847879424
0.532718948746
0.343480850253
0.0395916767365
0.456409013032
5.68246674119e-300
0.0370057047332
0.342126533613
0.0
0.45094575921
0.232903099932
0.26348268495
0.037613167188
0.300794451162
0.0353798502169
0.333145758984
0.341017775745
0.0333003632376
0.557684518195
0.0
0.252604103029
0.244862740386
0.229015611709
0.0351501748546
0.036476818616
0.0399630354695
0.0343726321826
0.222883127524
0.179423910848
0.0324065706302
0.203275034513
0.0
0.248946456232
0.211185147896
0.294428865802
0.449397660903
0.38896404636
0.304125811963
0.261521475935
0.0325275393169
0.595136336994
0.164890783702
0.290465099864
0.78946524008
0.0
0.420855791864
0.680383877855
0.200146990668
0.276023976356
0.0359471771889
0.0411916751764
0.242104722159
0.0479604493246
0.22580033711
0.0369589194356
5.17735844114e-301
0.210865404443
0.0336706967728
0.0
0.0370984845512
0.0379116362354
0.0340321637115
0.0330992062271
0.0313848844531
0.0451528551054
0.0537485654142
0.320254172772
0.0658808776681
0.292332086747
0.0467607302777
5.17735844114e-301
0.267777951101
0.0416184363839
0.0
0.0469843633739
0.0482962913627
0.0421720895597
0.0407487955894
0.0381812445492
0.583206996686
0.0
0.0
0.0
0.0
0.0
0.0
0.0
0.0
0.0
0.0
0.0
0.0
0.0
0.0
0.0
0.0
0.0
0.446243035902
0.561033977851
0.560395318144
0.287161466975
0.0383943804273
0.375584540272
0.18684031848
0.0359576356923
0.539512274819
0.0
0.598700367227
0.488299507024
0.561390277764
0.296997754347
0.70687005522
0.0368123859663
0.046526412923
0.0
0.427247540961
0.0452921880761
0.26739052875
0.0536117534739
0.24764148817
0.0402265870904
5.68246674119e-300
0.229791775267
0.0363616162958
0.0
0.440739314409
0.411156059354
0.0367835298704
0.0356960328679
0.0337102310222
0.498234269931
0.653752725197
0.0
0.0400530579297
0.0
0.0
0.0
0.0
0.0
0.0
0.0
0.0
0.0
0.0
0.0
0.0
0.0
0.0
0.0
0.0
0.0
0.0
0.0
0.0
0.875578167421
0.442976437087
0.0383279747288
0.307087659584
0.036011580242
0.288436345535
0.180444244774
0.316886013523
0.216557428729
0.0
0.410354745296
0.536359870701
0.295997574866
0.542633292647
0.469547208878
0.0346162854576
0.0430727499626
0.0
0.332770208853
0.393352198052
0.0
0.0392324184617
0.0455637358097
0.269072977193
0.0539926422264
0.249083918197
0.0404406467525
5.17735844114e-301
0.23103324064
0.0365364289362
0.0
0.0406078054805
0.0415840973368
0.0369624328225
0.0358644895186
0.0338604267958
0.50099932222
0.814722566843
0.0
0.0402652698858
0.552186009308
0.0
0.0376524940822
0.850108450662
0.445962091759
0.040261176988
0.0445508199293
0.0377129866425
0.979817401279
0.138268673929
0.0353593142884
0.417375117732
0.0
0.921567890427
0.438980707618
0.128948578198
0.21883097398
0.439286693228
0.0361855289813
0.0455295565987
0.0
0.35276131179
0.379932981702
0.0
0.306881016284
0.0395164995031
0.795161235436
0.319821207876
0.319501987153
0.0385289119128
0.0333063285012
0.569467449055
0.17865705082
0.0314570754264
0.743110574673
0.0
0.325817074333
0.593188786426
0.167491053404
0.165418036589
0.508399648814
0.0321093094703
0.0392587729904
0.0
0.421249181911
0.034547411676
0.0
0.166284907979
0.0347051776498
0.60870494396
0.457165672422
0.0423708887331
0.0443136291157
0.0495666058249
0.0412461921234
0.190238522409
0.186642488885
0.0384472111408
0.1726816509
0.0
0.786064591861
0.380390941429
0.305503047531
0.301565905978
0.204285072268
0.039426029344
0.0507811360606
0.0
0.230346868918
0.458470604286
0.0
0.546361384881
0.0434131738422
0.762473629371
0.171534423774
0.377770434614
0.0
-0.00429234304577
-0.00553186129999
0.0
0.39958036787
0.579545834654
-0.00436249204341
0.39332823646
0.0
0.429059919854
0.0
0.352024035493
0.234495357442
0.414999678456
-0.00447377665583
-0.00465365495391
0.0
0.36463213631
-0.00485127607614
0.0
0.351949245778
-0.0048946244208
0.143031526576
0.184318214613
0.244086397706
0.584420493615
0.575333613699
0.0
0.0
0.0
0.472113306066
0.0
0.0
0.521028394398
0.0
0.0
0.481342287538
0.0
0.0
0.465454935176
0.0
0.0
0.0
0.426432077919
0.0
0.0
0.0
0.0
0.0
0.0
0.0
0.0
0.310655868867
0.035827421744
0.037206682502
0.0408407559119
0.0350199723606
0.33434458023
0.380650465112
0.0329813557981
0.206518446797
0.0
0.318621937476
0.301033429468
0.529226951478
0.303285590044
0.280073939371
0.0336990514839
0.0416617654047
0.0
0.301691810012
0.354736337182
0.0
0.290229941422
0.0365698180076
0.310368858934
0.16803571831
0.336951759875
0.392980656829
0.0
0.320098937205
0.345623142984
0.345250367606
0.043563089337
0.0370027724845
0.547574011695
0.188085555353
0.0347342482952
0.921285505294
0.0
0.328563256392
0.642125699985
0.175750588677
0.2153847526
0.752232040842
0.0355311810965
0.0444984526193
0.0
0.453567384619
0.367102717968
0.0
0.298455611778
0.0387374349243
0.58375664792
0.629484966814
0.348089789034
0.194370524576
0.0
0.30175353727
0.969814249248
0.472483071795
0.336526026077
0.333196345436
0.70701602755
0.533498564447
0.383528322862
0.186599852722
0.311100466707
0.0
0.417383627821
0.572752942176
0.32266868222
0.297311140347
0.584159164788
0.190683043106
0.236050556322
0.0
0.401184232343
0.400858122975
0.0
0.524620234803
0.207025421172
0.480618234585
0.29812033602
0.43099216023
0.396048727177
0.579128168217
0.360100426198
0.320417522412
0.450753829399
0.466987874756
0.853463992459
0.328265890238
0.231133481936
0.0377614125629
5.17735844114e-301
0.744792813364
0.226879575713
0.0
0.0379071162103
0.475592295159
0.237030788777
0.0337413825321
0.383620315045
0.220974046749
0.284293296488
0.0
0.228483003423
0.241848346891
0.0
0.436058777058
0.243223892575
0.0369544387186
0.0327132986082
0.0403405611205
-0.00426734442229
0.0
0.0343649487036
0.0362722489111
0.464621326846
0.812347715048
0.0390930683741
0.040741008427
0.0451390930276
0.0381336843577
0.680346200152
0.140733968787
0.0357288817412
0.828937905454
0.0
0.344839937892
0.324330935605
0.131090150578
0.220722595694
0.274359502271
0.0365726635701
0.0461441394395
0.0
0.219478141637
0.387540512176
0.0
0.31182527206
0.0399786431374
0.759317020245
0.620310339679
0.366412550936
0.14567120872
0.0
0.315427067039
0.594421890507
0.317112620256
0.0373582924375
0.528832397984
0.0399361252858
0.0416574734802
0.0462668458695
0.0389354457255
0.649111862689
5.17735844114e-301
0.0364317776151
0.3107230237
0.0
0.351425483056
0.329642405742
0.0331705727652
0.382642380001
0.450112972879
0.0373094933161
0.0473233273885
0.0
0.303594763925
0.0406422409072
0.0
0.0337252515012
0.0408607591161
0.635893813902
0.0313412309675
0.0382743039655
0.0
0.0
0.310168128033
0.314962736136
0.510238602245
0.0381274512131
0.323714590075
0.478729633974
0.472615042369
0.0336005300725
0.0365365032621
0.0318069427414
0.719802816433
5.17735844114e-301
0.030116215435
0.823545418348
0.0
0.596832516033
0.634838955245
0.0278525602925
0.309357211984
0.842053801554
0.0307135036005
0.0371921885718
0.0
0.563689588724
0.0329369033506
0.0
0.0282425948325
0.0330802723974
0.383191808557
0.511928470699
0.0313643539507
0.441314646324
0.665636688789
0.283620906486
0.257678602681
0.379000527504
0.0312656712292
0.263506999675
0.315814718627
0.440573830785
0.43416479027
0.034044323086
0.0370618471333
0.0322043410119
0.432840044635
5.17735844114e-301
0.0304722519775
0.720573028284
0.0
0.431991558622
0.199338377395
0.028156815689
0.282451755676
0.598395352192
0.0310838894148
0.0377366978172
0.0
0.436564947251
0.033363228014
0.0
0.028555479063
0.0335103408148
0.206136646874
0.658333809419
0.0317507025253
0.425823712748
0.437586979089
0.286693987652
0.2030758611
0.0301545127143
0.0316495775864
0.207814327916
0.288411904905
0.981399034576
0.198294140382
-0.00431478327666
-0.0043212951345
-0.00558004280503
0.0
0.366707749779
0.57362891156
-0.00439240147957
0.18389910884
0.0
0.217460134205
-0.00408442657445
0.348679398085
0.183399699181
0.168242572141
-0.00450523700151
-0.00468770565532
0.0
0.191155526889
-0.00488829166387
0.0
0.184465886853
-0.00493230703509
0.14158204882
0.182598553356
0.190948458807
0.594035019
0.0
0.389233398981
0.192459147888
0.392243013217
-0.00429595913481
0.144168017471
-0.00399878062202
-0.00355760843939
-0.00367136107359
0.923908614662
0.0396471638325
0.0413431632691
0.0458794544475
0.0386607340562
0.714713743624
0.319065438579
0.0361911504732
0.503694245895
0.0
0.396616350905
0.368683559506
0.299250613484
0.210950549218
0.842372694549
0.0370571722629
0.046918119648
0.0
0.381628549927
0.758179254752
0.0
0.354303676372
0.0405583128875
0.499848626429
0.411045954027
0.406280855091
0.329105154742
0.0
0.319109748843
0.518591841969
0.479996977294
0.0378639843822
0.531355695364
0.513913578574
0.355387354517
0.440886994694
0.326055899713
0.400412058692
0.506817294972
0.50629605007
0.0526695029541
0.236083848565
0.42146152841
5.17735844114e-301
0.219806622364
0.611374779665
0.0
0.378942813833
0.428801042113
0.0363375084637
0.32334166765
0.37110474288
0.476024242895
0.616038287483
0.0
0.506758148606
0.522000600081
0.0
0.0370042227824
0.52503653981
0.354351994176
0.352434390696
0.0425536263603
0.374188449457
0.442634114588
0.328913198299
0.515894530898
0.37326316924
0.230813076001
0.528524337523
0.331176336478
0.762974141638
0.662069389276
-0.00385425778625
0.482189167673
0.457165672422
0.0423708887331
0.0443136291157
0.0495666058249
0.0412461921234
0.461423451974
0.718036446567
0.0384472111408
0.22566908675
0.0
0.786064591861
0.380390941429
0.564937436569
0.224917508801
0.202539781644
0.039426029344
0.0507811360606
0.0
0.236695063776
0.458470604286
0.0
0.546361384881
0.0434131738422
0.762473629371
0.223713771809
1.0
0.750298938575
0.0
0.77691448957
0.348089789034
0.483825259053
0.0403405611205
0.366412550936
0.0382743039655
0.0313643539507
0.0317507025253
0.740411482192
0.406280855091
0.0425536263603

