Topic 6
Mean 0.38994493068
Median 0.389907714526
Sum 203.883499862
0.315420646922
0.277055996855
0.0
0.271309313251
0.556145175613
0.393891390855
0.506817294972
0.396964734246
0.0376805620149
0.0367175185801
0.354351994176
0.415376967081
0.420953492672
0.29902455054
0.461980064966
0.669707594144
0.317098828369
0.344890213958
0.249548981799
0.224945936248
0.356656478701
0.468554677277
-0.00395139319717
0.0382416046762
0.0372500467074
0.41261579644
0.0364093230775
0.0585449888847
0.0
0.869358549831
0.996227836576
0.0
0.392071339123
0.410022170059
0.0
0.0
0.424614939214
0.296739835384
0.0351759409135
0.380140135137
0.690216103395
0.0336196786426
0.48632713179
0.648325882383
0.0
0.400412058692
0.317448075137
0.450848725755
0.281483266044
0.579499943085
0.850108450662
0.385715109262
0.0339034360553
0.0
0.0314717510734
0.283200277281
0.112354777253
0.519514095789
0.438481594045
0.0387208219917
0.585572138624
0.514532141151
0.0393135136785
0.0
0.134937015295
0.624225463051
0.0
0.455384355025
0.0
0.0
0.512008904611
0.543057006598
0.0
0.0
0.448956360513
0.0
0.0
0.0
0.335162179273
0.393209943796
0.0
0.0
0.434723163068
0.45690249344
0.337057633639
0.0
0.388408121795
0.0
0.339307381638
0.0
1.0
0.327770090764
0.323263260958
0.329952574012
0.32235221415
0.039219646861
0.365168248793
0.499970067014
0.0398278276597
0.0
0.545985375385
0.331092152819
0.538666140308
0.0
0.344031022676
0.0
0.0
0.0
0.0
0.0
0.0
0.0
0.0
0.0
0.0
0.0
0.0
0.0
0.0
0.0
0.588183973795
0.0
0.4077839326
0.0
0.0
0.0
0.630018903461
0.0
0.0
0.0
0.466115126172
0.0
0.0
0.0
0.0
0.355429939411
0.322106193834
0.258942974936
0.0451172798472
0.320255423744
0.0551283712393
0.0425886773179
0.948896086112
0.0563376211757
0.0
0.476322733749
0.0391996037508
0.128121430247
0.0
0.0
0.552429553112
0.544010732646
0.339158191047
0.439849909454
0.0
0.0292478487053
0.0286642824354
0.480169452042
0.0281638483309
0.0398059067836
0.346554230389
0.0
0.321915674762
0.0266406980199
0.029870751129
0.0
0.0
0.0301667393061
0.0
0.0
0.0387729947895
0.686128387631
0.333472039428
0.499363850097
0.416471334691
0.419211363119
0.484026496995
0.527143767959
0.0432380627174
0.0
0.9405293616
0.51746953316
0.772324986622
0.0
0.590530042405
0.664009770273
0.0
0.466012116448
0.50871431693
0.0320833764748
0.0403415510853
-0.00362538800582
0.0345845271732
0.0337715323336
0.040177281571
0.0330790360613
0.0503879483982
0.0408157668905
0.0
0.0373422374314
0.0309974966677
0.035458880181
0.0
0.0
0.0358767470363
0.0
0.0
0.0487441973186
0.0307301283482
0.0386206184209
0.390819727231
0.327824256155
0.0495846655753
0.155288407146
0.454396645505
0.412026395833
0.334901197291
0.0634791791033
0.0
0.147852624442
0.461421751798
0.13516296211
0.0
0.35118850081
0.342395328441
0.0
0.0
0.13970924897
0.0420270215131
0.414383597597
0.527649702694
0.384283478262
0.785190539416
0.377075309322
0.683458272771
0.0352870356089
0.444274175361
0.418030434366
0.0357786005853
0.0
0.315225586574
0.394834652876
0.41774293365
0.0
0.873732818939
0.897462606303
0.0
0.0
0.406356311158
0.0277849661048
0.599865525557
0.0325575922831
0.411015343475
0.422993452157
-0.00366180774235
0.345892410687
0.337549258437
0.376868954158
0.873874658146
0.499068544548
0.428046804754
0.0
0.571714827904
0.573141278802
0.354876944885
0.0
0.0
0.660022005504
0.0
0.0
0.574465188079
0.320982831883
0.606395113803
0.0377177449377
0.0562886192124
0.320758009619
0.789032126818
0.207730709738
0.254742415241
0.262629763166
0.493184431118
0.24303736947
0.310512834812
0.0436497869549
0.0
0.250792536473
0.501471003024
0.261567697425
0.0
0.0
0.264836716425
0.0
0.445031203122
0.842280087084
0.0323095118691
0.840281295917
0.0389487673718
0.486516100235
0.235706193823
0.279294102057
0.428801042113
0.0
0.396349046353
0.421931365401
0.839847879424
0.300972674589
0.250999571294
0.600665303579
0.0
0.644485356151
0.283208873992
0.441529332028
0.0
0.0
0.324617301813
0.0
0.436023430611
0.0494074659443
0.318582632101
0.419219821282
0.372851685863
0.472271108521
0.402694355312
0.532908250392
0.47528878444
0.280781940814
0.372552581018
0.0
0.0
0.409613011581
0.429246270553
0.602194330081
0.0
0.368239268379
0.0
0.308921867556
0.0
0.47210776989
0.405616339914
0.288212955917
0.0
0.941740542458
0.0
0.0
0.29792081468
0.0
0.319740864917
0.340830898572
0.0
0.0
0.0
0.788843994092
0.391365390371
0.379802103004
0.403229838338
0.432469687866
0.454413868581
0.711478545079
0.368103987869
0.386608241016
0.3404283194
0.271583451315
0.42109222675
0.502731711619
0.428016962196
0.31589789657
0.0
0.437233120119
0.545945679112
0.286052485242
0.717624699437
0.0399151923584
0.137920898817
0.652720921693
0.468348232705
0.605822119534
0.464646888118
0.403653843538
0.730025992866
0.261049123542
0.497051618442
0.665124447718
0.330368028977
0.293067641624
0.286211702352
0.556804676002
0.642483437282
0.514842446948
0.276198567162
0.486712426945
0.0
0.0
0.315440366294
0.0
0.346130830979
0.324958760967
0.286621938132
0.408069966906
0.354063893398
0.439118887623
0.637037333893
0.340187161634
0.324358414544
0.484325235282
0.0
0.39877567308
0.0359660993266
0.558372471494
0.0313182277865
0.910698081458
0.0358354731204
0.0300785808044
0.220315022511
0.0363425466094
0.0
0.367998157091
0.028347650514
0.136988435995
0.0
0.0
0.0323741629144
0.0
0.0
0.311594070466
0.0281238757076
0.0345918693032
0.362457531332
0.453757451764
0.0296468252839
0.0338657684923
0.254726784594
0.338204802038
0.0
0.326759409396
0.322673731795
0.379238370304
0.337843032182
0.0353313658675
0.258479663797
0.341739740237
0.385596943715
0.779679795561
0.57662609413
0.0
0.535259581994
0.347798868571
0.568326262719
0.0
0.360592284768
0.980861662829
0.0
0.0
0.983681753684
0.295142606518
0.565540989501
0.0375174431051
0.360293049959
0.418089807693
0.646822955425
0.828562874918
0.499253019751
0.302089443131
0.537267233788
0.468574210192
0.25082083711
0.42146152841
0.168259753756
0.517552478619
0.409266921122
0.0395347177622
0.872481472002
0.424085159133
0.0401527864444
0.0
0.31865624377
0.555642319275
0.674801310933
0.0
0.0
0.34447559533
0.411347277757
0.428436779896
0.412075270267
0.0303527993395
0.54342251141
0.0361402161911
0.146548721213
0.871388455217
0.670888941276
0.466288305797
0.456409013032
0.0
0.671196316935
0.512392926932
0.208303650307
0.305316852515
0.367182587162
0.36153608863
0.43284909409
0.463542596203
0.5224070963
0.729414266081
0.498975152432
0.0450153192928
0.0
0.53175933111
0.375316765183
0.487305562963
0.0
0.387711665369
0.377853963454
0.707392934437
0.0
0.601963279473
0.0330516470665
0.824205441104
0.0400323558858
0.389907714526
0.454989747583
0.377595349713
0.380846440406
0.918627010759
0.324812899052
0.856682536212
0.453158469003
0.275526682365
0.591429716764
0.451488415351
0.679544702991
0.195334955955
0.700867960335
0.402147412441
0.361585948077
0.483260441107
0.425428396418
0.408439156433
0.0
0.374644456284
0.453970059286
0.570869314926
0.0
0.0
0.433223524354
0.0
0.64499440491
0.514828006225
0.309829330841
0.577927103946
0.0457097430433
0.15213534508
0.378539130252
0.548017249577
0.486976244736
0.510786336254
0.0
0.879056012729
0.630890463468
0.236336137352
0.507103671898
0.664288982595
0.753378911832
0.564633265334
0.21038834025
0.0446387940636
0.289130847451
0.485342528333
0.0421620685861
0.647837178511
0.573673632051
0.0
0.509164009248
0.0388379015831
0.714328853976
0.0
0.0
0.686567038257
0.0
0.0
0.251809892997
0.396449444679
0.0515988436247
0.411348276632
0.544814458923
0.041318598173
0.699426140604
0.251118513349
0.691203423661
0.0
0.586365870595
0.517797169704
0.369578281653
0.735490303734
0.890758005353
0.277704819758
0.661807382486
0.0
0.0
0.0
0.0
0.0
0.0
0.0
0.0
0.0
0.0
0.0
0.0
0.0
0.0
0.0
0.0
0.0
0.0
0.0
0.0
0.0
0.0
0.0
0.0
0.0
0.0
0.0
0.0
0.0
0.0
0.0
0.0
0.0
0.0
0.0
0.0
0.0
0.0
0.0
0.0
0.0
0.0
0.0
0.0
0.0
0.0
0.0
0.0
0.0
0.0
0.0
0.0
0.0
0.0
0.0
0.0
0.0
0.0
0.0
0.0
0.0
0.0
0.0
0.0
0.0
0.0
0.0
0.0
0.0
0.0
0.0
0.482189167673
0.338563281523
0.503021936664
0.306495886157
0.0396471638325
0.46926793739
0.444976429066
0.0402687810217
0.0
0.182108236003
0.923908614662
0.844900997699
0.0
0.363541670701
0.354127304631
0.418608219696
0.330849811195
0.173230349983
0.0304190358906
0.487384136215
0.397691997578
0.961488212826
0.428037875623
0.530093055156
0.249968163586
0.368683559506
0.910091127304
0.603838149
0.499068008271
0.358517331244
0.373306901003
0.714713743624
0.4051942486
0.640540063757
0.413912399081
0.0
0.0
-0.00391824749008
0.300134970047
0.0
0.385729874444
-0.00439513754201
-0.00404649614645
0.219845188248
-0.00500083307895
0.0
0.36703551429
-0.00379025089981
0.136661185809
0.0
0.0
-0.00408493347017
0.0
0.0
0.310903629722
0.0
-0.00410314429946
-0.00448986326109
0.149925186604
-0.00392917320913
-0.0045458565019
0.254098927141
-0.00415635848053
0.0
0.326000207274
0.313944806982
0.373234058549
0.250212063991
0.207763614056
0.274792250093
0.235795570533
0.276007833489
0.0
0.0
0.184348915993
0.720139851091
0.0
0.499363850097
0.0
0.443289549475
0.0
0.663258329983
0.0
0.0
0.0
0.449972889562
0.567735257112
0.0
0.0
0.550057755621
0.0
0.466012116448
0.0
0.0
1.0
0.0
0.437894842141
0.0
0.0
0.891866812864
0.0
0.0
0.0
0.0
0.0
0.581021692675
0.0
0.0
0.577927103946
0.919167756958
0.0
0.0
0.0
0.0

Topic 3
Mean 0.36846667003
Median 0.361514786558
Sum 176.095144221
0.32971292645
0.326038015931
0.219806543888
0.0460212576112
0.293570967162
0.474024730917
-0.00437597990195
0.302320373681
0.18662145175
0.0
0.0373010644233
0.622212852914
0.309651081933
0.346372744325
0.243832816466
0.0
0.0
0.0
0.0
0.756703036997
0.0
0.371323284435
0.523695233848
0.3637605254
0.0630776126542
0.612949026745
0.228729671541
0.575509929388
0.344474948987
0.222876792962
0.313042065986
0.350621212232
-0.00405476008583
0.432446006893
0.0
0.532395773551
0.0
0.0
0.40041483913
0.0
0.0
0.0
0.0
0.395903814941
0.0
0.0444973206307
0.455962613561
0.260842103757
0.672695230395
0.274862680532
0.482944011108
0.0
0.255821023525
0.0415289967267
0.468827645738
0.336128278231
0.590269170907
0.452672546013
0.327335296402
0.230501043381
0.603758983542
0.0
0.258803554706
0.410829297374
0.0
0.557106303418
0.503874914742
0.899483853236
0.699499263999
0.509238960007
0.329255262187
0.682028139506
0.0
1.0
0.401133804242
0.0
0.714411750343
0.643836045103
0.0
0.0
0.592312720674
0.505033517791
0.0
0.343890983504
0.0
0.0
0.0
0.0
0.0
0.0
0.353661826119
0.0362617298966
0.307371832562
0.189089117718
0.0405096717692
0.376102950415
0.247108219039
0.0
0.621389158787
0.333686403171
0.0
0.279031902113
0.23342591839
0.333642869363
0.0
5.68246674119e-300
0.224456647958
0.179901874313
5.17735844114e-301
0.203034374004
0.182619939209
0.0
0.189622625893
5.17735844114e-301
0.0
0.204906830961
0.311206706773
0.18123477784
0.0
0.205958578423
0.852065834454
0.60325174378
0.554094936974
0.279870941454
0.33242239321
0.413153613741
0.0
0.493623212803
0.299240053592
0.0
0.367902255554
0.313742035257
0.446851760347
0.0
0.33689538916
0.376630091424
0.631768538138
0.353628000334
0.343821968181
0.389695841943
-0.004529639317
0.344216367198
0.0
0.382619629474
0.351351319343
0.0
0.0456207864332
0.415388885319
0.71398731928
0.0
0.0370043462056
6.59139644353e-300
0.536483409548
0.0
0.0
0.0
0.0
0.0
0.0
0.0
0.0
0.0
0.0
0.0
0.0
0.0
0.0
0.0
0.0
0.0
0.0
0.723927699714
0.290552082843
0.370950684495
0.0552127366273
-0.00547705712253
0.0431191338231
0.0
0.46011222913
0.395004325259
0.0
0.0530336935647
0.0369398759105
0.654628586919
0.0
0.0417363012598
5.17735844114e-301
0.601508907312
0.850177389276
0.0
0.459698122355
0.391460865802
0.409230039753
0.0525785220543
0.0
0.0414955487831
0.0
0.37084508721
0.0425219047361
0.409015965319
0.0505987164958
0.455036162032
0.0400691604357
0.0
0.0402133442287
6.59139644353e-300
0.384754764631
0.812112964195
0.0
0.0546637249315
0.243456300307
0.60908319432
0.213935721113
0.733001662401
0.0
0.236452815389
0.0
0.500249478715
0.215848215938
0.0
0.49814137284
0.0288533163044
0.402476098358
0.0
0.0316987334601
5.17735844114e-301
0.584585358259
0.2482619228
0.0
0.2787203915
0.0386388137746
0.377506661366
0.426692125167
0.800663629867
0.542023323574
0.258887125082
0.458665383077
0.419414159717
0.692506356984
0.315744417496
0.0
0.811520297039
0.664396937175
0.767628936158
0.339307381638
0.262582526451
0.193654526378
0.486849227881
0.470310437728
0.0
0.413162438134
0.521784490267
0.422682135503
0.342430312914
0.221678307662
0.38313707474
0.0461280057617
0.0
0.775434006588
0.419330755574
0.564518830205
0.592093952272
0.0
0.0445971085026
0.0326391445748
0.474806563354
0.590530042405
0.353767743113
5.17735844114e-301
0.60969288489
0.349224490932
0.0
0.392318198662
0.0457441716681
0.21472393825
0.51746953316
0.0
0.0
0.542440914701
0.0
0.0
0.0
0.0
0.337302355186
0.0
0.368589166299
0.553831010107
0.0
0.0
0.528653066868
0.0
0.0
0.440529821206
0.0
0.0
0.0
0.460865120717
0.0
0.71653054535
0.35380770917
0.0
0.0
0.0
0.0
0.0
0.0
0.0
0.0
0.0
0.0
0.883886052498
0.0
0.0
0.0
0.0
0.0
0.0
0.0
0.0
0.0
0.0
0.0
0.0
0.0
0.618865240239
0.0395370920602
0.256673867664
0.32948483741
0.588027817854
-0.00431934892301
0.45518552889
0.0
0.519503794262
0.542765935736
0.0
0.56912118244
0.431298471433
0.447577011269
0.0
0.325625470933
5.17735844114e-301
0.246139384467
0.368901706461
0.0
0.0461352950196
0.04428151059
0.450145330239
0.47270667436
0.576191868879
0.0
0.0
0.0
0.0
0.403150654707
0.0
0.0
0.0
0.419330755574
0.402824732108
0.0
0.0
0.0
0.0
0.0
0.0
0.0
0.0
0.393928037261
0.0
0.0
0.0
0.0
0.0
0.449972889562
1.0
0.370806493127
0.0
0.0
0.374154913764
0.807960225124
0.311307289312
0.732255564514
0.13957675947
0.653459332054
0.0
0.345282621587
0.328073024608
0.0
0.569779760829
0.64988168974
0.888149952815
0.0
0.141511656545
0.134320295052
0.321386367881
0.382281244056
0.0
0.434529660375
0.0428729428947
0.567243555859
0.453404851514
0.326217936547
0.576422297272
0.63884707596
0.485155416797
0.0
0.371017924304
0.238314047034
0.560494639867
0.0428028043627
-0.00442434133895
0.0351583410916
0.0
0.341553057233
0.325658676484
0.0
0.0414815045051
0.0309384795291
0.523898277119
0.0
0.0342335037904
5.17735844114e-301
0.319069085847
0.379007105472
0.0
0.430304318576
0.0424721157648
0.230295615831
0.337902061988
0.32383071574
0.0
0.0
0.0371380372519
0.0
0.35206052069
0.0
0.0
0.0
0.0
0.0
0.0
0.0
0.0
0.0
0.0
0.0
0.0
0.0
0.0
0.0
0.0
0.0
0.0
0.0
0.0
0.0
0.0
0.0
0.0
0.0
0.0
0.0
0.0
0.0
0.0
0.0
0.0
0.0
0.0
0.756703036997
0.0
1.0
0.575509929388
0.0
0.0
0.0
0.0
0.0
0.0
0.0
0.0
0.0
0.0
0.0
0.0
0.0
0.0
0.419414159717
0.419330755574
0.0
0.0
0.0
0.419330755574
0.0
0.0
0.0
0.326578911212
0.258153488105
0.495027015004
0.592324952407
0.853280994047
0.722132177777
0.788463150112
0.635802315592
0.400016993679
0.382738258183
0.573145485499
0.0320537203068
0.450062211438
0.982289342092
0.0356042085428
5.17735844114e-301
0.390232716209
0.332752960485
0.0
0.371651023514
0.359269047715
0.452659213851
0.651401253758
0.761431652654
0.597916452657
0.0
0.510516583502
0.610654186365
0.488076810653
0.309618797771
0.0
0.788463150112
0.346875311496
0.501642598689
0.668898033276
0.514842446948
0.313336093515
0.4832665939
0.9064627757
0.339722118621
0.789713397441
0.371480567645
0.347446555498
0.611736215752
0.547543550021
0.0
0.317307125779
0.173307067707
0.314301231349
0.429568246455
0.0
0.384513798782
0.47210704618
0.21143686936
0.679200526119
0.408069966906
0.319410858613
0.0
0.325184661344
0.0
0.496564453972
0.554772120031
0.0
0.9064627757
0.392137748729
0.040920897644
0.0365094593122
0.0347143212612
0.0464132509074
-0.00474292662592
0.0375581654224
0.0
0.053874120701
0.0383970180145
0.0
0.0448636796781
0.0327816993683
0.0363858017667
0.0
0.03650465643
5.17735844114e-301
0.41372049555
0.0418691021803
0.0
0.0480305882467
0.0460246750445
0.0352024546009
0.0371391893653
0.0410052742536
0.0
0.0
0.0398260603853
0.0
0.0386830247396
0.0383564155814
0.0
0.0
0.0400855014742
0.0347619578151
0.0392818539066
0.29839954376
0.345973391194
1.0
0.366203788623
0.346372744325
0.0
0.53434386486
0.558985513802
0.0
0.558457773629
0.327335296402
0.440955404137
0.0
0.371639518767
0.200755489235
0.328930709055
0.389695841943
0.0
0.0457881306788
0.0439615881561
0.634158285147
0.465326769877
0.9405293616
0.0
0.0
0.544790801473
0.0
0.625956073414
0.0369127460683
0.0
0.0
0.501919621705
0.514842446948
0.0395670898519
0.325721766839
0.268214398827
0.610850475278
0.335506355863
0.13106790209
0.488170372941
0.0
0.289658416413
0.304448050377
0.0
0.262042430494
0.44096819696
0.278162177613
0.0
0.13277263945
0.126422124518
0.284986768679
0.333482760716
0.0
0.370541360568
0.0367701774724
0.214742494317
0.299917095154
0.288779427855
0.0
0.0
0.319978005818
0.0
0.311018958924
0.559979137229
0.0
0.0
0.277423645549
0.49769395537
0.033644714277
0.335506355863
0.0
0.0
0.0
0.0
0.0
0.0
0.0
0.0
0.0
0.0
0.0
0.0
0.0
0.0
0.0
0.0
0.0
0.0
0.0
0.0
0.0
0.0
0.0
0.0
0.0
0.0
0.0
0.0
0.0
0.0
0.0
0.0
0.0
0.0
0.0
0.0
0.0
0.537786107857
0.684107969206
0.888617118043
0.0398342614406
0.193875117721
0.175176188301
0.0
0.312537077719
0.325911715199
0.0
0.195581735263
0.299158869881
0.449470740809
0.576625861687
0.31182244138
0.384287500024
0.467157063094
0.548523011839
0.0
0.616685231804
0.382231453085
0.215877220379
0.823688374882
0.383998777669
0.52925506033
0.0
0.318217705961
0.404104844958
0.328120904719
0.590543980551
0.0
0.0
0.49618738918
0.700578040598
0.542477407156
0.327073515133
0.526293911438
0.0
0.330410260858
0.331856284954
0.524930027869
0.0398590056648
0.0
0.033147452735
0.0
0.476143868485
0.495612192399
0.0
0.0387107651141
0.0293705708012
0.330860636564
0.0
0.299864933073
5.17735844114e-301
0.74405092432
0.336731426965
0.0
0.376620949622
0.0395720871868
0.321293501665
0.58933376121
0.523334216985
0.480877860379
0.0
0.575053741363
0.4504174273
0.31529096087
0.31306043931
0.0
0.0
0.552444008324
0.28809962114
0.035975447134
0.497299966405
0.280183564027
0.0
0.526235010067

Topic 9
Mean 0.393577704494
Median 0.355609506329
Sum 257.246232296
0.439535870537
0.368428998074
0.839385727088
0.670776178507
0.573580346757
0.922400009106
0.653288477261
0.786986157235
0.697427963501
0.67757059802
0.28370908299
0.761496886846
0.363343833935
0.628786323914
0.365833447557
0.248182654406
0.215049802549
0.225535024989
0.236768207479
0.254550682971
-0.00404680329436
0.180724306736
0.157931096502
0.197043241279
0.39314549227
0.185061051233
-0.00379420231578
0.211028761375
0.550370909405
0.54254334243
0.633532722531
1.0
0.487893969002
0.454989747583
0.284353623862
0.205171978304
0.455555937399
0.459868203856
0.452914733549
0.53175933111
0.917182649664
0.315225586574
0.379560402586
0.201497394831
0.53175933111
0.531159212822
0.399249614222
0.546799234866
0.328478110763
0.356968755688
0.309040745291
0.310481678731
0.313085159971
0.334180655714
0.298611914597
0.308229304988
0.263841663498
0.684881027223
0.343373482213
0.282035653417
0.200204060121
0.37455049904
0.199023073737
0.267454005336
0.357411785186
0.29550230342
0.432152918233
0.617976873025
0.433333385128
0.677343304125
0.986385615628
0.411015343475
0.155051129728
0.144095275782
0.389907714526
0.147852624442
0.431588766329
0.145987015012
0.401669284984
0.403808101901
0.563767407334
0.438751065349
0.746301344035
0.0
0.270287238838
0.195717889146
0.51722245092
0.258129993918
0.321023189196
0.254973221291
0.143496937324
0.384253488206
0.0281444326005
0.281823017581
0.300961344003
0.297602290411
0.0305622300951
-0.00431350481404
-0.00402768751866
0.0370574635312
0.358492281309
0.0299468318951
0.0303796719228
0.0487242662707
-0.00401200007649
0.734402110522
0.548118119171
0.938191330028
0.861256800388
0.825885751628
0.324282941773
0.338142935408
0.189352085814
0.986465962253
0.477824495613
0.36399513577
0.31961513814
0.565321215328
0.4657356485
0.322158751781
0.28159233845
0.521306574975
0.34711719147
0.450751055103
0.35024830567
0.372051928839
-0.00572499047315
-0.00523220077717
0.450751055103
0.0457881306788
0.343423508264
0.268004666798
0.0736446187116
-0.00520575819708
0.0410995153067
0.047411675411
0.198803005707
0.611186624981
0.363027509356
0.181455972151
0.202868342572
0.785190539416
0.308458316221
0.165944001135
0.36153608863
0.296739835384
0.262720412368
0.499464706785
0.327824256155
0.212739600504
-0.00342071553575
0.268136625629
-0.00425207606059
0.406465255525
0.276650410846
0.852303421915
0.864534527843
0.768289220416
0.211143903503
-0.00389875072805
-0.00366375786036
0.24513561669
0.377355239047
0.439781338113
0.681278771784
0.689896379877
0.0
0.345845371894
0.506339131161
0.287978533633
0.0
0.0
0.686003908688
0.982289342092
0.0
0.502702940182
0.873732818939
0.0
0.0
0.387711665369
0.0
0.276167677374
0.0
0.35118850081
0.54206415187
0.0
0.0
0.0
0.393209943796
0.0
0.658572285107
0.0325575337244
0.19454123153
0.0644507219822
0.459565997338
0.0358371858688
-0.00518308158258
-0.00477585024214
0.0451080975335
0.0417214224212
0.65789277778
0.0355864297858
0.619374238425
-0.0047538094143
0.212661354785
0.47127799297
0.0512425326835
-0.00394567792413
0.544209360647
0.0
0.405386017553
0.0
0.0
0.435250759728
0.376759967522
0.0
0.0
0.0
0.707392934437
0.0
0.0
0.0
0.0
0.0
0.0
0.900450208668
0.0
0.0
0.0
0.0
0.0
0.215324363642
0.903517372296
0.301722293749
0.33339069663
0.275021327612
0.854634448674
-0.00398065492939
-0.00373599477746
0.37942387919
0.0339592145667
0.270795694093
0.207288185151
0.343796177078
0.0
0.0313101205596
0.034844154118
0.569765255811
0.324411627318
0.219038648093
0.760684451822
0.0368698852095
0.0
0.442353070223
0.268781820518
0.800810104964
0.918627010759
0.785235069957
0.402694355312
-0.00428821283374
-0.00400562766825
0.918627010759
0.644485356151
0.327057524247
0.210633750111
0.472271108521
0.0
0.35436365445
0.570007710042
0.398237224317
0.0
1.0
0.0
0.411156059354
0.0
0.303763897737
0.0
0.481545018335
0.585389500923
0.0
0.427196890021
0.428568178105
0.0
0.0
0.561624998905
0.0
0.323630236268
0.0
0.490504191379
0.0
0.0
0.0
0.0
0.353030805226
0.0
0.382582833204
0.0
0.731579183056
0.350148848029
0.0
0.230459133085
0.201614557325
0.210802587832
0.216349129226
0.23594007175
-0.00376162262976
0.365727788946
0.194654431308
0.261327124434
0.349369354173
0.289983214406
0.345120289077
0.142696228061
0.249398862961
-0.00399099411138
0.312852747427
-0.00517044697885
0.288217443492
-0.00363337087067
0.0
-0.00472434593185
0.0
-0.00370440288377
-0.00396933329257
0.0
0.324956209043
0.0278212823837
0.0292796841712
0.0482053649732
0.377908964452
0.030181548943
0.0
-0.00397333133943
0.0364992574941
0.0342496823899
0.356396476525
0.0300034970645
0.466709319023
-0.00395806366137
0.0315568736242
0.385792978073
0.0404140214339
-0.00338142793871
0.502644347019
0.0
0.407393216721
0.0
0.0309107018397
0.344549521637
0.0
-0.00393761725937
0.41137364143
0.541304452357
1.0
0.93936373724
0.626132256009
0.590207395633
0.279003287192
0.201583916778
0.651159477351
0.415238776743
0.475470780244
0.283786424382
0.328339777044
0.508214738068
0.0322795127453
0.914064504468
0.405292542081
0.292174888519
0.298659468537
0.308902405373
0.0382215463982
0.0
0.307851642263
0.723627883532
0.874536034436
0.256801330433
0.0318551459652
0.650044560805
0.614565282516
0.418838562376
0.92218517646
0.610556997331
0.689648629459
0.172514968007
0.292531138185
0.411488487902
0.535203638912
0.429048653565
0.193141499539
0.37236897467
0.162145433451
0.326745633785
0.348576716003
0.354822536133
0.347568529035
0.342342983983
0.37169316431
0.0387430645034
0.0
0.364069326054
0.502302011429
0.383032746585
0.161414843574
0.0322165776056
0.862199113416
0.266187267684
0.645931047669
0.916880435049
0.399552190215
0.643948879536
0.843477824271
0.226948861245
0.166161408504
1.0
0.464400460866
0.30966839837
0.732314627336
0.412026395833
0.317876654167
0.169513932325
0.796042135495
0.743001671584
0.685333391496
0.343662853117
0.375187110631
0.32521717797
0.0
0.464982346727
0.319648834632
0.440286344979
0.212037241624
0.277546729909
0.529316781012
0.399461286996
0.29234149372
1.0
0.556265526006
0.797612381861
0.525067766734
0.613962160267
-0.00409327980417
-0.00383502852556
0.797612381861
0.815526315228
0.278032854643
0.213234118988
0.0493833200587
0.508496222386
0.0322557599509
0.335610276896
0.4049082137
0.0
0.22568861097
0.538166445849
0.0381882483749
0.0
0.637000457308
0.406864513961
0.0
-0.00380174701743
0.0318320133801
0.41219594316
0.313550943059
0.516354037728
0.577561698207
0.717665392941
0.785588465236
0.856682536212
0.493274074442
0.652720921693
0.335843483585
0.338589547231
0.856682536212
0.3404283194
0.757825848066
0.357688167975
0.137920898817
0.345930061499
0.314572370776
0.74079745641
0.382882758752
0.391365390371
0.454021508142
0.428016962196
0.234775158907
0.0
0.29042943922
0.464646888118
0.380836414892
0.311988046932
0.0364018369854
0.67526172123
0.778829525675
0.723918364919
0.697380159936
0.581946429857
0.759962255764
0.889278252184
0.648949369021
0.638232272398
0.361306246929
0.224555099048
0.16450973284
0.527015479946
0.504919265594
0.276245555976
0.574612594029
0.383895529121
0.415063281803
0.302917455692
0.482492903932
0.344564574574
0.183349496642
0.574626084886
0.0
0.389745470046
0.0
0.27150466643
0.587542041341
0.513355511626
0.209946259297
0.0303614256743
0.621855033544
0.606489231774
0.705215648386
0.470324153743
0.56130620903
0.170859717472
0.150345647945
0.185374240137
0.367477246359
0.174730881701
0.0
0.197700538173
0.346716015564
0.192551175639
0.189311189922
0.752993923676
0.187125480588
0.135366034951
0.184200748524
0.0
0.178551287996
0.0
0.157589663168
0.0
0.0
0.0
0.0
0.0
0.0
0.0
0.183258466519
0.0
0.189387560961
0.278078347521
0.157785718183
0.0
0.319376804999
0.156295611091
0.456249808305
0.419880518154
0.385445381572
0.41137152763
0.896121767112
0.292306559681
0.24196467869
0.521825780898
0.35211443256
0.354436282049
0.441904432515
0.229618626292
0.490066716712
0.337537684263
0.326496031334
0.675562663632
0.407326865872
0.194793208761
0.523259128246
0.0
0.423062906078
0.0
0.30389917514
0.48354847565
0.0
0.225087927818
0.409315094888
0.346598988166
0.485182123281
0.586267378281
0.313703373673
0.586951657375
0.414019649214
0.322135066052
0.204088609168
0.777190697625
0.304933158631
0.293725783796
0.670886758599
0.392421316719
-0.00396937845242
-0.0037260601287
0.374605266811
0.0320238356877
0.294385957949
0.196855128064
0.352879017559
0.510399122421
0.029657567982
0.0328096148798
0.340070236051
0.320882511489
0.207422379018
0.540298354467
0.0345996124841
0.0
0.334895667714
0.268996223065
0.400892722392
-0.00369463532149
0.0292989578814
0.33187518343
0.359630541059
0.444976584507
0.949812221723
0.508717781236
0.241779306524
0.0
0.531590160176
0.540536668499
0.480432586446
0.298243919577
0.603187108551
0.729405456414
0.292651701449
0.341017205473
0.336919749963
0.616034082445
0.326751512373
0.302698675455
0.323031871038
0.54293552816
0.349528325798
0.0314153207954
0.62354453103
0.273116327233
0.272648059791
0.318108030679
0.0
0.0370158506338
0.5912131211
0.210332950577
0.213778337227
0.485827569122
0.597390103718
0.0310132307523
0.87396467852
0.448632574946
0.299899540397
0.30184570022
0.632962878754
0.525122004147
0.317890715568
0.506335306183
0.199599084766
0.337169787706
0.202422612345
0.211686132208
0.217547919024
0.394529144595
0.0313387845392
0.367684021873
0.195624315955
0.262686320056
0.351154075308
0.369036010435
0.656182158857
0.495675730751
0.250636515778
0.0328241931956
0.403129765593
0.0425162764672
0.289430980778
0.528156822962
0.0
0.426774461116
0.0
0.0321256533519
0.358311531947
0.0
0.339282071908
0.412305908321
0.258113737042
0.162081203815
0.287539459564
0.0331219801174
0.3134105046
0.210822625011
0.18411786172
0.426075046969
0.030388280213
0.317911511355
0.359351002355
0.411845310061
0.563767407334
0.438751065349
0.746301344035
0.287057421143
0.233822325811
0.170892796554
0.449117607249
0.224668567417
0.285576265579
0.222273377118
0.124866634858
1.0
0.03116883509
0.409781489932
0.691621493761
0.189481281784
0.218045269269
0.54206415187
0.0366741253076
0.0
0.441511265246
0.302398670261
0.0
0.218025225246
0.0307729901673
0.44231027389
0.276691225994
0.558107484868
0.508496222386
0.305119024879
0.370033863498
0.162046023418
0.302437713214
0.510399122421
0.3079149299
0.218970487574
0.635100959909
0.535159856474
0.539052647595
0.644320035194
0.682603574082
0.582909892825
0.305075098127
0.16715522932
0.609893640951
0.321379534769
0.544037782575
0.432888477702
0.439447846933
0.319771350339
0.0453044037578
0.6172542175
0.46011222913
0.249177091343
0.468475785765
0.0
0.0579483029103
0.885779324366
0.30615624111
0.383564400967
0.47943474985
0.2852615401
0.044472887854
0.607909187914
0.690582320524
0.398706038797
0.368917479392
0.666722205048
0.485115043809
0.158681603104
0.346395631523
0.283931011868
0.555956231423
0.28645026208
0.304219029901

Topic 7
Mean 0.317768969674
Median 0.321070484903
Sum 181.65499114
0.520184082485
0.572752942176
0.509134573961
0.704724442089
0.610814554969
0.776165030488
0.465291101472
0.442478504482
0.295685967191
0.442174964678
-0.00409320246682
0.133150756459
0.329822828144
-0.00423704240554
-0.00376302737648
0.364856077469
0.326851912949
0.329781884645
0.396306173739
0.310727293575
0.249901607906
0.444475783492
0.423612865568
0.282979733693
0.409726913628
0.405606032526
0.12089709536
0.296726073057
0.530347126294
0.342379810546
0.818522989794
0.419367208287
0.324728089984
0.366566806761
0.366321782089
0.311962994642
0.723627883532
0.446909340011
0.494555191349
0.576638665623
0.0296295102525
0.265424561969
0.37392365389
0.384743584939
0.332460637809
0.33118448358
0.0328547699803
0.323661417722
0.0605580489427
0.0311445293764
0.0
0.33443334893
0.0351732649418
0.373875219324
0.0344341723647
0.779205302182
0.451502491283
0.365126957845
0.535855474861
0.280511178628
0.227741161839
0.323404827993
0.439650850474
0.71535832953
0.548458904376
0.304612362035
0.502481425917
0.475980157263
0.318271719311
0.379800141964
0.453364949606
-0.00407562192092
0.335766624518
0.605301691398
0.352174363677
0.938986755154
0.03666156815
0.300758814922
0.0
0.143816359379
0.356526210916
0.0
0.0
0.392317595537
0.27081936138
0.129625606064
0.399851618152
0.289145022112
0.0
0.244985570982
0.0
0.800810104964
0.409649342702
1.0
0.410966126153
0.412871784531
0.21657853235
0.308284403146
0.377848702148
0.744618642597
1.0
0.0314443750902
0.36183762312
0.418963299356
0.232116250269
0.0
0.0
0.0
0.0
0.0
0.0
0.0
0.0
0.0
0.0
0.0
0.0
0.0
0.0
0.0
0.587542041341
0.2931718361
0.295526911852
0.604448102808
0.367749440772
0.215674735098
0.310551649403
0.385261220174
0.447856752102
0.621855033544
0.0326953958363
0.509386109492
0.403998636743
0.231078432038
0.889278252184
0.0
0.488299507024
0.427331117735
0.419152467161
0.551210412386
0.409013622705
0.234225304367
0.338535067369
0.859285618325
0.490201668176
0.421370141094
0.0420450797724
0.727779248213
0.437476423505
0.258277797491
0.788133049929
0.0
0.577496348302
0.322344058416
0.0306314275191
0.315980029767
0.300551192375
0.0291395698776
-0.00377997277308
0.28940747951
0.295224969817
0.80612948983
0.576743423376
0.305877948493
0.299691285108
0.305926213994
0.0
0.258838612737
0.0
0.334000030405
0.288497981457
0.464646888118
0.304075381732
0.82938011697
0.599719111303
0.420865652523
0.32130590646
0.33668547214
0.819477902766
0.466368910777
0.67526172123
0.0398089845158
0.798721323114
0.434647458953
0.346595115936
0.785588465236
0.0
0.56130620903
0.946493085181
0.636293443787
0.211185147896
0.120142278106
0.297311140347
0.355222977789
0.0280889406441
0.32179254977
0.224576403001
0.218038897194
0.326843890111
0.284464950157
0.0323708582205
0.206517594411
0.226217579047
0.704995744749
0.280392856631
0.0
0.332439093147
0.305042274115
0.196313185683
0.39713634755
0.0
0.0
0.0
0.392631135297
0.371866157997
0.0
0.0
0.348645691824
0.0
0.0
0.0
0.0
0.0
0.0
0.729448231397
0.0
0.0
0.317112793859
0.0
0.375738320403
0.0
0.243804332041
0.0338752550245
0.0373218015685
0.606512649566
0.0320600575428
-0.00428860117166
0.0362538187853
0.287420685947
0.0396542258658
0.324065597188
0.0377611523901
0.0320918541016
0.264061867588
0.0
0.650915578764
0.0
0.564220025828
0.514029031232
0.305710394776
0.573206449654
0.359093136665
0.0
0.331726311086
0.461382308666
0.609506778571
0.725707444221
0.286370270812
0.192307818508
0.318235857112
0.679885535836
0.332937480057
0.1928214702
0.0331762926011
0.440783125925
0.307504436572
0.208229082358
0.946332868669
0.0
0.883628290713
0.765065038864
0.17393502244
0.820317909743
0.172995897584
0.0
0.0342171650597
0.386047192499
0.0340553583826
0.43724988792
0.397500166795
0.0322213304999
-0.00439086053609
0.347183988936
0.347970078148
0.507990559311
0.340546527722
0.37115952609
0.410624963132
0.36293359101
0.0
0.309119764303
0.0
0.369186400467
0.33570304332
0.48229207785
0.450731468459
0.415385432176
0.0
0.40235265881
0.0344009322685
0.0310360190008
0.0280893321147
0.0304186009933
0.0461322600237
0.0268297262779
-0.00371079407389
0.0297053830101
0.282043125533
0.350879309715
0.298692602695
0.0307098202672
0.0268519908189
0.030825909236
0.0
0.735901563475
0.0
0.588988655163
0.61099947944
0.264581503874
0.492372453799
0.0277348609296
0.0
0.527501677657
0.0283240150323
0.0317562666283
0.341579178095
0.283913245851
0.387936406418
0.288638500307
0.0287881132117
0.350184246866
0.306832618065
0.118109477385
0.552548355861
0.258005723928
0.325409816565
0.366833472901
0.0334395466299
0.380437647526
0.211613476162
0.0
0.210750560411
0.279006000912
0.317462513323
0.313293493038
0.313756150622
0.0
0.0343519437943
0.187288481203
0.439699418503
0.0284163037125
0.0482962913627
0.0415185830492
0.236050556322
0.553747111009
0.0388244163224
-0.00469926911042
0.045149114699
0.244368905677
0.0505471203411
0.0440731751946
0.0475109713243
0.0388710556505
0.0477894060032
0.0
0.22109365875
0.0
0.43988020562
0.293706529947
0.510760460502
0.274569435442
0.0407487955894
0.0
0.0496749708961
0.236522269096
0.0500632197485
0.0381512027503
0.0422369327686
0.0318875446803
0.0287850268424
0.163135622569
0.270316522729
0.0274637219538
-0.00381093523989
0.0304845409052
0.256453049448
0.032853449543
0.257737106474
0.0315433000346
0.0274870516222
0.0316657885067
0.0
0.155849212302
0.0
0.444247558557
0.402439653452
0.350285054348
0.284302207133
0.0284128959949
0.0
0.485647869683
0.163360785654
0.0326483413274
0.2641490109
0.029128494388
0.468570123204
0.0
0.0
0.0
0.0
0.0
0.0
0.0
0.0
0.0
0.0
0.0
0.0
0.0
0.0
0.0
0.0
0.0
0.0
0.0
0.0
0.0
0.0
0.0
0.0
0.0
0.0
0.0
0.0
0.0
0.37567530349
0.0331687177636
0.425771765543
0.0616333194659
0.0314265027718
-0.0042037634177
0.337763818507
0.0355333282592
0.612654890607
0.0347791884956
0.360413506811
0.400485921937
0.0370529167142
0.0
0.0317318291072
0.0
0.0330062907578
0.0425606090351
0.346707886339
0.0402708356861
0.0326755830668
0.0
0.0381764612691
0.033496445087
0.488946146727
0.0309839424995
0.552286145504
0.0481703024672
0.0318325738941
0.0
0.300972674589
0.0299982324185
0.476137619942
0.479356483447
0.448762552418
-0.00398661067923
0.0318486292479
0.415376967081
0.417944068698
0.478843436022
0.0330060594346
0.0285912137416
0.322818393847
0.0
0.416650645368
0.0
0.269272632215
0.410386316177
0.436151252679
0.454413868581
0.205993096633
0.397816546867
0.236910685673
0.0302660484921
0.509202859088
0.370067429263
0.030371450112
0.0417604767279
0.0289010908123
0.0
0.0333229191471
0.0
0.0
0.486210042397
0.369892408386
0.351406318832
0.0
0.0
0.702517301818
0.359283420726
0.488811950623
0.0
0.0
0.0
0.0
0.33140554639
0.0
0.0
0.680196342724
0.0
0.4002663125
0.0
0.319378596118
0.0
0.342685523144
0.0
0.351377440863
0.0
0.0
0.0
0.0
0.0
0.470369712406
0.357374697961
0.320835063345
0.323657689446
0.387495010397
0.30528451732
0.0
0.738944535914
0.291758823183
0.358780794428
0.0325371994259
0.0343733750383
0.305563892007
0.329420272661
0.0
0.283724169633
0.0
0.305114970832
0.332084636201
0.0319473373738
0.31694290191
0.0306888572282
0.0
0.0354919834657
0.312529274413
0.0356897384406
0.0291919598186
0.0315253782133
0.0439736256517
0.0299440758167
0.0
0.0347171678348
0.0312591813566
0.0
-0.00427460577464
0.138850642171
0.34408829029
-0.0044317223722
-0.00391579935936
0.377309620801
0.261063091955
0.125577711749
0.384273130297
0.278050760436
0.0
0.236974319067
-0.00425543607189
0.412668038238
0.224912193196
0.0
0.223937660366
0.246955431542
-0.00393415194455
0.334829031276
0.335357534009
0.0
-0.00448815949603
0.20080657157
-0.00460028140068
-0.00385927066905
0.366308470298
-0.00493994835022
-0.00396770295418
0.0
-0.00439532811342
-0.00415849072871
0.0
0.0
0.316356363115
0.0322915220562
0.0354085101594
0.23341548543
0.0306379423996
-0.0042036792759
0.0344458080499
0.327371497813
0.0375012175266
0.320792520258
0.0358037307291
0.0306669793907
0.340582244445
0.0
0.283222131087
0.0
0.498106268659
0.44613954702
0.302680404729
0.319488768967
0.216056267932
0.0
0.550748246439
0.0326020629849
0.344366409468
0.294259706773
0.0327243957386
0.0463420591303
0.480843462814
0.0
0.0361768861651
0.30804531824
0.0
0.0337573432973
-0.00439523612832
0.212851390372
0.145324780845
0.360306270493
0.323512256117
0.0282939967507
0.396899581865
0.273788997494
0.21981550117
0.404612345931
0.292532665
0.0326435009943
0.247413135575
0.228130548934
0.436216238136
0.282382961939
0.0
0.302604466203
0.660136595665
0.19775221341
0.362031366749
0.551348513707
0.0
0.345435178509
0.210487205151
0.334108112311
0.0279347614882
0.384744813651
0.0411817706079
0.0286227269496
0.0
0.0329534051034
0.207578108634
0.0
0.0309337956848
0.417740783704
0.21780058022
0.0
0.0
0.0
0.0
0.0
0.0
0.0
0.0
0.0
0.0
0.0
0.0
0.0
0.0
0.0
0.0
0.0
0.0
0.0
0.0
0.0
0.0
0.0
0.0
0.0
0.0
0.0
0.0
0.0
0.0
0.0
0.0
0.0
0.0
0.0
0.0
0.0
0.488299507024
0.513321816216
0.401184232343
0.625217543357
0.394828185998
0.246451530695
0.356498837695
0.34893153449
0.490201668176
0.563611688863
0.0359136731478
0.869848009174
0.343086084362
0.266772218342
0.757739346608
0.0
0.468158965476
1.0
0.195328142907
0.808340977351
0.296997754347
0.0
0.340431065537
0.499511018727
0.329424570864
0.330112620687
0.240042604217
0.046526412923
0.0311062781552
0.0
0.0362891358133
0.35276131179
0.33693555478
0.34935290733
0.257300267489
0.214863733884
0.299231486415
0.0
0.499253019751
0.473082326444
0.317077146582
0.37810028752
0.450735185115
0.246450704747
0.348587778185
0.701562929388
0.483979450481
0.494809717911
0.0374235970498
0.413571735108
0.485547973865
0.266771250574
0.483712232188
0.0
0.483872583353
0.737700639899
0.294307388688
0.537267233788
0.221785587672
0.0
0.633195284506
0.306389180963
0.0389892694051
0.838209947279
0.240041820666
0.276243876352
0.467566122408
0.0
0.0378314739382
0.385596943715
0.364192287511
0.328140714456
0.257299367223
0.527609409507
0.269652299863
0.0
0.698324074883

Topic 5
Mean 0.338826114678
Median 0.320216420754
Sum 142.193998094
0.0
0.0
0.370806493127
0.0
0.0
0.0
0.0
0.0
0.0
0.0
0.363726672789
0.0
0.0
0.0
0.0
0.390936548306
0.0
0.0
0.0
0.0
0.316356363115
0.454438225933
0.314803545714
0.6595264607
0.267326119803
0.0
0.519250333618
0.820272504438
0.341022606474
0.42199327277
0.542740681323
0.268734901799
0.0
0.282594301303
0.908595737223
0.597224882362
0.298813817395
0.498277647374
0.0
0.27517180748
0.0
0.45297302989
0.479966680256
0.584823646838
0.525380285983
0.947078612887
0.0
0.0
0.0
0.0
0.380519003179
0.492333859758
0.65494480955
0.742781575841
0.609430131213
0.423708080108
0.0
0.0
0.0
0.0
0.0358896191055
0.372851685863
0.0434653517457
0.0327238834099
0.0297452080215
0.479066428491
0.0
0.0
0.0
0.310687594255
0.0
0.0
0.0
0.373726048558
0.458122559267
0.34464875369
0.0
0.0
0.0
0.0
0.0
0.0
0.0
0.0
0.0
0.0
0.0
0.0
0.0
0.0
0.0
0.0
0.0
0.0
0.0
0.0
0.0
0.0
0.0
0.0
0.0
0.0
0.0
0.0
0.0
0.0
0.368589166299
0.0
0.0
0.0
0.0
0.439017057599
0.365263286041
0.732020498696
0.452306844661
0.0
0.0
0.0
0.0
0.0
0.244579353662
0.0
0.0
0.0
0.0
0.219393746166
0.214372721499
0.297466172661
0.192556696276
0.277037404608
0.311471155287
0.0329651596308
0.0
0.0
0.0
0.0
0.28697225461
0.485882127034
0.0
0.0
0.0
0.281989959905
0.259993255762
0.27109224727
0.804368067181
0.495489944261
0.314631748097
0.275936476053
0.0
0.0
0.0
0.0
0.190599559754
0.332752960485
0.597916452657
0.610654186365
1.0
0.0
0.299345423897
0.800810104964
0.558578174611
0.702998837572
0.862563493737
0.462582166247
0.0378036477935
0.322816893761
0.0
0.0
0.382738258183
0.20341093341
0.717018015578
0.0
0.444399329331
0.411219082811
0.696957624046
0.0
0.0
0.0
0.286486119154
0.353820912401
0.29551574797
0.0
0.0
0.336871778785
0.0
0.0
0.0
0.0
0.0
0.504837228581
-0.004529639317
0.0
0.0
0.0
0.0
-0.00426105322363
0.0
0.0
0.18662145175
0.989598979119
-0.00408319021819
-0.0044796222236
0.0
0.0
0.0
0.0
0.315356321743
0.207922246557
0.853280994047
0.0
-0.00402269762041
0.0
0.0
0.0
0.0
-0.00380945073726
-0.00371849954111
-0.00335488929379
0.176303113402
0.289312437487
-0.00366665936011
-0.00398320071967
0.0
0.0
0.0
0.0
0.29769913525
0.197891277346
-0.00353330022816
0.0
0.645060911271
0.656979672126
0.347921253341
0.397427228699
0.341594482607
0.0
0.458630802402
0.319648834632
0.522955610194
0.343562479947
0.882185911669
0.687691240112
0.298015309369
0.398408178204
0.0
0.0
0.0
0.221609097694
0.263027473879
0.916880435049
0.383261739224
0.871941811601
0.209167575176
0.996067035098
0.0
1.0
0.0
0.0
0.257513707289
0.484152456475
0.456538578291
0.342204036812
0.406443774773
0.808206682202
0.0390037259937
0.0
0.0
0.0
0.0
0.357574893664
0.0309510396175
0.235769542669
0.0
0.0
-0.00357611107306
0.260571144105
0.325473805509
0.0
0.757319291228
0.0
0.0
0.293441547939
0.287016612961
0.259639869606
0.258948721238
0.247409996099
0.338854824444
0.0314422266348
0.0
0.0
0.0
0.0
0.19959219995
0.0259909845192
0.272944464102
0.0
0.0
-0.00346728862279
0.296272189105
0.570144493669
6.59139644353e-300
0.0
0.0
0.0
0.0
5.17735844114e-301
5.68246674119e-300
5.17735844114e-301
0.179901874313
0.286536888381
6.59139644353e-300
5.68246674119e-300
0.0
0.0
0.0
0.0
0.182229994524
0.156567318149
5.17735844114e-301
0.0
0.203034374004
0.190880378332
0.165656572154
5.17735844114e-301
5.17735844114e-301
0.382619629474
0.337302355186
0.402824732108
0.0
0.0
0.526719659249
0.313510903202
0.502990006755
0.390407427158
0.618213705391
0.566921488283
0.296006190186
0.0
0.0
0.0
0.395903814941
0.44367211078
0.576491722164
0.635802315592
0.0
0.612949026745
0.325005257048
0.676479410803
0.616201327973
0.28287543281
0.189622625893
0.93374370424
0.541996225806
0.0
0.318742233387
0.0
0.336365625968
0.45094575921
0.402457987003
0.401250711175
0.381215357019
0.762647851422
0.397017606743
0.370227047113
0.0
0.0
0.437506387844
0.253150943114
0.320955308206
0.425858526678
0.346362024643
0.284648824691
0.266177580303
0.921567890427
0.268319718364
0.303390505193
0.211892888983
0.394114713585
0.0
0.0
0.0
0.0
0.0
0.0
0.0
0.0
0.0
0.0
0.0
0.0
0.0
0.0
0.0
0.0
0.0
0.0
0.0
0.0
0.0
0.0
0.0
0.0
0.0
0.0
0.0
0.0
0.0354545647247
0.528653066868
0.0
0.30127963336
0.0
0.0325960498395
0.525927067884
0.319102609792
0.320784006877
0.540046667972
0.038871532223
0.0332437702645
0.37085385309
0.0
0.0
0.0
0.0301655386072
0.525516192482
0.89849566747
0.325839378383
0.0
-0.00364664128069
0.375187110631
0.0351445301582
0.0288852735615
5.17735844114e-301
0.0437006786502
0.350091837464
0.0
0.0536493598822
0.448251786274
0.0
0.0
0.0
0.470254966063
0.0494074659443
0.535674397138
0.313071753847
0.549992345771
0.0618803993136
0.0487441973186
0.0
0.0
0.0
0.363461043249
0.26874118898
0.358208026386
0.32363889444
0.0
0.310306641112
0.293967347512
0.480483573559
0.0529426351082
0.0399135382762
0.190019979024
0.456878923413
0.436578215461
0.0
0.0428621340404
0.333074301369
0.0
0.0
0.340830898572
0.0
0.620384569618
0.402694355312
0.818348786066
0.420972995403
0.779799173302
0.790690165137
0.0325575922831
0.905840293552
0.0
0.0
0.0
0.203578956358
0.260480974585
0.382568785946
0.372602190435
0.0
-0.00353560630986
0.843477824271
0.235995305524
0.273160634058
5.17735844114e-301
0.30170143902
0.42616243879
0.0
0.873732818939
0.406356311158
-0.00396990122909
0.0
0.0
0.281685040092
0.0
-0.00376207058519
0.0
0.25627717734
0.25757163033
0.277652349193
-0.00362274410877
-0.00393142933103
0.295862962992
0.0
0.0
0.0
0.284777544746
0.190445617502
0.267781829587
0.303040819464
0.33079043733
0.804417337261
0.488995354729
0.0
0.0
0.18204900807
0.310363460953
0.30315825302
0.0
0.287319049538
0.28193683056
0.323072324105
0.396328583042
0.588298232596
0.0
0.0
0.0
0.349827861574
0.380102419209
0.447871030854
0.893443376331
0.455153413232
0.416348964769
0.0378017770569
0.0
0.0
0.0
0.505369681286
0.235764701482
0.449797083199
0.431539221853
0.0
0.148624162838
0.139514717504
0.62795485972
0.383680835016
0.532024978173
0.142678675335
0.448349891352
0.502458081834
0.0
0.0341656815346
0.407189109319
0.321381719836
0.132912952113
0.374529874833
0.0
0.0
0.0
0.0
0.035150220361
0.372518951599
0.437379703727
0.331325417767
0.291342244116
0.0425594806816
0.0359046009462
0.0
0.0
0.0
0.0
0.0323403020227
0.0289669516017
0.0369841807011
0.0
-0.00438487126639
-0.00390811032705
0.177084977095
0.375955359554
0.0308732718446
5.17735844114e-301
0.0484174756704
0.0355185146337
0.0
0.0326084076289
0.0473902743569
0.0319479472409
-0.00385826028977
0.370057809615
0.0
0.0
0.0
0.0
0.0
0.0
0.0
0.0
0.0
0.0
0.0
0.0
0.0
0.0
0.0
0.0
0.0
0.0
0.0
0.0
0.0
0.0
0.0
0.0
0.0
0.0
0.0
0.0
0.0
0.0
0.0
0.0
0.0
0.0
0.0
0.596723174708
0.0
0.0
0.0
0.0
0.488538684679
0.32960431279
0.555628511766
0.0290519144717
0.44679258731
0.693066637552
0.352597310859
0.0
0.0
0.0
0.0
0.0292419239222
0.257634256885
0.24006971723
0.0
-0.00392124428076
-0.00353553823984
0.569206394171
0.0338971613645
0.0280372921081
6.59139644353e-300
0.474118236775
0.563741972583
0.0
0.21440755513
0.525291240203
0.281635244348
-0.00349469018617
0.0329856622665
0.031531812695
0.0
0.0
0.0
0.539884914835
0.329040762354
0.0
0.0
0.0
0.488960476444
0.440549121866
0.363487523985
0.0
0.0
0.509937839137
0.0
0.0
0.0
0.0
0.0
0.454858617477
0.358556808988
0.0
0.0
0.426155242939
0.0
0.780563091447
0.0
0.0
0.394070142774
0.0
0.392757349472
0.0
0.464327868429
0.312459672918
0.0
0.0
0.0
0.0
0.211982030709
0.478146167781
0.447448872414
0.579748505138
0.0
0.192799200977
0.188910891561
0.263988314262
0.380316778324
0.259044716481
0.274960210963
0.0288090087767
0.290283223308
0.0
0.0
0.0
0.271706191292
0.0241651656572
0.548841775394
0.622853138338
0.0
-0.00320169440599
0.414545332399
0.310276037871
0.177338160282
5.17735844114e-301
0.373101414136
0.297302677124
0.0
0.282054052112
0.0357638996396
0.316430618001
0.264808878103
0.205328459626
0.0283306360099
0.0
0.0259243431328
0.306242950546
0.044296365962
0.0
0.0
0.0
0.0
0.0399222850105
0.0413641567446
0.049523859765
0.036043599938
0.175742954057
0.0497614685306
0.0408982459115
0.0
0.0
0.0
0.0
0.0363365314761
0.0321321865253
0.0423048888335
0.0
-0.00499827019518
-0.0043880725437
0.198307983165
0.0438134673687
0.0344948679974
5.17735844114e-301
0.0579607922768
0.0403980449348
0.0
0.0366753364743
0.056494881244
0.0358419621628
-0.00432532457798
0.223062443986
0.224747521858
0.0
0.0353190334825
0.0
0.031351087078

Topic 0
Mean 0.320326935593
Median 0.319654360679
Sum 135.17796682
0.321371096285
0.0
0.0
0.56115526186
0.542477407156
0.413892057849
0.567421820582
0.13427325585
0.449410559233
0.46867366006
0.516544002883
0.731578125136
0.0
0.509798937144
0.125713981652
0.336603704079
0.0389307532406
0.390970473163
0.32994917537
0.370508705086
0.302131322984
0.0
0.0
0.0
0.0
0.0
0.368453309281
0.0
0.558924022262
0.346912129428
0.0
0.0398342614406
0.0699093895888
0.466294852262
0.0435192614991
0.0
0.0
0.0
0.0
0.0
0.0
0.0
0.0
0.0
0.0
0.316249764386
0.306042382843
0.0
0.294365343805
0.049066749289
0.288364748754
0.497261472425
0.0
0.340951960433
0.0
0.495899799764
0.0383551284022
0.0
0.319042547837
0.0531045115579
0.431928846659
0.477328705624
0.0
0.490040470583
0.0
0.281841127588
0.696918228268
0.318803790289
0.0
0.342572538721
0.560095763949
0.299667261138
0.343253218868
0.0
0.538426334898
0.0
0.313763314449
0.380293276308
0.217748456858
0.195969758496
0.0
0.213843987774
0.0465715475406
0.197362340246
0.306933729682
0.0
0.0384535872633
0.0
0.877321626958
0.336215751408
0.537932844553
0.54767132308
0.0375935644308
0.0
0.0331578795284
0.0516556765981
0.470682949323
0.0356721702585
0.0
0.551328728688
0.0
0.0333687429099
0.586649821349
0.036991361922
0.0321956438923
0.0359088806595
0.0387199013328
0.0
0.329411351049
0.525752051468
0.0308971093939
0.0366847654115
0.0
0.0432559451595
0.0
0.0342531682129
0.0361732060619
0.95660255219
0.0330182107675
0.0354950582891
0.331113948582
0.0501060912539
0.0
0.04252405837
0.0786391503294
0.272970897549
0.0467499148413
0.0
0.421910823936
0.0
0.0428714968563
0.287744410421
0.0490419794755
0.0409543035582
0.326294055315
0.046446189242
0.0
0.0
0.391237990121
0.0
0.370800573226
0.0
0.435905481567
0.0
0.0
0.0
0.0
0.0
0.0
0.0
0.0
0.0
0.0
0.632660907434
0.730582759183
0.494631923607
0.780671485305
0.693059706646
0.684505329776
0.308890573927
0.0
0.500252805175
0.0
0.444473201835
0.501511621504
0.914701951101
0.422641270583
0.547694008524
0.0516971372011
0.282010589919
0.0
0.0
0.0
0.0
0.0
0.0
0.364402755689
0.0
0.0
0.0
0.0
0.0
0.0
0.0
0.0
0.0
0.0
0.0
0.0
0.0
0.465732769565
0.0380788493788
0.0
0.0335348283025
0.052576355156
0.399589554733
0.0361088292818
0.0
0.559264040216
0.0
0.0337505288468
0.484485355357
0.0374611269237
0.032550914938
0.460447127738
0.0359273657873
0.331329941721
0.0
0.410224568665
0.0
0.0
0.0
0.458856095954
0.522314025921
0.4581465875
0.396487787072
0.0
0.0
0.0
0.0
0.0
0.0
0.0
0.0
0.0
0.0
0.0
0.0
0.585025356745
0.43717196923
0.0
0.0
0.0
0.0
0.0
0.0
0.0
0.0
0.0
0.0
0.0
0.0
0.0
0.0
0.0
0.0
0.0
0.0
0.0
0.0
0.0
0.0
0.0
0.247339759956
0.040177891864
0.0
0.691742689874
0.491010140147
0.221366794214
0.346562803253
0.0
0.0450836154782
0.0
0.0353892387151
0.384359896448
0.397721159808
0.349765860021
0.036716470147
0.340291721236
0.0485599795309
0.0
0.333960831943
0.0
0.0371792355436
0.0
0.0
0.428331157104
0.0534240234986
0.0
0.308614594863
0.087132074834
0.282827659881
0.437767809002
0.0
0.0624614760414
0.0
0.0452774724497
0.499858956649
0.522695314772
0.490257606203
0.0474730237294
0.0492833968555
0.0693387490262
0.0
0.462539228351
0.0
0.0482495200297
0.0
0.0
0.530408539903
0.0
0.0
0.0
0.0
0.0
0.364402755689
0.0
0.0
0.0
0.0
0.0
0.0
0.0
0.0
0.0
0.0
0.0
0.0
0.0
1.0
0.0
0.43717196923
0.0
0.0
0.0
0.528757554449
0.306270530655
0.0
0.700578040598
0.439118887623
0.482917849447
0.322551131702
0.833744013419
0.514842446948
0.0
0.301615687686
0.429178664298
0.473755815354
0.209486041214
0.0321403859804
0.314532184428
0.0408649325621
0.0
0.818768714684
0.9064627757
0.0324944318522
0.0
0.0
0.30175876268
0.669362779651
0.9064627757
0.0
0.0
0.0
0.0
0.0
0.352759175743
0.0
0.402157842329
0.0
0.0
0.0
0.0
0.0
0.0
0.0
0.0
0.0
0.0
0.0
0.0
0.0
0.0
0.0
0.0
0.0
0.0
0.34131060884
0.532023832626
0.33064325551
0.0
0.218968825439
0.0512931592186
0.459078904196
0.314088062048
0.0
0.560908960441
0.0
0.325224631759
0.478251314985
0.703527288291
0.316716681025
0.526225192033
0.0353235113038
0.314426817046
0.0
0.477784053824
0.0
0.447285314873
0.0
0.0
0.359086584319
0.457942607929
0.0
0.491075136112
0.0
0.569892594527
0.343044484661
0.0
0.307587380093
0.472271108521
0.705056652203
0.332152766702
0.0
0.746833996729
0.0
0.46535376727
0.508633435616
0.505139605874
0.215138540937
0.563244254054
0.33118448358
0.343480850253
0.0
0.500285723169
0.0
0.479139092833
0.481342287538
0.0
0.317053113376
0.42484600423
0.0
0.484325235282
0.0
0.546707679583
0.0
0.0
0.0
0.0
0.0
0.0
0.0
0.0
0.0
0.0
0.0
0.0
0.0
0.0
0.0
0.0
0.0
0.0
0.0
0.0
0.0
0.0
0.0
0.0
0.0
0.0
0.0
0.0
0.0
0.0
0.0
0.0
0.0
0.0
0.0
0.0
0.0
0.0
0.0
0.0
0.0
0.425329400903
0.0
0.0
0.0
0.0
0.0
0.0
0.0
0.0
0.480497433614
0.0
0.0
0.0
0.0
0.0
0.0
0.0
0.0
0.0
0.0
0.0401690285808
0.659621508011
0.0
0.570817309602
0.0639725339113
0.190253242461
0.041142427466
0.0
0.0495914979637
0.0
0.214436586712
0.0405000813744
0.0429072398176
0.205869925193
0.0396518988329
0.0409070102939
0.0538305003584
0.0
0.343320536897
0.0
0.040192161365
0.0
0.0
0.0425378317053
0.0576789533206
0.0
0.0365146676275
0.0
0.0394379403331
0.0414878518437
0.0
0.0
0.53348560189
0.301647638033
0.0
0.526293911438
0.129944960277
0.508233835031
0.312661137215
0.0
0.335506355863
0.0
0.297131220208
0.30285050412
0.309145701425
0.203631640843
0.226835923932
0.0319539974083
0.606782488014
0.0
0.630043059163
0.0
0.229258307976
0.0
0.0
0.229284450136
0.292034423235
0.0
0.49769395537
0.0
0.320266173521
0.33188752461
0.0
0.0
0.0352839146544
0.25682565285
0.192330355843
0.0
0.31182244138
0.151809348647
0.17981230228
0.32134431045
0.0
0.0405096717692
0.0
0.300693172762
0.297804071677
0.287933809203
0.0313936548896
0.0336245337775
0.0345227528156
0.0432946443189
0.0
0.32864646395
0.0
0.0340122293751
0.0
0.0
0.0356770775649
0.0457497088143
0.0
0.317307125779
0.0
0.0334705515953
0.034935526208
0.0
0.0
0.0384424041922
0.13277263945
0.374979238656
0.031579504107
0.377688595139
0.792571670848
0.52941170254
0.339244707737
0.288458596604
0.455501884925
0.427834564918
0.0
0.0285437199301
0.385132368584
0.493729186872
0.531821948892
0.0294009277453
0.0300853702327
0.0365365032621
0.284000481403
0.744250886534
0.788463150112
0.0296969142146
0.665636688789
0.0
0.317796519105
0.434864241469
0.788463150112
0.37897775436
0.406683799852
0.290275075897
0.634838955245
0.0
0.717748385048
0.0330193370067
0.257665252924
0.0287306784975
0.0380580846645
1.0
0.0
0.542477407156
0.0587801951986
0.181767145357
0.0389307532406
0.0
0.0464132509074
0.0
0.20371679695
0.0383551284022
0.0405072897703
0.195969758496
0.0375935644308
0.0387199013328
0.0501060912539
0.0
0.316643878779
0.0
0.0380788493788
0.0
0.0
0.040177891864
0.0534240234986
0.0
0.0347619578151
0.0
0.037401188719
0.0392398986535
0.0
0.0
0.659621508011
0.033644714277
0.03650465643
0.031579504107
0.0
0.0
0.0
0.0
0.0
0.384866847512
0.0
0.0
0.0
0.0
0.0
0.0
0.0
0.0
0.0
0.0
0.0
0.0
0.0
0.423086152149
0.0
0.466959305124
0.0
0.0
0.0
0.423086152149
0.0
0.0
0.0
0.0
0.0
0.0
0.0
0.0
0.0
0.791451282519
0.0
0.554063826461
0.172215314779
0.0
0.175582525654
0.134445698869
0.475396800738
0.0360973937816
0.0
0.559055795053
0.0
0.0337405380875
0.895004425354
0.491077018725
0.0325416216734
0.654349866995
0.0359160449176
0.331197653728
0.0
0.553325064925
0.0
0.465824260215
0.0
0.0
0.0371671121227
0.0482291041497
0.0
0.314315139792
0.0
0.532124156474
0.570007710042
0.0
0.0
0.04017799379
0.22919496439
0.247736907302
0.0296891789455
0.0380661322673
0.0
0.725577817147
0.295699109809
0.0
0.71233895593
0.125487136721
0.641959129528
0.612314788112
0.890700722934
0.495120804989
0.0
0.291357782428
0.490778472604
0.457005107797
0.273849036698
0.223695526289
0.0443845313687
0.281086710104
0.0
0.658854526231
0.0
0.57308218769
0.472113306066
0.0
0.322350472878
0.451339294837
0.0
0.660932412832
0.533316544507
0.473100548081
0.466832577422
0.0
0.486345942373
0.190936212688
0.668336211159
0.230882744892
0.697399809313
0.182390447869
0.0
0.310673501943

Topic 4
Mean 0.321111756354
Median 0.311099091153
Sum 153.10335682
0.509164009248
0.039913927087
0.043945638462
0.324795871793
0.509281497811
0.0291888645574
0.0
0.0
0.0
0.0
0.0418737696507
0.250393742914
0.303834076486
0.572523021526
0.0
-0.00472988438881
0.28854396032
-0.00431393073264
0.221744697818
0.0
0.261638292545
0.0447370786878
0.821965981474
0.0350024042699
0.270118283504
0.0
0.839884520193
-0.00429958756699
0.356308818893
0.555876189498
0.309665491808
0.299635031981
0.0
0.385585858806
0.143376551
0.220738390622
0.447792470726
0.529832370754
0.434969688607
0.923091388262
0.0
0.71063580163
0.225831884595
0.428766196164
0.290096510692
0.505033517791
0.0
0.371894069114
0.559730456786
0.0
0.0
0.0
0.0
0.0
0.490064443433
0.0
0.0
0.0
0.68626987511
0.0
0.0
0.0
0.0
0.0
1.0
0.0
0.0
0.0
0.0
0.0
0.0
0.0
0.0
0.0
0.0
0.0
0.0
0.0
0.391076354953
0.699426140604
0.635880806409
0.323846286468
0.0
0.641684138959
-0.00470405156977
0.637099821494
0.355166353746
0.465484099104
0.0
0.0
0.0
0.357535131
0.623607510798
0.0325099917867
0.499823143844
0.0
0.299629472793
0.202087927326
0.340923795517
0.785451547732
0.752232040842
0.0
0.0
0.0
0.491807407429
0.80894262781
0.485342528333
0.580094658574
0.484335129805
0.0
0.0388808273777
-0.00454284609265
0.0413374456504
0.34447705269
0.38896404636
0.434723163068
0.0
0.0
0.376868954158
0.345623142984
0.0392602357397
0.721203225046
0.0315579786026
0.299102289272
0.0
0.346915566954
0.257001865102
0.797498798924
0.216700447608
0.371547407909
0.0
0.0
0.0
0.336680928958
0.307471605607
0.0366174509752
0.382963661306
0.493291250908
0.0339743195351
0.69317932064
0.0
0.0353839718676
0.0
0.0374070791952
0.348462359378
0.307523092933
0.0
0.0
0.0
0.381644187445
0.349635166794
0.56798673002
0.0334995475526
0.612428706219
0.0
0.0
0.0
0.0
0.0
0.0
0.0
0.0
0.407201473038
1.0
0.0
0.0
0.0
0.0
0.512008904611
0.0
0.0
0.0
0.750298938575
0.0
0.633994626437
0.0
0.728238543183
0.275492537123
-0.00406873950235
0.137933498312
0.414999678456
0.0
0.414999678456
0.0
-0.00442911733948
0.194370524576
0.0
0.363142206605
0.0
0.0
0.0
0.0
0.0
0.585951901469
0.0
0.0
0.0
0.0
0.0
0.930486155771
0.0
0.598747119883
0.0
0.0
0.0
0.0
0.0
0.0
0.0
0.373996835302
0.0410274988583
0.0452993510596
0.0326898453805
0.207236305146
0.0
0.230348073296
-0.00442065975448
0.228814688742
0.33088820928
0.293690823188
0.0
0.0
0.0
0.250063114413
0.231403733794
0.0381501527454
0.22447876466
0.0347777929209
0.0
-0.00417699612109
0.0
0.0
0.0
0.0
0.0
0.0
0.0
0.0
0.0
0.0
0.0
0.0
0.0
0.0
0.0
0.0
0.0
0.0
0.0
0.0
0.0
0.0
0.0
0.0414658495372
0.275526349899
0.032967532273
0.506225034234
0.0
0.303898901242
0.384597345815
0.301858620773
0.226243268315
0.271458582838
0.0
0.0
0.0
0.330152033951
0.843067186154
0.0385288907273
0.29609062016
0.0350922557937
0.0
0.266159250275
0.0
0.234735158679
0.0
0.042949699025
0.254087938961
0.519657704121
0.442452393919
0.0
0.356367577805
0.264765102837
0.303129467637
0.328143902618
0.860146601616
0.434511667169
0.693424580509
0.0
0.520910760149
0.286364673136
0.0398067480451
0.350594524457
0.0361491926627
0.0
0.373512329635
0.0
0.220095837693
0.0
0.290261989748
0.0375783856854
0.233533630822
0.0304620931296
0.194389716404
0.0
0.224382030928
0.336375196186
0.213140016476
0.341640109384
0.276023976356
0.0
0.0
0.0
0.23146041626
0.2153847526
0.0351501748546
0.220963383818
0.0322673003958
0.0
0.234495357442
0.0
0.319317651078
0.0
0.326116142627
0.226677844574
0.321915674762
0.396449444679
0.0289486738388
0.42281666647
0.0
0.029965883378
0.0
0.0314042654714
0.297182103903
0.266881732547
0.0
0.0
0.0
0.320982831883
0.298034703676
0.480169452042
0.0286032601199
0.485199077818
0.0
0.0
0.0
0.0295299876618
0.0
0.0297563998097
0.030512889262
0.0277000428607
0.427834564918
0.0375103890625
0.500957761356
0.517684223983
0.0
0.881507485373
-0.0037112267957
0.273053717944
0.539565804535
0.842053801554
0.922877201396
0.676609129402
0.0
0.294384022608
0.257678602681
0.472615042369
0.369376467144
0.0299958990216
0.428369781457
0.441314646324
0.94636343807
0.297593476789
0.0
0.260829917858
0.328484394183
0.309357211984
0.0260092966667
0.458326089101
0.0423553750438
0.530752159522
0.198182718391
0.0
0.219216736141
0.0
0.217827522437
0.566996956623
0.332801257291
0.395858403345
0.0
0.0
0.23699885118
0.220172622684
0.510621162895
0.213894424851
0.0330159793274
0.4589403681
0.0
0.0
0.951204087667
0.0
0.223186409871
0.209911403468
0.324579703978
0.0282499726794
0.790542032207
0.0398768429881
0.260242574705
0.0319551565076
0.268674948567
0.0
0.315029132189
0.367395155181
0.312979430685
0.219390544729
0.375651481117
0.0
0.0
0.0
0.341327380329
0.295772759934
0.0371532724751
0.877879091951
0.0339474475101
0.0
0.254916917277
0.0
0.227366733014
0.0
0.355191035509
0.301312981998
0.618049596379
0.0289291616035
0.373432458727
0.216514884443
0.0
0.0
0.0
0.0
0.0
0.0
0.0
0.0
0.0
0.0
0.0
0.0
0.0
0.0
0.0
0.0
0.0
0.0
0.0
0.0
0.0
0.0
0.0
0.0
0.0
0.0
0.0
0.0
0.0
0.0
0.0
0.0
0.57917085959
0.567478135662
0.0
0.0
0.0
0.0
0.0
0.574647411898
0.330553787904
0.579471006117
0.0
0.0
0.0
0.569670546428
0.0
0.0
0.0
0.0
0.752694269047
0.0
0.0
0.0
0.40764895013
0.0
0.0
0.682345012843
0.404956133832
0.0
0.0
0.0494148648164
0.0557466402878
0.0378022259963
0.17911699219
0.0
0.222579992945
-0.0052039372315
0.042101044135
0.708859108182
0.0337144571563
0.0
0.0
0.0
0.0421973404684
0.0385465068364
0.0452998173838
0.0372153652872
0.0406224819712
0.0
-0.00486954225651
0.0
0.0387996124686
0.0
0.0391914215322
0.204707224623
0.0357007716084
0.0336396665207
0.0329409377984
0.0366195253251
0.037768960431
0.0
0.0
0.342338844327
0.213422980958
0.0363962350882
0.12621505786
0.0
0.14884991043
0.167266698406
0.0403644413639
0.146945373823
0.304144077349
0.0
0.0
0.0
0.04045294904
0.158145153043
0.315091728019
0.146146878293
0.0390033686387
0.0
0.159905191778
0.0
0.0373199026135
0.0
0.161086272159
0.150674201627
0.140408338947
0.0325216880552
0.0318681794819
0.245398704728
0.153693660224
0.0
0.0
0.0441339702234
0.0464513985771
0.506038637284
0.0360431535186
0.0325376724802
0.0
0.0376337305963
-0.00493126701262
0.50836467212
0.0554058963043
0.0323081759008
0.0
0.0
0.0
0.04001724342
0.351027397682
0.042796868276
0.452075265399
0.0385981730838
0.0
-0.00462998209946
0.0
0.0369487639312
0.0
0.0373039127504
0.038500544203
0.034127770259
0.0322394880471
0.0315971596297
0.0349663947998
0.0360129106135
0.0
0.0
0.0436158705149
0.041754813125
0.0390439263997
0.542346856831
0.305954281292
0.655654590546
0.0
0.669983309687
0.341017205473
0.215781736808
0.539832793323
0.480227694155
0.0
0.0
0.0
0.330186254485
0.549266642797
0.0364292131988
0.334541795708
0.0333419321742
0.0
0.773658442861
0.0
0.323338894093
0.0
0.858710063799
0.343323029874
0.334358586349
0.0284882726452
0.522300105644
0.512563868029
0.31769553478
0.0
0.0
0.037020946296
0.579294765647
0.0353322097817
0.444872578388
0.391164152349
0.0408603253579
0.846806478042
0.0
0.34213956004
0.253096125654
0.325271231181
0.599541974665
0.490263450684
0.0
0.0
0.0
0.30306979841
0.282529573258
0.386759067761
0.510626162032
0.298174722455
0.0
0.357912332231
0.0
0.331863137886
0.0
0.245196914761
0.498787200604
0.342578825888
0.259812595403
0.540950396154
0.568526109759
0.235623861124
0.0
0.0
0.179618322866
0.770211257138
0.333422733181
0.651966145898
0.689904525153
0.616725569282
0.597946506036
0.378488156075
0.0
0.337970191706
-0.00391919230353
0.335612210939
0.315664637874
0.474141425311
0.388601652691
0.0
0.0
0.647067596023
0.416536043843
0.39226853868
0.328952806934
0.319764642101
0.449214952876
0.0
0.0
0.244102350148
0.0
0.322210425422
0.885422634081
0.226344458542
0.276053222111
0.341225339902
0.360345385629
0.333386993906
0.0
0.34103376032
0.0410207805226
0.0393704060766
0.0389575888899
0.553161091308
0.262699663699
0.33953557538
0.436959024943
0.0337760150526
0.595547280655
0.0
0.334297177387
0.246707269638
0.387972293663
0.639570104214
0.302195994238
0.0
0.0
0.0
0.33849798498
0.31436591693
0.328774729169
0.349453617969
0.332403078086
0.0
0.349339267656
0.0
0.354872329998
0.0
0.242789686086
0.543674716829
0.364625892627
0.285421892467
0.573325901296
0.604395955738
0.234915396945
0.0
0.0
0.200511199423
0.140153763814
0.399625645029
0.57662513389
0.741451023183
0.288909978294
0.0416882413488
0.714328853976
0.0331079537155
0.644881569499
0.0
0.65066182278
0.140907413497
0.324334380231
0.520208829786
0.387493055861
0.0
0.0
0.0
0.354876944885
0.553899059486
0.0387208219917
0.437415835691
0.0352514042236
0.0
0.135646780652
0.0
0.235758014804
0.0
0.311099091153
0.311822973812
0.219152140141
0.029870751129
0.385132368584
0.224110896556
0.443115206497
0.0
0.0
0.206838046737
0.144352897917
0.0374838051059
0.508341461269
0.227871174689
0.494710996729
0.243884105205

Topic 2
Mean 0.314425228272
Median 0.308177004413
Sum 147.946844417
0.372528415984
0.208265941021
0.232116250269
0.0
0.0
0.0
0.194981280803
0.222517205425
0.200316870033
0.0
0.331193943769
0.0
0.650915578764
0.0
0.0
0.334225713458
0.851407873613
0.382387709085
0.0
0.198702648171
0.244735021123
0.277058216465
0.307990057726
0.733247067809
0.0
0.163571344255
0.497278785308
0.281334384002
0.0
0.0
0.0
0.0
0.0
0.0
0.0
0.0
0.139758027974
0.159587599155
0.431539221853
0.0
0.145626547467
0.271857752367
0.342033737326
0.398400602163
0.0
0.21856776029
0.244985570982
0.36183762312
0.0
0.648003199906
0.0320918541016
0.222193957204
0.187236948903
0.0
0.519980024918
0.323196251093
0.0
0.399819888895
0.0
0.0
0.806737961045
0.034915193208
0.487085065871
0.0
0.364562258749
0.431298471433
0.327749928003
0.755312003018
0.208014989309
0.0
0.194698398675
-0.00408757904294
0.656382880515
0.27673190272
0.0
0.139554434017
0.218291384513
-0.00406195653793
0.0355642065103
0.0
0.309119764303
0.0
0.0
0.40235265881
0.336811118652
0.327985299734
0.0
0.373451287476
0.410624963132
0.0390490779202
-0.00418037284466
0.0338530959506
0.0
0.394989427304
0.0
0.0
0.0372710804056
0.0336628217441
0.0286508075005
0.0
0.810963119467
0.560439595077
0.799992312977
-0.00400365885015
0.0374892188216
0.0
0.0
0.982289342092
0.0
0.0
0.0
0.0
0.284340874299
0.0
0.0
0.0
0.0
0.0
0.0
0.0
0.0
0.0
0.0
0.0
0.0
0.0
0.0
0.0
0.0
0.0
0.0
0.0
0.0
0.0
0.0
0.0
0.691872216186
0.266843314561
0.30481969702
0.0
0.190490661126
0.623055051937
0.240025908079
0.308975209671
0.0
0.348759554558
0.31959402087
0.60807267646
0.235478216317
0.382445438352
0.344318827531
0.0
0.0
0.0
0.0
0.0
0.0
0.0
0.0
0.0
0.0
0.0
0.0
0.0
0.0
0.0
0.0
0.0
0.0
0.0
0.0
0.0323788914655
0.0
0.283724169633
0.0
0.0
0.0354919834657
0.0322047856017
0.0275877647251
0.0
0.355108988647
0.305563892007
0.34360371897
0.0
0.0356897384406
0.350506163079
0.0
0.0
0.329530698335
0.0
0.0336581817508
0.0
0.293186902951
0.0
0.0
0.037034957419
0.0334700862133
0.02851107261
0.0
0.370057809615
0.316567734953
0.357580507472
-0.00411985019473
0.0372503326654
0.36506202819
0.0
0.0
0.342364652979
0.0
0.753462746618
0.0337441758371
0.0
0.724306758515
0.0
0.0
0.0371390985567
0.0335551206316
0.0285727526644
0.0
0.194400153775
0.619026623275
0.48560945794
-0.00373814032774
0.426406205158
0.450831277433
0.0
0.0
0.297415359094
0.0
0.0338571677
0.195678766177
0.308177004413
0.346933500757
0.788133049929
0.0
0.671257062695
0.386946053054
0.3134768916
0.54419732309
0.0
0.250960899518
0.798784870683
0.311578403192
0.30777332527
0.395863808116
0.0345275161911
0.0
0.0
0.368499242577
0.0
0.0329953177619
0.0343247817389
0.0344142203052
0.204264320519
0.234689191943
0.210127696672
0.0
0.383404767867
-0.00447096203832
0.20835218552
0.1700547122
0.0
0.152896597844
0.330322308797
-0.00444032576283
0.203953882643
-0.00458221569574
-0.00437075444429
0.0
0.0
0.199341324105
0.0
0.0
-0.0045095992529
-0.0040562254736
0.342702645582
0.0
0.0
0.456915651972
0.0
0.0
0.0
0.0
0.0
0.0
0.0
0.0
0.0
0.0
0.0
0.0
1.0
0.0
0.0
0.0
0.0
0.0
0.0
0.0
0.0
0.337361961498
0.0
0.41067774612
0.0
0.0
0.844144866664
0.297707442438
0.505088705983
0.0
0.377107867926
0.443960425705
0.822219486368
-0.00373448037696
0.321229454136
0.494928038509
0.0
0.0
0.634607702304
0.0
0.354726303189
0.369642245465
0.464345271654
0.324723285789
-0.00405191651779
0.0
0.209354740555
0.233469514491
0.624955566488
0.0
0.321317954268
0.326753155288
0.212679354104
0.496705010775
0.0
0.681399548293
0.447645008257
0.325394050292
0.209101159667
0.626451041507
0.673044396626
0.511123791026
0.0
0.312745681519
0.0
0.317841919926
0.329765084753
0.41538846895
0.581574823835
0.33528295378
0.427572784335
0.437818567052
0.322807490167
0.36558661899
0.205299736916
0.0
0.344596860064
-0.00402434705059
0.328627290617
0.592590061791
0.0
0.137358130314
0.301107019563
-0.00399950873013
0.322364599986
-0.00411426057184
-0.00394297730681
0.0
0.0
0.232004657773
0.0
0.0
-0.0040556236807
-0.00368518734266
0.311360260399
0.575900322334
0.0
-0.00368163029889
0.305223514992
0.743988482488
0.383762471799
0.21301061462
0.0
0.200355990687
0.34338547416
0.343240448968
0.283224398855
0.0
0.14362673733
0.223799326425
0.334795776055
0.336414190071
0.0369354924608
0.0350933013778
0.0
0.0
0.715890928449
0.0
0.0335116269298
0.0348838884201
0.0349762683164
0.315825248591
0.210170743565
0.0
0.350020498375
0.214149724555
0.331209060765
0.0365624674378
0.0
0.595145829423
0.0
0.0
0.282473296098
0.435045036222
0.462032257093
0.0
0.715626913271
0.0330723590508
0.040255878599
-0.00354321449168
0.387755247105
0.0386001596943
0.730893084482
0.0
0.250555091494
0.0
0.0366951585958
0.0383469534546
0.38434058744
0.586336167665
-0.00382772893532
0.0
0.405160146852
0.629610307513
-0.00349560483487
0.0380133860857
0.293470438356
0.328406518117
0.305171494761
0.0
0.190754458825
0.0316257700754
0.298272620345
0.251889339766
0.0
0.513326825486
0.927362515199
0.308250036281
0.293104345105
0.0317826927062
0.482579219894
0.0
0.0
0.344693567417
0.0
0.301464441444
0.312169837343
0.0303211769484
0.436533559564
0.199630223244
0.0
0.317171830443
0.441920463098
0.289145273455
0.300397929259
0.0325775788872
0.0332582928321
0.0
0.400529699532
0.0
0.0
0.0365513817796
0.0330746280316
0.0282236142462
0.0
0.365377023471
0.432124566942
0.487423704151
-0.00407054571426
0.0367611533893
0.480263506656
0.0
0.0
0.338354427646
0.0
0.344327402549
0.358364330265
0.193277742645
0.033908994211
-0.00445059164302
0.0
0.503657516752
0.326042989105
-0.00400783556887
0.03445453
0.0378287484477
0.308832334118
0.32554355673
0.369099861468
0.206804243052
0.0
0.193335554818
0.0
0.331463335331
0.275157313856
0.0
0.138573611479
0.216958439594
0.0
0.325093132232
0.0
0.0
0.0
0.0
0.233927859214
0.0
0.0
0.0
0.0
0.305826918659
0.202458883968
0.0
0.0
0.207877773523
0.320229903603
0.334090037062
0.0
0.291338522568
0.0
0.394399578706
0.0
0.273458060697
0.0
0.0
0.796111166737
0.305258054289
0.655325019968
0.0
0.335051127268
0.0362615890505
0.771812399918
-0.00385179402103
0.33003800851
0.0430157688572
0.0
0.0
0.741351050339
0.0
0.0406632806055
0.0427015546537
0.0428400620252
0.377234724092
-0.00419039119002
0.0
0.815070307778
0.199525759316
-0.00379559634576
0.411810752206
0.346519543543
0.0356676395769
0.0420599591688
0.0
0.0315386866284
0.0
0.403577345532
0.0
0.0
0.240034925004
0.305608792489
0.322949340546
0.0
0.335473717716
0.0289072738231
0.0342492361408
-0.00385862462627
0.51580858775
0.0330433584306
0.441228715816
0.0
0.216588937404
0.0
0.0316373694797
0.0328576315041
0.451901331429
0.223596065157
-0.00419847674661
0.521057280522
0.480960386925
0.424751176419
-0.00380222891635
0.0326124230392
0.658442681451
0.0285285564453
0.0324764311299
0.0
0.300022073671
0.0
0.0
0.864682004644
0.0
0.0
0.0
0.0
0.356192841625
0.0
0.839771782704
0.0
0.0
0.0
0.0
0.0
0.330553787904
0.0
0.0
0.0
0.0
0.0
0.0
0.0
0.0
0.0
0.0
0.569670546428
0.0
0.0
0.526192578529
0.0
0.0
0.0
0.0
0.379723027454
0.275209441249
0.221025217786
0.839385727088
0.0
0.160027195562
0.53325344342
0.269589448521
0.814828632365
0.0
0.478639449952
0.36135918148
0.522555318993
0.199063192821
0.450697442101
0.0294631226066
0.686003908688
0.0
0.96721841453
0.0
0.0283401273286
0.0293153722214
0.0293805853396
0.406130886303
0.166227328414
0.0
0.541443360557
0.453038633138
0.196575212727
0.283575600124
0.779621789693
0.513772078975
0.0290115530628
0.197954133949
0.851787009204
0.414424726392
0.654116444001
0.211217615418
0.235788637588
0.830476393983
0.0
0.169937287366
0.215296709667
0.276685345668
0.360662500358
0.0
0.817010415505
0.381187067198
0.223820660955
0.21095950442
0.296889985667
0.210287802009
0.600481881952
0.0
0.309055699585
0.0
0.0286318259609
0.0296276028312
0.21610521846
0.40312131522
0.176945932
0.44881301437
0.266082685475
0.530384663632
0.208167353436
0.216099307165
0.770926800214
0.408060111566
0.0293173116566
0.209714341193
0.272098126715
0.397242910696
0.702328135703
0.400449919583
0.0381130648297
0.0
0.195052369854
0.0
0.0
0.0425011411606
0.0378720610663
0.0316442112817
0.0
0.223701626776
0.03433594219
0.0421436578849
-0.0046697024043
0.0427850286146
0.217924913786
0.0
0.0
0.483689482492
0.0
0.0382572715786
0.225396412311
0.222555460094
0.0389700467634
-0.00517683202486
0.0
0.0414591483254
0.0359460553097
-0.00458735929969
0.039692316438
0.044238088913
0.0338029366766
0.222216651384
0.0
0.0501363332626
0.0370897953972
0.0
0.0326380770412
0.033025565143
0.296914380218
0.254065421681
0.293519307187
0.0
0.407513809459
0.311941931779
0.229637287507
0.255182809905
0.0
0.162556834112
0.370574891862
0.463661387792
0.225471320005
0.882854497656
0.431852938861
0.0
0.0
0.606101655156
0.0
0.0324466087352
0.0337313617967
0.530109021786
0.366334213449
0.448671532782
0.0
0.317407791151
0.65926127627
0.398332064497
0.306675606579
0.0366488376234
0.330313109543
0.033329742475
0.224049533425
0.367397765272
0.0316029315978
0.0
0.319164121102
0.297445031728
0.0382069256007

Topic 1
Mean 0.274070829678
Median 0.281082188924
Sum 128.445257631
-0.00360727272583
0.0
0.0355098386805
0.187678012225
0.287668143536
0.0310589838762
0.171084066315
0.619210436348
0.0282293118128
0.286302054301
0.0
0.0
0.0
0.0
0.0
-0.00485325111604
1.0
0.0355963021676
0.218543288934
0.70840696335
0.0
-0.00387525852471
0.390303156372
0.0318329102676
0.190982898141
0.556335328398
0.0
0.390303156372
0.0
0.0
0.0
0.0
0.0
0.0
0.0
0.0
0.0
0.0
0.0
0.0
0.0
0.0
0.0
0.0
0.0
-0.00366036293847
0.775304160946
0.032860520181
0.299986627332
0.399631466326
0.0
0.456345979183
0.418910928801
0.0
0.0
0.198381792878
0.426774461116
0.0311544229295
0.237235156812
0.319325944418
0.0
0.426774461116
0.687588132889
0.0
0.0
0.454879963387
0.0
0.0
0.0
0.0
0.0
0.0
0.0
0.0
0.0
0.0
0.0
0.0
0.184219382131
0.372348750048
0.0306492680116
0.326834757887
0.425747206989
0.0
0.0381996934882
0.872193906873
0.0
0.0
0.442762357074
0.317038600483
0.0
-0.00353901236646
0.537498008812
0.0271664811058
0.571412922793
0.321790227837
0.0
0.0329369033506
0.0296891789455
0.0
0.0
0.478729633974
0.0290981493254
0.0
0.355917207481
-0.0044253047237
0.473877411196
0.0344495920933
0.348088830203
0.344983559298
0.0
0.473877411196
0.431545631906
0.0
0.0
0.656054908128
0.469816208376
0.0
0.71398731928
0.304725543858
-0.00434020291038
0.040384605266
0.0321104667598
0.195399312194
0.437360108811
0.0
0.481047721778
0.198070591648
0.0
0.0
0.0369927057425
0.0348445740809
0.0
0.0342138750088
0.0299304694003
0.0390188757539
0.192892380245
0.0
0.0
0.23112075386
0.287839004467
0.0
0.0
0.0
0.0
0.0
0.0
0.331698443769
0.0
0.309011644617
0.0
0.0
0.0
0.0
0.440954323619
0.721516146725
0.561949174003
0.25615175231
0.0
0.0
0.0
0.0
0.0
0.551904610395
0.0
0.0
0.267718494793
0.527171155031
0.0
0.0
0.0
-0.0041534580142
0.298637628374
0.0356963275239
0.0389573486395
0.0346063071631
0.0
0.0463712197111
0.529300465205
0.0
0.0
0.441811799052
0.0391076178216
0.0
0.565472080325
0.284169338885
0.69922506922
0.0406259847541
0.0
0.0
0.0
0.0
0.0
0.0
0.316547438781
0.0
0.0
0.0
0.0
0.0
0.667836067152
0.0
0.0
0.334401732877
0.710198727835
0.0
0.0
0.0
0.778591773594
0.0
0.0
0.0
0.0
0.0
0.417901682517
0.0
0.0
0.62467806912
0.0
0.0
0.403608626679
0.0
0.0
0.430648078424
0.717748385048
0.0
0.0
0.0
0.0
0.0
0.717484188603
0.174077253636
0.0339373561086
0.382880367833
0.302889373724
0.251003600642
0.0
0.191410280791
0.221721473484
0.0
0.0
0.192778208346
0.285579750845
0.0
0.267805123069
0.0262364497509
0.032967650076
0.173419850655
0.27873154668
0.0
0.247341729325
0.0
0.0
0.0
0.397366250368
0.0322888210952
0.0349339086369
0.293928053237
0.0
0.397366250368
0.31591316291
0.0
0.0
0.363777750332
0.342526135055
0.0
0.0344164346906
0.0300853702327
0.376241274358
0.0362697666095
0.0
0.0
0.0409119007291
0.0
0.0
0.0309834295007
0.414149492033
6.59139644353e-300
5.17735844114e-301
0.184581228857
0.16850693095
0.0
5.68246674119e-300
6.59139644353e-300
0.0
0.0
6.59139644353e-300
0.19492495391
0.0
0.18123477784
5.17735844114e-301
6.59139644353e-300
5.17735844114e-301
0.189622625893
0.0
5.17735844114e-301
0.0
0.0
0.171409856288
5.05889625445e-300
-0.00487080603537
0.0460570062096
0.0355963021676
0.218543288934
0.70840696335
0.0
1.0
0.221890260391
0.0
0.0
0.0416967778151
0.0389875934403
0.0
0.0381996934882
0.0329369033506
0.0442890708823
0.481047721778
0.0
0.0
0.0463712197111
0.0
0.0
0.191410280791
0.0407805644903
5.17735844114e-301
0.15700294183
0.0439939359801
0.0343512904736
0.144844899753
0.280199334108
0.0
0.0441267285304
0.280091768781
0.0
0.0
0.235437946933
0.153817651403
0.0
0.257269557595
0.0318681794819
0.0423780601264
0.0388928156474
0.149205595634
0.0
0.322259963984
0.0
0.0
0.513570850165
0.0391547780803
0.15397558359
0.0441267285304
0.0
0.0
0.0
0.0
0.0
0.0
0.0
0.0
0.0
0.0
0.0
0.0
0.0
0.0
0.425641665786
0.0
0.0
0.0
0.0
0.0
0.0
0.0
0.0
0.0
0.0
0.0
0.0
0.130398502586
0.0356790368043
0.400051056626
0.121900246159
0.239940082798
0.0
0.0357663272337
0.232659058517
0.0
0.0
0.200993710766
0.128193676804
0.0
0.216691763679
0.0272653999383
0.034608814627
0.0322487575723
0.124974164353
0.0
0.261031096111
0.0
0.0
0.384307940539
0.0324286557638
0.128303354224
0.0357663272337
0.32876105269
0.0
0.146192066357
0.981776966866
0.0451334989581
0.135594219833
0.399975066838
0.0
0.619374238425
0.441815241628
0.0
0.0
0.541449619128
0.495675730751
0.0
0.352786170613
0.52941170254
0.569530676684
0.0533128797953
0.13940836747
0.433333385128
0.0639844949367
0.364592221972
0.0
0.125657743275
0.525752051468
0.143563778956
0.0636638316759
0.770233969747
0.0
0.131933318643
0.185650721445
0.285018239799
0.0314769016051
0.438897435395
0.302953333111
0.0
0.0394939380405
0.254095316937
0.0
0.0
0.539796561806
0.234716576021
0.0
0.682028139506
0.265370663417
0.344216367198
0.0352484655592
0.228729671541
0.261016253365
0.288320921791
0.324009696264
0.0
0.472422782501
0.0354634993278
0.182619939209
0.0394939380405
0.843724073966
0.0
0.326194947512
0.342244587857
0.192892380245
0.322826019602
0.29994669808
0.38060750677
0.287839004467
0.0
0.322826019602
0.266915750336
0.0
0.0
0.449082782222
0.331698443769
0.0
1.0
0.635802315592
0.382619629474
0.0492454404254
1.0
0.350047605989
0.339469389016
0.0
0.0
0.287466317703
0.295408036448
0.189622625893
0.0579483029103
0.537192677398
0.376747306103
0.301185594258
0.505783154091
0.228729671541
0.28748440003
0.373731646838
0.307637616027
0.386117278731
0.726556739101
0.0
0.0311471466604
0.0282271429304
0.0
0.0
0.516376116306
0.264611138465
0.0
0.636811243093
0.422759794771
0.600000050528
0.0284451666939
0.258995941844
0.343242202041
0.187152229067
0.0
0.0
0.297264588499
0.0285850391296
0.28359753243
0.0311471466604
0.133393261807
0.0
0.308658085159
0.12550768474
0.597931756299
0.362112321501
0.194194031601
-0.00333517873281
0.0
0.232572760443
0.289492816141
0.0
-0.00437323437975
-0.00356298475401
0.0
0.0
-0.00338051156748
0.333896577035
0.0
0.310918510029
-0.00327674425447
-0.00402269762041
-0.00395225301722
0.325005257048
0.0
-0.00379680268645
0.0
0.0
0.280360093375
0.0
0.190880378332
-0.00438748334983
0.150297222106
0.0
0.125739106527
0.140360884903
0.230151697357
0.325005257048
0.260334147047
0.0
0.0
0.0
0.527571143087
0.477903017655
0.0
0.0
0.494524588849
0.0
0.0
0.459302331986
0.0
0.0
0.997826661041
0.646297009101
0.0
0.0
0.0
0.489632479706
0.0
0.314114926452
0.483601781357
0.0
0.0
0.0
0.0
0.0
0.0
0.0
0.332183222123
0.365541836275
0.345925623203
0.339278027717
0.0
-0.00397095286873
0.388059491437
0.312244260922
0.316575235952
0.286520494956
0.0
0.0404225580048
0.0356380630514
0.0
0.0
0.414309463847
0.0347898359131
0.0
0.401133804242
0.370245253039
0.351351319343
0.0359863039399
0.0
0.0
0.324302475062
0.0
0.0
0.298742564462
0.0362104629418
5.17735844114e-301
0.0404225580048
0.0388246321223
0.0
0.313587054397
0.0531848465456
0.432446006893
0.532395773551
0.366148132129
-0.00364371746101
0.0
-0.00348572833028
0.2847477794
0.0294546351877
0.376325258411
0.283409221514
0.0
0.0363616162958
0.0324435662241
0.0
0.0
0.296812177267
0.0317390861793
0.0
0.255280823058
0.448941743438
0.343821968181
0.0327319219099
0.0
0.346422139586
0.279884147208
0.0
0.0
0.0283644817298
0.032917266594
5.17735844114e-301
0.0363616162958
0.0350634702208
0.0
0.0295709547386
0.0463709752862
0.309651081933
0.365653314667
0.418023142878
-0.00323101407615
0.342384605525
0.313042065986
0.346653577663
0.0366912101243
0.0297308762741
0.222143082722
0.277574249264
0.0
0.0367835298704
0.238555579578
0.0
0.0
0.205379274147
0.318140849012
0.0
0.297212208087
0.0278525602925
0.0355603669794
0.033073411458
0.310058692895
0.0
0.268476439552
0.0
0.0
0.268630631743
0.0332626548687
0.341017775745
0.0367835298704
0.258035031132
0.0
0.217234556916
0.133542043881
0.23580927134
0.310058692895
0.268447265024
0.770921552295
0.0
0.0330240926463
0.030262873713
0.174909531011
0.468172919769
0.281082188924
0.343890729424
0.399253078299
0.0
0.371089721602
0.410787884722
0.0
0.0
0.400822752263
0.379880754905
0.0
0.626769394563
0.34568473073
0.411249396595
0.0416180525741
0.29423366824
0.0
0.287319939762
0.0
0.403222673324
0.270093540091
0.301710702464
0.17221676388
0.0476681987818
0.136118350737
0.0
0.282169867547
0.414525637212
0.589576010182
0.618717394079
0.583974565171
0.295982291724
0.458802580679
0.422245367828
0.518968351713
0.283395769197
-0.00429910786212
0.297999969975
0.03183689274
0.034405509737
0.309940559838
0.0
0.0400623139016
0.0353577548336
0.0
0.0
0.27087765612
0.0345226622054
0.0
0.475083787247
0.922877201396
0.587154062824
0.0357005128029
0.0
0.271791950067
0.539022451716
0.340781315738
0.0
0.0305670685359
0.0359211146387
5.17735844114e-301
0.0400623139016
0.0384921892547
0.0
0.0319728321888
0.35118850081
0.343890983504
0.33831776358
0.450388748032
-0.00391814734427
0.33452281806
0.323550644686
0.480225463762
0.0327832573948
0.286494533167

Topic 8
Mean 0.265626631203
Median 0.247413135575
Sum 158.375008358
0.0515852267341
0.0564537429962
0.453091959043
0.199039959779
0.355043710302
0.853225491544
-0.00397208811736
-0.00353816081672
0.352218367637
-0.00370271404837
0.0398521688702
0.690466666992
0.392402448841
0.596537340776
0.115040340849
0.0344853745256
0.410584136042
0.463542596203
0.222888151631
0.190002151997
0.289090081502
0.0306951327029
0.251491852699
0.398954478765
0.199961003453
0.0
0.244253477419
0.256208498501
0.204749224571
0.512286610436
0.471019399257
0.247226500958
0.201275878029
0.496557138883
0.425251118187
0.28047280994
-0.00411938213024
-0.00365455913382
0.203706633428
-0.00383038641274
0.167908819443
0.118792769993
0.253871795935
0.0
0.402243701037
0.0313967072258
0.497809946314
0.357736626328
0.298425487095
0.157620352262
0.2792752722
0.279843775663
0.237169897708
0.306954442316
0.162645303875
0.0333843100439
0.335509015219
0.347374063261
0.318943662633
0.197749851391
0.297165668903
0.95053113645
0.190736814999
0.332093879515
0.264641339179
0.284502188349
0.0415036703007
0.0573392673011
0.760655352351
0.276450868541
0.184896123773
0.251434138434
0.284604949316
0.0326444107206
0.454335927886
0.368278305895
0.178533893862
0.298209659634
0.0
0.0
0.0
0.0
0.0
0.0
0.0
0.0
0.0
0.0
0.0
0.0
0.0
-0.00410279653771
-0.00364149940476
0.364400119305
-0.00381604226681
0.348717561528
0.118293727616
0.196369553296
0.0
0.208435549097
0.172862216423
0.161977440711
0.204656564143
0.190920468964
0.0
0.498311989318
0.0581943822219
0.0644661718599
0.215849380627
-0.00428100390469
0.04368504044
0.0373187321272
0.0329198065704
0.222579992945
-0.00445259426481
0.033728100561
0.036032679215
0.0456774330376
0.0
-0.00443322328188
0.0
0.0
0.0
0.0
0.0
0.0
0.0
0.363541670701
0.0
0.0
0.499904281541
0.0
0.0
0.0
0.0
0.0
0.0309759231554
0.459156315694
0.662781153871
0.201671942916
-0.00316437365648
0.396797391242
0.363859267656
0.333438755187
0.453804360675
0.333126915472
0.432846911002
0.192292930027
0.447902756665
0.0
-0.00324677701926
0.0332429876191
0.303773402968
0.0313254536544
0.0395746166068
0.267371235135
0.0292790649686
0.0
0.0322829906359
0.0286687980544
0.0259998351535
0.282939732236
0.0
0.0265014382745
0.0279037178613
0.0333582609337
0.0
0.0
0.0336458859478
0.0
0.0262010116394
0.191352510105
0.429119006652
0.487305562963
0.233420116296
0.120023499719
0.490313500979
0.438481594045
0.844900997699
0.65066182278
0.124113834067
0.291649780088
0.220947006742
0.14837573592
0.0
0.123569185863
0.206838046737
0.0
0.378341207153
0.0298756549014
-0.00411758258447
-0.00365314272009
0.21595126702
-0.00382883045706
0.176141078434
0.124562513505
0.365614682478
0.0
0.286249512184
0.234688998054
0.170357678321
0.382066566252
0.260715100618
0.0
0.181599989509
-0.00445049189247
0.0
-0.00325602976453
0.0
0.130425772356
0.193840906895
0.0446930837115
0.0483020643534
0.22634283187
-0.00361908842839
0.0356097852875
0.0312624739615
0.0281152493438
0.184662392647
-0.00374096405721
0.0287027186277
0.0303548887924
0.0369225958725
0.0
-0.00372728064029
0.209748559111
0.0
0.0283506422683
0.0286431566544
0.173694898925
-0.00373947988862
0.0
0.0
0.600560407868
0.0
0.118295731259
0.117254743534
0.138721408245
0.0
0.147151240086
0.122267202104
0.114634398721
0.144512233332
0.593818519447
0.0
0.121738605952
0.0
0.0
0.0
0.0
0.122435909702
0.128388081442
0.0
0.0363010818814
0.500866439579
0.630156219676
0.333452794963
0.171953589068
0.313118366227
0.35500025166
0.373089978407
0.414408657149
0.341600029924
0.32764625294
0.370490512151
0.378449610834
0.0
0.177152200358
0.0394542957463
0.360406033587
0.366345027067
0.291293917652
0.231225876758
0.327497903491
0.0327473523028
0.125273077883
0.45033753516
0.0507015832018
0.0553971436137
0.196689387838
-0.00392942731823
0.0393227179244
0.0340882109659
0.0303800760818
0.202262713266
-0.00407351701726
0.0310671613247
0.0330119663208
0.0409297444638
0.0
-0.00405729796889
0.624075658664
0.0
0.0306551061935
0.0309973940238
0.189179011038
-0.00407175731206
0.191610840199
0.0
0.035861261481
0.0357848088046
0.458943515561
0.815854025035
0.327671419667
0.170418576805
0.421307902557
0.333550511247
0.195325316576
0.274600695903
0.226800889274
0.322593917286
0.34790109793
0.60953784799
0.0
0.175523409706
0.0388451899215
0.0
0.196957522551
0.0295611824308
0.227127683279
0.308030156084
0.0323266278029
0.502249372393
0.359468401924
0.0353573360148
0.0392848230543
0.677157998025
0.444759708627
0.0361189501676
0.184436525236
0.824737292074
0.386208284052
0.403544054823
0.303494161337
0.246156347229
0.178105343835
0.404612345931
0.274943944436
0.0
0.190430472623
0.0430042472771
0.35547854163
0.302583659807
0.031909682601
0.136808448425
0.353878121449
0.0351561139812
0.134568152494
0.839232561174
0.0387702422815
0.48226192065
0.0389919089683
0.721336199393
0.430310205579
0.353475307081
-0.00387501435649
0.515443690438
0.333131776633
0.277404946836
0.581093746815
-0.00401506998765
0.344992795756
0.334108112311
0.0421923007192
0.0
-0.00399931212357
0.0426534898477
0.0
0.448993516353
0.0317161545302
0.349997568022
-0.00401336040627
0.0349213492588
0.0
0.387503106398
0.0384849236697
0.380456006167
0.507990559311
0.196074668974
0.938914566905
1.0
0.232157616037
0.108980978792
0.445569153673
0.377833866752
0.35168709551
0.382786601958
0.112342749462
0.526241168891
0.21981550117
0.458994790351
0.0
0.111896326447
0.212366470397
0.393209943796
0.636691426609
0.250513904646
0.46365749119
0.117489377559
0.1775769258
0.110966239705
0.441163979768
0.193793211417
0.285570211795
0.311962994642
0.347970078148
0.0378157787771
0.500817171828
0.53175933111
0.459364202168
-0.0032866681119
0.268088478994
0.379498507937
0.358014579441
0.384495268866
0.405215371867
0.471625824552
0.20602202086
0.297064869161
0.0
-0.00337565344212
0.0412500715694
0.0
0.44886354698
0.0309335925616
0.395279110372
-0.00338565644784
0.0339749854013
0.0
0.214931119351
0.0373387299539
0.211385754226
0.0386704830261
0.305548997826
0.529602864311
0.031849481738
0.514527172741
0.67046869531
0.0297363635823
0.285823836631
0.463546870723
0.237975145884
0.0263598062505
0.375603653995
0.506404512987
0.154234778614
0.247413135575
0.345821690892
0.0
0.293793875022
0.0342511742161
0.0
0.0265666140835
0.0268233058617
0.483156422418
0.221039337305
0.0290806585497
0.115627267779
0.322193385559
0.0315104138081
0.71880329751
0.71535832953
0.410624963132
0.439650850474
0.0314444852339
0.196351491791
0.32855703702
0.300961344003
0.182168642566
-0.00365954631297
0.310078575363
0.0316294931272
0.0284117413302
0.186939453837
-0.0037842090052
0.0290117985936
0.0307007894258
0.037435635133
0.0
-0.00377020799553
0.212691244768
0.0
0.0286521463748
0.0289509483092
0.175708038884
-0.00378269033174
0.177803951032
0.0
0.333378391265
0.19406362524
0.32452737371
0.355746110908
0.0353799357137
0.289748852232
0.0344088989622
0.303359928978
0.0353111461044
0.304936276079
0.345213170629
0.227835550603
0.18154251259
0.295027611587
0.311433948372
0.261192723344
0.443840644978
0.361352079343
0.285403913315
0.291459203662
0.402845119313
0.0
0.187346872573
0.0382876769992
0.0
0.281831211766
0.0292372038425
0.326125807516
0.255540701819
0.03193959438
0.132410731527
0.683995979445
0.0348948490137
0.246216479755
0.269195561626
0.341040977281
0.324364761917
0.287196536546
0.339707384252
0.0323227818468
-0.00415920067586
-0.00368586442793
0.205590404892
-0.00386479065524
0.169186610068
0.119688665801
0.348625407251
0.0
0.27211868818
0.225105094845
0.163843953205
0.363552640082
0.24894101976
0.0
0.174216814159
-0.00449915149954
0.0
-0.0032819988561
0.0
0.125092117289
0.957072491001
-0.00377377380094
0.123216479721
0.313800013576
-0.00411244963129
0.295299594762
0.337938304721
-0.00405288821628
0.11314367065
-0.0034137433421
0.212517586912
-0.00381778508819
0.244219194761
0.0339819895205
0.559044039536
0.203986498668
0.0315870660321
0.168098918864
0.447014543725
0.254209686437
0.71010266868
0.402812184263
0.531636679342
0.162823665501
0.265008525899
0.547404229161
0.0
0.173063704076
0.0367299378236
0.574204486039
0.758235981174
0.0283200434685
0.816542201975
0.234977726026
0.0308482168863
0.122408409637
0.342009934177
0.0335962713305
0.311854070086
0.551069160262
0.438491073849
0.112461952495
0.033521335852
0.50274880446
0.0312055182165
0.361810788992
0.225370709621
0.0382169654457
0.538426334898
0.53175933111
0.459364202168
0.182007278022
0.335171611211
0.380140135137
0.0305761305885
0.332073864563
0.242794232731
0.17583898772
0.397957066851
0.297064869161
0.0
0.187841873007
0.0417278960974
0.0
0.0308547381848
0.29767809998
0.134937015295
0.348776689652
0.0342984682422
0.132757102862
0.766433215715
0.03772980613
0.352117463911
0.389173094531
0.038800081949
0.470045219599
1.0
0.327335296402
0.358492281309
0.265179768093
0.333283069883
0.243103261268
0.0339308819984
0.0438260530582
0.36060745765
0.229559404548
0.487393259316
0.212040674986
0.57614581976
0.0277696490512
0.248752394583
0.208874482608
0.160627188814
0.527357053625
0.264389977888
0.0
0.705105616917
0.03667023776
0.0
0.0279992668845
0.0282845389282
0.122468985511
0.297744127565
0.0308060950214
0.120670620482
0.290666581107
0.0335463165798
0.273769809507
0.311260309948
0.0343897530884
0.110993408076
0.243595879608
0.291323577525
0.0311624156243
0.225231464796
0.286378943428
0.209103155882
0.307306764047
0.0
0.0
0.0
0.0
0.0
0.0
0.0
0.0
0.0
0.0
0.0
0.0
0.0
0.0
0.0
0.0
0.0
0.0
0.0
0.0
0.0
0.0
0.0
0.0
0.0
0.0
0.0
0.0
0.0
0.0
0.0
0.0
0.0
0.0
0.0
0.0
0.0
0.0340743784897
0.561009618544
0.815051117645
0.230461637122
0.17713637474
0.448270388264
0.368066503736
0.0278656904306
0.28829593007
0.236062822954
0.171288515987
0.384744813651
0.621626251078
0.0
0.182658118928
0.0368378967099
0.0
0.0280969058899
0.02838418121
0.131190388907
0.338586438157
0.0309243325041
0.510428236711
0.329463774765
0.0336865720636
0.676381542399
0.552548355861
0.439699418503
0.118109477385
0.244612064143
0.366833472901
0.0312834094992
0.257170343125
0.323965974431
0.501738634379
0.351007190264
0.299368133668
0.0
0.0403603026453
0.683129771002
0.394780099855
0.257722510581
-0.00393253371742
0.522972468475
0.351216255432
0.290742337076
0.953503889758
-0.00407685550975
0.318461085495
0.242601062413
0.0437991726382
0.0
-0.00406060991853
0.044296365962
0.0
0.469884612724
0.032615628125
0.370014577194
-0.00407509291963
0.0360149426822
0.0
0.360199660029
0.0398173561027
0.359287910992
0.515301640483
0.607724657824
0.367749294285
0.320694647334
0.415388885319
0.356182864509
0.36001883166
-0.00411585227064
0.443927801027
0.389695841943
0.0354497997699
0.0
0.445166337604

