Topic 3
Mean 0.395203005315
Median 0.395203005315
Sum 0.395203005315
0.0
0.0
0.0
0.0
0.0
0.0
0.0
0.395203005315
0.0
0.0

Topic 7
Mean 0.384782422956
Median 0.296389882182
Sum 2.30869453774
0.790347137944
0.0355185146337
0.0344617873658
0.0
0.0
0.0
0.557261249731
0.857239788607
0.0338660594551
0.0

Topic 6
Mean 0.247093879552
Median 0.294763371783
Sum 0.988375518206
0.0
0.0
0.0
0.352905978966
0.264706786156
0.0
0.32481995741
0.0
0.0
0.0459427956743

Topic 0
Mean 0.251842899157
Median 0.251842899157
Sum 0.251842899157
0.0
0.0
0.0
0.0
0.0
0.0
0.0
0.251842899157
0.0
0.0

Topic 9
Mean 0.324921189855
Median 0.249479641523
Sum 1.94952713913
0.295244237819
0.0
0.0
0.203715045227
5.17735844114e-301
0.0
0.695021020456
0.0375103890625
0.0
0.718036446567

Topic 4
Mean 0.195358709375
Median 0.229083937172
Sum 1.55211853146
0.0536117534739
0.0363616162958
0.284633264216
0.0417214224212
0.342400353053
0.345973391194
-0.0050108424554
-0.0057403010801
0.187571246807
0.270596627537

Topic 5
Mean 0.250001078338
Median 0.218071479565
Sum 1.50000647003
0.0
0.0
0.395203005315
0.0
0.379485506223
0.049343625555
0.0
0.0472449775718
0.572071902454
0.0566574529073

Topic 2
Mean 0.304147212895
Median 0.15487321043
Sum 3.04147212895
0.579499943085
0.0399663281497
0.882785413744
0.320401815235
0.777754317255
0.055392516283
0.0374541595773
0.0431826322378
0.254353904576
0.0506810988121

Topic 1
Mean 0.1953447536
Median 0.127030769896
Sum 1.1720685216
0.0
0.0
0.373027005649
0.0
0.204707224623
0.0493543151692
0.0
0.461461246967
0.0429570361473
0.0405616930418

Topic 8
Mean 0.139466293662
Median 0.0432925209449
Sum 0.961902569231
-0.00517025640928
5.17735844114e-301
0.20415908348
0.0432925209449
-0.00418038753677
6.59139644353e-300
0.268126641347
-0.0050108424554
5.68246674119e-300
0.460685809861

