Topic 0
Mean 0.194765684051
Median 0.111111111111
Sum 4.09007936508
0.0
0.0
0.0
0.0
0.0
0.111111111111
0.0
0.0
0.166666666667
0.1
0.0
0.0
0.111111111111
0.142857142857
0.0833333333333
0.0
0.0
0.0
0.0
0.0
0.0
0.0
0.0
0.25
0.111111111111
0.25
0.25
0.0
0.0
0.0
0.111111111111
0.111111111111
0.0833333333333
0.111111111111
0.0
0.111111111111
0.0
0.0
0.166666666667
0.111111111111
1.0
0.25
0.0
0.333333333333
0.125

Topic 9
Mean 0.190652264402
Median 0.0833333333333
Sum 1.90652264402
0.0
0.0
0.0833333333333
0.0
0.0
0.0
0.0
0.0
0.0
0.0
0.0
0.0
0.0
0.0
0.0
0.0
0.0714285714286
0.2
0.0
0.0
0.0
0.0
0.0769230769231
1.0
0.0
0.0
0.0
0.166666666667
0.0
0.0
0.0
0.0
0.0
0.0
0.0
0.0
0.0
0.0625
0.0714285714286
0.0
0.0
0.0
0.0909090909091
0.0833333333333
0.0

Topic 8
Mean 0.17752630086
Median 0.125
Sum 7.98868353868
0.2
0.1
0.333333333333
0.111111111111
0.125
0.0909090909091
0.25
0.2
0.0909090909091
0.111111111111
0.1
0.166666666667
0.0833333333333
0.25
0.1
0.125
0.0909090909091
0.0714285714286
0.0833333333333
0.111111111111
0.0769230769231
0.25
0.2
0.0909090909091
0.125
0.333333333333
0.1
0.0909090909091
0.25
0.333333333333
0.1
0.125
0.333333333333
0.111111111111
0.0909090909091
0.333333333333
0.25
0.333333333333
0.1
0.333333333333
0.333333333333
0.142857142857
0.0909090909091
0.333333333333
0.333333333333

Topic 2
Mean 0.172419775991
Median 0.142857142857
Sum 3.62081529582
0.0909090909091
0.142857142857
0.0909090909091
0.0
0.0
0.0
0.25
0.0909090909091
0.111111111111
0.0
0.333333333333
0.1
0.125
0.0
0.25
0.0
0.0
0.0
0.0
0.0
0.0
0.25
0.0909090909091
0.111111111111
0.0
0.2
0.25
0.0
0.0
0.0
0.0
0.0
0.0
0.0
0.0
0.0
0.25
0.0909090909091
0.142857142857
0.0
0.2
0.25
0.0
0.2
0.0

Topic 1
Mean 0.172339466089
Median 0.154761904762
Sum 4.82550505051
0.0
0.111111111111
0.0
0.333333333333
0.0
0.1
0.0
0.0
0.0
0.0
0.2
0.0
0.0909090909091
0.2
0.0
0.2
0.0
0.125
0.2
0.0
0.25
0.5
0.0
0.1
0.25
0.0
0.142857142857
0.166666666667
0.0833333333333
0.0
0.0714285714286
0.0909090909091
0.0
0.166666666667
0.142857142857
0.0833333333333
0.2
0.0
0.0909090909091
0.333333333333
0.0
0.142857142857
0.166666666667
0.2
0.0833333333333

Topic 6
Mean 0.161016628874
Median 0.142857142857
Sum 3.38134920635
0.0
0.0
0.0
0.0
0.0
0.142857142857
0.0
0.0
0.125
0.166666666667
0.0
0.0
0.166666666667
0.111111111111
0.111111111111
0.0
0.0
0.0
0.0
0.0
0.0
0.0
0.0
0.1
0.25
0.111111111111
0.111111111111
0.0
0.0
0.0
0.25
0.166666666667
0.142857142857
0.125
0.0
0.125
0.0
0.0
0.142857142857
0.25
0.166666666667
0.166666666667
0.0
0.25
0.2

Topic 4
Mean 0.157301864802
Median 0.111111111111
Sum 7.07858391608
0.1
0.2
0.166666666667
0.125
0.111111111111
0.0769230769231
0.0769230769231
0.0909090909091
0.111111111111
0.0769230769231
0.0714285714286
0.0909090909091
0.1
0.0769230769231
0.166666666667
0.111111111111
0.5
0.2
0.125
0.25
0.25
0.0909090909091
0.5
0.142857142857
0.1
0.25
0.25
0.333333333333
0.0625
0.0833333333333
0.0769230769231
0.0666666666667
0.1
0.0909090909091
0.0833333333333
0.0909090909091
0.142857142857
0.25
0.142857142857
0.166666666667
0.25
0.25
0.2
0.2
0.0769230769231

Topic 3
Mean 0.140053927554
Median 0.111111111111
Sum 5.04194139194
0.0
0.0
0.166666666667
0.0
0.2
0.5
0.0
0.166666666667
0.111111111111
0.0833333333333
0.0
0.1
0.1
0.125
0.0769230769231
0.0
0.2
0.333333333333
0.2
0.111111111111
0.1
0.0
0.142857142857
0.1
0.0833333333333
0.0666666666667
0.0769230769231
0.1
0.0
0.111111111111
0.166666666667
0.2
0.0833333333333
0.142857142857
0.0833333333333
0.0833333333333
0.0
0.142857142857
0.125
0.166666666667
0.0833333333333
0.142857142857
0.0833333333333
0.0833333333333
0.2

Topic 5
Mean 0.127279880613
Median 0.1
Sum 5.72759462759
0.0909090909091
0.111111111111
0.0909090909091
0.25
0.0909090909091
0.0909090909091
0.1
0.0833333333333
0.0833333333333
0.2
0.111111111111
0.0769230769231
0.0909090909091
0.0909090909091
0.111111111111
0.2
0.0909090909091
0.111111111111
0.25
0.142857142857
0.1
0.1
0.0833333333333
0.166666666667
0.0833333333333
0.0769230769231
0.111111111111
0.0769230769231
0.166666666667
0.0833333333333
0.1
0.2
0.0909090909091
0.111111111111
0.166666666667
0.0909090909091
0.2
0.0909090909091
0.142857142857
0.25
0.0909090909091
0.111111111111
0.2
0.166666666667
0.2

Topic 7
Mean 0.11803643887
Median 0.1
Sum 4.24931179931
0.0
0.0769230769231
0.0
0.111111111111
0.0
0.0909090909091
0.0909090909091
0.0
0.0769230769231
0.2
0.0909090909091
0.0
0.0769230769231
0.2
0.333333333333
0.0909090909091
0.0
0.0909090909091
0.111111111111
0.0909090909091
0.0909090909091
0.1
0.0
0.1
0.125
0.1
0.1
0.25
0.125
0.0
0.1
0.166666666667
0.125
0.125
0.2
0.166666666667
0.0714285714286
0.0
0.0714285714286
0.0833333333333
0.0714285714286
0.0714285714286
0.0833333333333
0.1
0.0909090909091

