Topic 6
Mean 2.33137158721
Median 2.67127752987
Sum 48.9588033315
0.0
0.0
0.0
0.0
0.0
2.67127752987
0.0
0.0
2.67127752987
3.68633587351
0.0
0.0
4.60064365519
2.67127752987
2.67127752987
0.0
0.0
0.0
0.0
0.0
0.0
0.0
0.0
0.258867922057
4.87841428675
0.258867922057
0.258867922057
0.0
0.0
0.0
4.030320622
2.67127752987
2.67127752987
4.030320622
0.0
1.45665308339
0.0
0.0
0.258867922057
2.52944812723
0.258867922057
1.05525050774
0.0
2.52944812723
2.83996363694

Topic 3
Mean 2.47857540029
Median 2.52163044914
Sum 79.1885971583
0.0
0.0
3.68633587351
0.0
2.4073371456
6.70352506916
0.0
3.29569822177
2.8412333706
0.258867922057
0.0
0.258867922057
0.258867922057
2.52163044914
0.258867922057
0.0
4.25179587426
7.46599377392
4.56834585101
3.29569822177
0.258867922057
0.0
2.58818279411
2.46487936388
1.901615776
-0.0314539127118
-0.0314539127118
1.901615776
0.0
0.258867922057
3.40989710727
3.40989710727
0.258867922057
2.52163044914
0.258867922057
-0.0314539127118
0.0
3.68633587351
3.68633587351
2.52163044914
0.258867922057
2.52163044914
0.258867922057
-0.0314539127118
5.07448871887

Topic 8
Mean 2.42182730449
Median 2.52089831331
Sum 108.982228702
3.52097462311
1.88395990989
4.0169117007
0.258867922057
0.258867922057
0.258867922057
5.17095834295
0.258867922057
0.258867922057
0.258867922057
0.258867922057
6.47065149922
0.258867922057
5.29243235454
0.258867922057
3.29569822177
0.258867922057
0.258867922057
0.258867922057
3.29569822177
0.258867922057
3.23016303709
0.258867922057
0.258867922057
2.52089831331
3.46734801976
0.258867922057
2.65803170655
4.05787786643
3.40989710727
1.88395990989
2.52089831331
3.46734801976
2.67127752987
1.47825664166
5.6320668157
3.52097462311
5.65937173778
0.258867922057
4.49511013899
2.83769948638
4.030320622
1.47825664166
5.6320668157
6.98236580701

Topic 4
Mean 2.44726292734
Median 2.46487936388
Sum 105.200851963
2.52944812723
4.243752572
1.05525050774
3.29569822177
2.52944812723
-0.0314539127118
1.47825664166
1.05525050774
1.901615776
0.0
1.47825664166
1.05525050774
1.901615776
0.258867922057
2.58818279411
3.29569822177
6.15771662112
2.83769948638
3.29569822177
1.901615776
1.901615776
1.47825664166
4.87689762696
2.83769948638
0.258867922057
2.58818279411
2.58818279411
4.87689762696
1.47825664166
1.80186789467
1.901615776
0.258867922057
2.46487936388
2.46487936388
1.901615776
2.65736164002
3.29569822177
3.46734801976
2.83769948638
3.29569822177
1.901615776
1.901615776
4.59804761536
2.83769948638
1.901615776

Topic 1
Mean 2.21502369197
Median 2.29936554321
Sum 62.0206633752
0.0
1.88395990989
0.0
6.20895380081
0.0
0.258867922057
0.0
0.0
0.0
0.0
2.4073371456
0.0
0.258867922057
2.4073371456
0.0
2.4073371456
0.0
0.258867922057
2.83996363694
0.0
2.52944812723
5.87477909224
0.0
1.88395990989
2.52089831331
0.0
2.19139394082
2.19139394082
0.258867922057
0.0
0.258867922057
0.258867922057
0.0
3.29569822177
2.52944812723
0.258867922057
3.40989710727
0.0
1.88395990989
6.34752937895
0.0
2.67127752987
1.05525050774
3.40989710727
0.258867922057

Topic 5
Mean 1.80735688869
Median 1.901615776
Sum 75.8146275868
1.88395990989
0.258867922057
0.258867922057
5.64691806841
1.88395990989
0.258867922057
2.67127752987
1.88395990989
0.258867922057
6.43064828856
2.58818279411
0.258867922057
0.258867922057
1.05525050774
2.46487936388
1.901615776
1.88395990989
0.258867922057
2.4661451261
4.05761166247
1.901615776
0.258867922057
0.258867922057
2.8412333706
0.258867922057
0.258867922057
2.35693924394
0.258867922057
1.901615776
-0.0314539127118
-0.0314539127118
1.05525050774
1.901615776
1.901615776
2.83769948638
-0.0314539127118
1.901615776
0.258867922057
2.8412333706
1.05525050774
1.901615776
2.35693924394
2.83769948638
3.29569822177
2.83769948638

Topic 7
Mean 1.30675370498
Median 1.45665308339
Sum 40.3520952907
0.0
0.258867922057
0.0
1.45665308339
0.0
0.258867922057
1.45665308339
0.0
0.258867922057
3.07502873886
1.45665308339
0.0
0.258867922057
3.07502873886
3.90568410763
-0.0314539127118
0.0
-0.0314539127118
-0.0314539127118
-0.0314539127118
-0.0314539127118
0.258867922057
0.0
1.88395990989
0.258867922057
0.258867922057
0.258867922057
1.47825664166
1.45665308339
0.0
0.258867922057
1.45665308339
1.45665308339
1.45665308339
2.83769948638
2.52163044914
0.258867922057
0.0
0.258867922057
0.258867922057
0.258867922057
0.258867922057
1.901615776
4.10812273735
1.901615776

Topic 2
Mean 1.26129298921
Median 1.45665308339
Sum 26.4871527735
0.258867922057
1.45665308339
0.258867922057
0.0
0.0
0.0
0.258867922057
1.88395990989
0.258867922057
0.0
0.258867922057
1.88395990989
0.258867922057
0.0
1.88395990989
0.0
0.0
0.0
0.0
0.0
0.0
0.258867922057
1.88395990989
0.258867922057
0.0
1.901615776
2.67127752987
0.0
0.0
0.0
0.0
0.0
0.0
0.0
0.0
0.0
0.258867922057
0.258867922057
2.8412333706
0.0
2.83769948638
2.75253889114
0.0
1.901615776
0.0

Topic 9
Mean 1.20610342567
Median 0.258867922057
Sum 12.0610342567
0.0
0.0
1.47825664166
0.0
0.0
0.0
0.0
0.0
0.0
0.0
0.0
0.0
0.0
0.0
0.0
0.0
0.258867922057
1.88395990989
0.0
0.0
0.0
0.0
0.258867922057
5.26165026291
0.0
0.0
0.0
1.88395990989
0.0
0.0
0.0
0.0
0.0
0.0
0.0
0.0
0.0
0.258867922057
0.258867922057
0.0
0.0
0.0
0.258867922057
0.258867922057
0.0

Topic 0
Mean 1.8721630901
Median 0.258867922057
Sum 39.3154248921
0.0
0.0
0.0
0.0
0.0
0.258867922057
0.0
0.0
4.60064365519
0.258867922057
0.0
0.0
0.258867922057
1.45665308339
0.258867922057
0.0
0.0
0.0
0.0
0.0
0.0
0.0
0.0
4.05787786643
0.258867922057
4.56834585101
0.258867922057
0.0
0.0
0.0
2.67127752987
0.258867922057
0.258867922057
0.258867922057
0.0
2.52163044914
0.0
0.0
4.60064365519
0.258867922057
5.26165026291
0.258867922057
0.0
4.05787786643
2.67127752987

