Topic 1
Mean 2.7932765302
Median 2.62973016199
Sum 318.433524443
0.0
1.88395990989
0.0
6.20895380081
0.0
0.258867922057
0.0
0.0
0.0
0.0
2.4073371456
0.0
0.258867922057
2.4073371456
0.0
2.4073371456
0.0
0.258867922057
2.83996363694
0.0
2.52944812723
5.87477909224
0.0
1.88395990989
2.52089831331
0.0
2.19139394082
2.19139394082
0.258867922057
0.0
0.258867922057
0.258867922057
0.0
3.29569822177
2.52944812723
0.258867922057
3.40989710727
0.0
1.88395990989
6.34752937895
0.0
2.67127752987
1.05525050774
3.40989710727
0.258867922057
0.0
0.0
0.0
0.0
0.0
0.0
0.0
0.0
0.0
0.0
4.80335301107
0.0
0.258867922057
6.8975603342
0.0
2.58818279411
1.05525050774
3.74236277852
0.258867922057
6.34752937895
0.0
6.20895380081
0.0
0.258867922057
6.66949908753
0.0
0.258867922057
0.258867922057
6.12927174772
0.258867922057
6.34752937895
0.0
8.41645546321
1.47825664166
0.0
0.0
0.0
0.0
1.47825664166
1.05525050774
1.47825664166
0.0
1.47825664166
0.0
1.47825664166
0.0
6.70352506916
0.0
1.88395990989
4.58301236937
0.0
3.68633587351
2.52944812723
7.14395331171
2.8412333706
3.40989710727
0.0
3.74236277852
2.52089831331
1.47825664166
3.40989710727
0.0
1.88395990989
3.50163155289
0.0
0.258867922057
2.83996363694
3.40989710727
0.258867922057
4.47112142302
0.0
3.50163155289
0.258867922057
0.0
3.50163155289
4.44164224497
0.0
0.258867922057
5.73645626715
0.0
6.62049699593
2.83996363694
2.83769948638
0.258867922057
4.030320622
0.0
2.83769948638
3.83566619559
1.47825664166
7.48192699003
3.52097462311
2.83769948638
0.0
1.88395990989
0.258867922057
0.0
1.901615776
5.10439641431
2.83769948638
0.258867922057
1.901615776
0.0
2.83769948638
0.258867922057
1.47825664166
5.70009490222
1.88395990989
5.04550132091
3.46734801976
0.0
0.258867922057
3.46734801976
0.0
2.19139394082
3.98589350794
2.75253889114
0.258867922057
0.258867922057
0.0
2.75253889114
4.02013437842
0.0
2.88105501423
3.52097462311
5.94035693454
3.2638231573
0.0
0.0
0.0
0.0
0.0
0.0
0.0
0.0
0.0
0.0
0.0
0.0
0.0
0.0
0.0
0.0
0.0
0.0
0.0

Topic 8
Mean 2.57434182553
Median 2.65803170655
Sum 419.617717561
3.52097462311
1.88395990989
4.0169117007
0.258867922057
0.258867922057
0.258867922057
5.17095834295
0.258867922057
0.258867922057
0.258867922057
0.258867922057
6.47065149922
0.258867922057
5.29243235454
0.258867922057
3.29569822177
0.258867922057
0.258867922057
0.258867922057
3.29569822177
0.258867922057
3.23016303709
0.258867922057
0.258867922057
2.52089831331
3.46734801976
0.258867922057
2.65803170655
4.05787786643
3.40989710727
1.88395990989
2.52089831331
3.46734801976
2.67127752987
1.47825664166
5.6320668157
3.52097462311
5.65937173778
0.258867922057
4.49511013899
2.83769948638
4.030320622
1.47825664166
5.6320668157
6.98236580701
3.29569822177
0.258867922057
0.258867922057
0.258867922057
4.59804761536
0.258867922057
3.29569822177
1.47825664166
1.901615776
2.58818279411
3.40989710727
3.40989710727
1.88395990989
5.29243235454
0.258867922057
5.29243235454
0.258867922057
0.258867922057
3.40989710727
1.45665308339
0.258867922057
0.0
0.0
0.0
0.0
0.0
0.0
0.0
0.0
0.0
0.0
0.0
0.0
3.29569822177
0.258867922057
0.258867922057
0.258867922057
3.29569822177
0.258867922057
6.53721708797
3.93610638673
3.93610638673
2.94156252171
3.29569822177
0.258867922057
0.0
1.47825664166
0.0
0.0
0.0
1.47825664166
0.0
2.65803170655
7.27725571303
1.47825664166
1.47825664166
1.47825664166
0.0
0.0
0.0
1.901615776
1.88395990989
1.88395990989
0.258867922057
1.901615776
0.258867922057
2.77189465128
2.65803170655
1.901615776
2.58818279411
2.58818279411
1.88395990989
0.0
0.258867922057
2.65803170655
7.25416421293
3.40989710727
1.88395990989
1.45665308339
3.29569822177
2.67127752987
3.29569822177
3.23016303709
4.99828834645
4.99828834645
6.38298370809
3.40989710727
0.0
3.29569822177
2.65803170655
2.77189465128
2.52944812723
2.67127752987
0.258867922057
0.258867922057
2.52944812723
2.67127752987
2.52944812723
4.34968295362
6.90738806576
2.67127752987
2.52944812723
0.258867922057
0.0
2.52944812723
1.47825664166
1.47825664166
2.67127752987
4.05787786643
6.45094695241
1.88395990989
0.258867922057
3.46734801976
4.030320622
2.8412333706
3.46734801976
5.87477909224
4.030320622
2.8412333706
3.40989710727
0.0
2.8412333706
0.0
1.88395990989
4.05787786643
4.85330544807
2.52944812723
2.67127752987
0.258867922057
0.258867922057
2.52944812723
4.030320622
2.52944812723
4.26844152781
4.26844152781
4.26844152781
2.52944812723
0.258867922057
0.0
2.52944812723
0.0
0.258867922057
5.50329216319
3.68633587351
4.030320622

Topic 0
Mean 2.51580474682
Median 2.67127752987
Sum 241.517255695
0.0
0.0
0.0
0.0
0.0
0.258867922057
0.0
0.0
4.60064365519
0.258867922057
0.0
0.0
0.258867922057
1.45665308339
0.258867922057
0.0
0.0
0.0
0.0
0.0
0.0
0.0
0.0
4.05787786643
0.258867922057
4.56834585101
0.258867922057
0.0
0.0
0.0
2.67127752987
0.258867922057
0.258867922057
0.258867922057
0.0
2.52163044914
0.0
0.0
4.60064365519
0.258867922057
5.26165026291
0.258867922057
0.0
4.05787786643
2.67127752987
0.0
0.0
2.52163044914
3.07502873886
2.83769948638
2.43221116349
0.0
2.83769948638
3.93610638673
1.88395990989
0.0
0.0
2.52163044914
0.258867922057
1.47825664166
0.258867922057
0.0
3.46734801976
2.52163044914
0.258867922057
3.0438081324
0.0
0.0
0.0
0.0
0.0
0.0
0.0
0.0
0.0
0.0
0.0
0.0
0.0
0.0
0.0
0.0
0.0
0.0
0.0
2.19139394082
0.0
0.0
2.88105501423
0.0
0.0
0.0
0.0
2.67127752987
4.87841428675
1.901615776
0.258867922057
0.0
2.4073371456
3.68633587351
2.67127752987
2.58818279411
1.47825664166
0.0
2.19139394082
0.0
0.0
4.60064365519
0.258867922057
5.26165026291
0.258867922057
0.0
4.05787786643
0.258867922057
5.26165026291
1.88395990989
0.258867922057
0.0
0.0
0.258867922057
0.0
0.0
4.60064365519
1.45665308339
5.08107100209
5.19613229774
0.0
4.05787786643
2.67127752987
6.34173350974
2.88105501423
0.258867922057
0.0
4.49118520715
2.67127752987
4.83207011445
0.0
0.0
4.34968295362
0.258867922057
1.05525050774
0.258867922057
0.0
3.46734801976
3.68633587351
2.67127752987
2.65736164002
3.46734801976
0.0
0.0
3.68633587351
0.258867922057
2.67127752987
0.0
0.0
4.030320622
1.45665308339
2.83769948638
1.45665308339
0.0
4.4755190297
4.76291215958
4.030320622
5.29243235454
1.47825664166
0.0
2.19139394082
3.68633587351
0.258867922057
4.030320622
3.68633587351
0.0
0.0
0.0
0.0
0.0
0.0
0.0
0.0
0.0
0.0
0.0
0.0
0.0
0.0
0.0
0.0
0.0
0.0
0.0

Topic 4
Mean 2.46608534831
Median 2.52089831331
Sum 342.534232114
2.52944812723
4.243752572
1.05525050774
3.29569822177
2.52944812723
-0.0314539127118
1.47825664166
1.05525050774
1.901615776
0.0
1.47825664166
1.05525050774
1.901615776
0.258867922057
2.58818279411
3.29569822177
6.15771662112
2.83769948638
3.29569822177
1.901615776
1.901615776
1.47825664166
4.87689762696
2.83769948638
0.258867922057
2.58818279411
2.58818279411
4.87689762696
1.47825664166
1.80186789467
1.901615776
0.258867922057
2.46487936388
2.46487936388
1.901615776
2.65736164002
3.29569822177
3.46734801976
2.83769948638
3.29569822177
1.901615776
1.901615776
4.59804761536
2.83769948638
1.901615776
1.47825664166
4.87689762696
2.83769948638
-0.0314539127118
1.901615776
1.901615776
4.87689762696
5.22977482363
1.901615776
2.83769948638
6.53721708797
5.47389731506
4.243752572
3.29569822177
1.47825664166
1.47825664166
3.29569822177
2.67127752987
1.47825664166
4.25179587426
1.47825664166
4.243752572
5.363216687
4.243752572
3.29569822177
1.47825664166
1.47825664166
5.363216687
1.47825664166
1.47825664166
4.25179587426
1.47825664166
6.75609151219
0.258867922057
2.52163044914
-0.0314539127118
0.258867922057
0.0
2.52089831331
2.52163044914
4.030320622
2.65736164002
2.52163044914
-0.0314539127118
3.68633587351
0.258867922057
0.258867922057
0.258867922057
0.0
0.258867922057
0.0
0.258867922057
0.258867922057
2.67127752987
0.258867922057
0.258867922057
0.0
5.92359866041
0.258867922057
3.68633587351
0.0
0.0
0.0
0.0
0.0
0.0
0.0
0.0
0.0
0.0
0.0
0.0
0.0
0.0
0.0
0.0
0.0
0.0
0.0
0.0
0.0
0.0
0.0
0.0
0.0
0.0
0.0
0.0
0.0
0.0
0.0
1.47825664166
5.92213544768
1.901615776
0.258867922057
6.00941700816
2.58818279411
3.46734801976
2.58818279411
2.46487936388
3.46734801976
1.901615776
1.47825664166
1.47825664166
2.52163044914
0.258867922057
0.0
0.0
1.47825664166
1.05525050774
1.901615776
-0.0314539127118
2.58818279411
5.34602883251
1.901615776
2.58818279411
2.46487936388
1.901615776
1.901615776
1.47825664166
1.47825664166
-0.0314539127118
-0.0314539127118
0.0
0.0
2.58818279411
0.258867922057
3.46734801976
2.75253889114
0.258867922057
0.0
0.258867922057
3.46734801976
4.59215404346
2.65736164002
3.46734801976
2.99292963378
0.258867922057
0.258867922057
2.65736164002
0.258867922057
0.0
0.0
3.46734801976
-0.0314539127118

Topic 3
Mean 2.463781715
Median 2.52163044914
Sum 302.793519643
0.0
0.0
3.68633587351
0.0
2.4073371456
6.70352506916
0.0
3.29569822177
2.8412333706
0.258867922057
0.0
0.258867922057
0.258867922057
2.52163044914
0.258867922057
0.0
4.25179587426
7.46599377392
4.56834585101
3.29569822177
0.258867922057
0.0
2.58818279411
2.46487936388
1.901615776
-0.0314539127118
-0.0314539127118
1.901615776
0.0
0.258867922057
3.40989710727
3.40989710727
0.258867922057
2.52163044914
0.258867922057
-0.0314539127118
0.0
3.68633587351
3.68633587351
2.52163044914
0.258867922057
2.52163044914
0.258867922057
-0.0314539127118
5.07448871887
0.0
0.0
6.28024771068
3.32028419588
0.0
0.0
0.0
0.0
0.0
0.0
0.0
4.25179587426
2.8412333706
1.901615776
3.29569822177
1.80186789467
4.25179587426
1.901615776
2.65736164002
2.65736164002
0.0
0.0
2.58818279411
2.52089831331
2.52089831331
0.258867922057
0.258867922057
1.901615776
2.58818279411
0.258867922057
2.52089831331
0.0
1.901615776
0.0
2.4073371456
3.23016303709
4.80335301107
0.258867922057
2.52163044914
3.23016303709
-0.0314539127118
2.52163044914
2.52163044914
0.0
1.80186789467
0.258867922057
0.0
1.47825664166
1.47825664166
1.47825664166
0.0
0.0
1.47825664166
1.47825664166
0.0
0.0
0.0
1.47825664166
1.47825664166
0.0
0.0
2.4073371456
4.58301236937
6.20895380081
0.258867922057
2.52163044914
4.36816707291
-0.0314539127118
2.52163044914
5.2214690851
0.0
1.80186789467
2.52089831331
3.23016303709
0.0
0.0
0.258867922057
5.26165026291
4.05787786643
0.258867922057
0.258867922057
0.258867922057
-0.0314539127118
4.47112142302
1.88395990989
0.0
1.88395990989
0.258867922057
0.258867922057
0.0
0.258867922057
0.0
0.258867922057
3.50163155289
3.40989710727
0.258867922057
0.258867922057
3.50163155289
-0.0314539127118
6.27198864074
1.88395990989
3.32028419588
1.88395990989
0.258867922057
3.23016303709
0.0
3.50163155289
4.47112142302
0.0
0.0
0.0
0.0
0.0
0.0
0.0
0.0
0.0
0.0
0.0
0.0
0.0
0.0
0.0
0.0
0.0
0.0
0.0
2.58818279411
3.40989710727
3.40989710727
0.258867922057
0.258867922057
3.23016303709
2.58818279411
4.47112142302
1.88395990989
0.0
1.901615776
2.58818279411
4.99065912401
1.47825664166
3.23016303709
5.56213475743
4.47112142302
0.0

Topic 5
Mean 2.18337224112
Median 1.901615776
Sum 375.068216781
1.88395990989
0.258867922057
0.258867922057
5.64691806841
1.88395990989
0.258867922057
2.67127752987
1.88395990989
0.258867922057
6.43064828856
2.58818279411
0.258867922057
0.258867922057
1.05525050774
2.46487936388
1.901615776
1.88395990989
0.258867922057
2.4661451261
4.05761166247
1.901615776
0.258867922057
0.258867922057
2.8412333706
0.258867922057
0.258867922057
2.35693924394
0.258867922057
1.901615776
-0.0314539127118
-0.0314539127118
1.05525050774
1.901615776
1.901615776
2.83769948638
-0.0314539127118
1.901615776
0.258867922057
2.8412333706
1.05525050774
1.901615776
2.35693924394
2.83769948638
3.29569822177
2.83769948638
3.40989710727
1.88395990989
1.45665308339
4.05787786643
1.88395990989
1.80186789467
1.88395990989
2.65736164002
-0.0314539127118
1.80186789467
1.901615776
-0.0314539127118
-0.0314539127118
1.05525050774
1.901615776
1.901615776
2.83769948638
-0.0314539127118
2.83769948638
4.87689762696
-0.0314539127118
3.40989710727
1.88395990989
2.8412333706
4.05787786643
1.901615776
2.35693924394
5.04550132091
3.29569822177
3.74236277852
5.17095834295
4.05787786643
2.99292963378
2.67127752987
0.258867922057
4.87841428675
2.67127752987
2.67127752987
2.58818279411
1.901615776
3.29569822177
1.901615776
3.29569822177
0.258867922057
1.901615776
5.70609336725
4.030320622
1.88395990989
0.258867922057
4.030320622
2.67127752987
2.35693924394
1.88395990989
2.65736164002
-0.0314539127118
2.52163044914
5.70641777228
-0.0314539127118
2.52163044914
3.68633587351
1.901615776
-0.0314539127118
-0.0314539127118
1.05525050774
6.37318935563
1.901615776
1.901615776
-0.0314539127118
1.901615776
1.901615776
-0.0314539127118
1.901615776
1.901615776
1.901615776
-0.0314539127118
1.47825664166
0.258867922057
2.8412333706
1.05525050774
1.47825664166
1.47825664166
1.47825664166
6.53721708797
1.47825664166
3.29569822177
0.258867922057
1.47825664166
3.29569822177
3.29569822177
0.258867922057
4.243752572
1.47825664166
0.258867922057
2.8412333706
1.05525050774
1.47825664166
1.47825664166
1.47825664166
3.29569822177
1.47825664166
5.363216687
0.258867922057
1.47825664166
3.29569822177
4.25179587426
0.258867922057
4.243752572
4.243752572
0.258867922057
0.258867922057
2.52944812723
0.258867922057
0.258867922057
0.258867922057
0.258867922057
2.52944812723
0.0
2.52944812723
0.258867922057
0.0
2.52944812723
2.52944812723
0.258867922057
0.0
2.52944812723
2.52944812723
2.67127752987
0.258867922057
3.07502873886
2.67127752987
2.67127752987
2.58818279411
1.901615776
0.258867922057
1.901615776
1.901615776
1.45665308339
1.901615776
1.901615776
3.68633587351
3.68633587351
1.901615776
1.47825664166
1.47825664166
0.258867922057

Topic 9
Mean 2.11604832417
Median 1.68110827578
Sum 126.96289945
0.0
0.0
1.47825664166
0.0
0.0
0.0
0.0
0.0
0.0
0.0
0.0
0.0
0.0
0.0
0.0
0.0
0.258867922057
1.88395990989
0.0
0.0
0.0
0.0
0.258867922057
5.26165026291
0.0
0.0
0.0
1.88395990989
0.0
0.0
0.0
0.0
0.0
0.0
0.0
0.0
0.0
0.258867922057
0.258867922057
0.0
0.0
0.0
0.258867922057
0.258867922057
0.0
0.0
1.47825664166
2.83769948638
0.0
0.0
0.0
0.258867922057
4.030320622
0.0
1.45665308339
0.0
2.52163044914
4.56834585101
0.0
0.0
0.0
0.258867922057
0.258867922057
0.0
1.45665308339
7.17810511094
0.0
0.258867922057
0.258867922057
0.0
0.0
0.0
0.258867922057
0.258867922057
0.0
3.07502873886
1.45665308339
1.45665308339
0.0
0.0
0.0
0.0
0.0
0.0
0.0
0.0
0.0
0.0
0.0
0.0
0.0
0.0
0.0
0.0
0.0
0.0
0.0
0.0
0.0
0.0
0.0
0.0
0.0
0.0
0.0
0.0
0.0
0.0
0.0
0.0
0.0
0.0
0.0
0.0
0.0
0.0
0.0
0.0
0.0
0.0
0.0
0.258867922057
5.26165026291
0.0
0.0
0.0
1.88395990989
5.26165026291
0.0
1.45665308339
1.45665308339
2.43221116349
1.45665308339
0.0
0.0
0.0
0.0
1.47825664166
1.901615776
0.0
0.0
0.0
0.0
0.0
0.0
0.0
1.901615776
1.901615776
0.0
0.0
0.0
0.0
0.0
0.0
2.52163044914
4.60064365519
0.0
0.0
0.0
1.88395990989
4.60064365519
0.0
0.258867922057
4.030320622
2.52163044914
0.258867922057
0.0
0.0
0.0
4.60064365519
1.05525050774
0.0
0.258867922057
5.86143761747
0.0
0.0
0.0
1.88395990989
4.80226415306
0.0
0.258867922057
2.61620369493
2.61620369493
0.258867922057
0.0
0.0
0.0
5.56213475743
0.0
4.47112142302

Topic 6
Mean 2.03767491174
Median 2.46448379737
Sum 252.671689056
0.0
0.0
0.0
0.0
0.0
2.67127752987
0.0
0.0
2.67127752987
3.68633587351
0.0
0.0
4.60064365519
2.67127752987
2.67127752987
0.0
0.0
0.0
0.0
0.0
0.0
0.0
0.0
0.258867922057
4.87841428675
0.258867922057
0.258867922057
0.0
0.0
0.0
4.030320622
2.67127752987
2.67127752987
4.030320622
0.0
1.45665308339
0.0
0.0
0.258867922057
2.52944812723
0.258867922057
1.05525050774
0.0
2.52944812723
2.83996363694
0.0
0.0
0.258867922057
0.258867922057
0.258867922057
0.258867922057
0.0
1.45665308339
4.49511013899
0.258867922057
0.0
0.0
0.258867922057
0.258867922057
0.258867922057
0.258867922057
0.0
1.45665308339
1.83162575173
0.258867922057
1.83162575173
0.0
0.0
3.40989710727
0.258867922057
0.258867922057
4.47112142302
0.0
0.258867922057
3.52097462311
2.83996363694
0.258867922057
0.258867922057
0.0
0.0
5.26165026291
5.70609336725
2.52163044914
4.60064365519
0.0
2.8412333706
3.52097462311
2.83996363694
0.258867922057
0.258867922057
5.37851529035
0.0
0.0
1.88395990989
0.258867922057
0.258867922057
1.88395990989
0.0
0.258867922057
0.258867922057
0.258867922057
0.258867922057
0.258867922057
1.88395990989
1.88395990989
0.0
0.0
0.258867922057
3.29569822177
4.67476355543
2.52163044914
0.0
2.8412333706
2.94156252171
2.52944812723
0.258867922057
0.258867922057
0.258867922057
3.29569822177
0.258867922057
0.0
0.0
0.0
0.0
0.0
0.0
0.0
0.0
3.52097462311
2.83996363694
0.0
0.0
3.52097462311
3.52097462311
0.0
0.0
0.0
0.0
4.05787786643
2.4073371456
2.52163044914
4.05787786643
0.0
0.258867922057
4.4755190297
2.4073371456
0.258867922057
0.258867922057
3.40989710727
4.05787786643
1.88395990989
3.46734801976
0.0
0.0
0.0
0.258867922057
3.29569822177
0.258867922057
0.258867922057
0.0
2.8412333706
0.258867922057
2.52944812723
0.258867922057
0.258867922057
0.258867922057
3.29569822177
0.258867922057
4.8033867767
0.0
0.258867922057
0.0
0.0
3.32028419588
3.29569822177
2.52163044914
2.52163044914
0.0
2.8412333706
2.83769948638
2.52944812723
0.258867922057
0.258867922057
3.32028419588
5.17095834295
0.258867922057
5.363216687
0.0
3.46734801976
4.59804761536

Topic 2
Mean 1.9177392425
Median 1.45665308339
Sum 224.218221809
0.258867922057
1.45665308339
0.258867922057
0.0
0.0
0.0
0.258867922057
1.88395990989
0.258867922057
0.0
0.258867922057
1.88395990989
0.258867922057
0.0
1.88395990989
0.0
0.0
0.0
0.0
0.0
0.0
0.258867922057
1.88395990989
0.258867922057
0.0
1.901615776
2.67127752987
0.0
0.0
0.0
0.0
0.0
0.0
0.0
0.0
0.0
0.258867922057
0.258867922057
2.8412333706
0.0
2.83769948638
2.75253889114
0.0
1.901615776
0.0
0.258867922057
0.258867922057
2.8412333706
0.0
1.47825664166
1.47825664166
0.0
1.47825664166
0.0
3.29569822177
0.258867922057
0.258867922057
2.52944812723
0.0
1.05525050774
2.8723591574
0.0
1.05525050774
0.0
6.15771662112
2.52944812723
0.258867922057
1.88395990989
2.8412333706
0.0
5.04550132091
6.62453422756
0.0
3.40989710727
0.0
5.17095834295
3.29569822177
5.17095834295
0.258867922057
0.258867922057
0.258867922057
0.0
0.258867922057
5.81805913704
0.0
2.67127752987
0.0
0.258867922057
0.258867922057
0.258867922057
0.258867922057
5.19613229774
0.258867922057
1.45665308339
0.0
1.05525050774
7.07547469554
0.0
2.67127752987
0.0
2.75253889114
1.05525050774
4.34968295362
2.52163044914
5.81805913704
2.43221116349
1.88395990989
1.45665308339
0.0
1.88395990989
5.81805913704
0.0
3.40989710727
0.0
0.258867922057
0.258867922057
0.258867922057
3.40989710727
5.81805913704
5.81805913704
1.45665308339
0.258867922057
3.07502873886
0.0
0.258867922057
0.258867922057
0.0
0.258867922057
0.0
0.258867922057
0.258867922057
0.258867922057
0.258867922057
0.258867922057
1.45665308339
1.45665308339
0.0
0.0
0.0
0.0
3.2638231573
3.52097462311
0.0
0.0
0.0
0.0
0.0
0.0
3.52097462311
0.0
0.0
0.0
0.0
1.45665308339
0.258867922057
3.07502873886
0.0
0.258867922057
0.258867922057
0.0
0.258867922057
0.0
0.258867922057
0.258867922057
0.258867922057
0.258867922057
0.258867922057
1.45665308339
1.45665308339
3.90568410763
0.0
0.0
-0.0314539127118
-0.0314539127118
0.0
2.83769948638
1.47825664166
0.0
1.901615776
0.0
4.87689762696
1.47825664166
4.87689762696
2.99292963378
0.0
1.05525050774
-0.0314539127118
-0.0314539127118
3.64276707503
-0.0314539127118

Topic 7
Mean 1.73765246828
Median 1.45665308339
Sum 283.01717494
0.0
0.258867922057
0.0
1.45665308339
0.0
0.258867922057
1.45665308339
0.0
0.258867922057
3.07502873886
1.45665308339
0.0
0.258867922057
3.07502873886
3.90568410763
-0.0314539127118
0.0
-0.0314539127118
-0.0314539127118
-0.0314539127118
-0.0314539127118
0.258867922057
0.0
1.88395990989
0.258867922057
0.258867922057
0.258867922057
1.47825664166
1.45665308339
0.0
0.258867922057
1.45665308339
1.45665308339
1.45665308339
2.83769948638
2.52163044914
0.258867922057
0.0
0.258867922057
0.258867922057
0.258867922057
0.258867922057
1.901615776
4.10812273735
1.901615776
1.45665308339
0.0
1.88395990989
1.45665308339
1.45665308339
1.45665308339
1.05525050774
2.75253889114
1.45665308339
6.0075117617
0.258867922057
0.0
1.88395990989
0.258867922057
0.258867922057
0.258867922057
1.901615776
2.67127752987
2.52089831331
2.67127752987
1.88395990989
0.258867922057
0.0
1.88395990989
0.258867922057
0.258867922057
0.258867922057
1.901615776
2.67127752987
1.901615776
6.78527272743
6.0075117617
2.67127752987
0.258867922057
0.0
0.258867922057
2.8412333706
0.258867922057
0.258867922057
1.47825664166
1.47825664166
1.47825664166
1.47825664166
1.05525050774
1.47825664166
1.47825664166
5.17001188122
0.0
1.88395990989
1.45665308339
1.45665308339
1.45665308339
1.901615776
5.42222356443
1.901615776
6.78527272743
6.0075117617
2.67127752987
8.36572680165
1.47825664166
1.45665308339
0.0
0.258867922057
3.07502873886
3.07502873886
3.07502873886
-0.0314539127118
0.258867922057
1.45665308339
0.258867922057
1.45665308339
0.258867922057
0.258867922057
0.258867922057
1.45665308339
0.258867922057
0.0
0.258867922057
0.258867922057
0.258867922057
0.258867922057
0.0
3.52097462311
2.52163044914
0.258867922057
0.258867922057
4.01224498126
2.65736164002
0.258867922057
0.258867922057
0.258867922057
0.258867922057
0.0
0.258867922057
2.8412333706
0.258867922057
0.258867922057
1.47825664166
1.80186789467
1.80186789467
1.47825664166
1.05525050774
1.47825664166
2.65736164002
3.29569822177
1.47825664166
0.258867922057
2.65736164002
1.45665308339
0.0
0.258867922057
3.07502873886
3.80442387549
3.80442387549
-0.0314539127118
0.258867922057
1.45665308339
0.258867922057
1.45665308339
0.258867922057
0.258867922057
0.258867922057
1.45665308339
3.07502873886
0.258867922057
0.258867922057
0.258867922057
0.0
0.258867922057
2.52944812723
0.258867922057
0.258867922057
2.83769948638
2.75253889114
6.68068181593
5.08137312853
4.29949985932
2.46487936388
6.81857727646
2.52944812723
5.08137312853
0.258867922057
2.52163044914
2.52944812723
0.258867922057

