Topic 1
Mean 2.93745033248
Median 2.83769948638
Sum 784.079061384
0.0
1.88395990989
0.0
6.20895380081
0.0
0.258867922057
0.0
0.0
0.0
0.0
2.4073371456
0.0
0.258867922057
2.4073371456
0.0
2.4073371456
0.0
0.258867922057
2.83996363694
0.0
2.52944812723
5.87477909224
0.0
1.88395990989
2.52089831331
0.0
2.19139394082
2.19139394082
0.258867922057
0.0
0.258867922057
0.258867922057
0.0
3.29569822177
2.52944812723
0.258867922057
3.40989710727
0.0
1.88395990989
6.34752937895
0.0
2.67127752987
1.05525050774
3.40989710727
0.258867922057
0.0
0.0
0.0
0.0
0.0
0.0
0.0
0.0
0.0
0.0
4.80335301107
0.0
0.258867922057
6.8975603342
0.0
2.58818279411
1.05525050774
3.74236277852
0.258867922057
6.34752937895
0.0
6.20895380081
0.0
0.258867922057
6.66949908753
0.0
0.258867922057
0.258867922057
6.12927174772
0.258867922057
6.34752937895
0.0
8.41645546321
1.47825664166
0.0
0.0
0.0
0.0
1.47825664166
1.05525050774
1.47825664166
0.0
1.47825664166
0.0
1.47825664166
0.0
6.70352506916
0.0
1.88395990989
4.58301236937
0.0
3.68633587351
2.52944812723
7.14395331171
2.8412333706
3.40989710727
0.0
3.74236277852
2.52089831331
1.47825664166
3.40989710727
0.0
1.88395990989
3.50163155289
0.0
0.258867922057
2.83996363694
3.40989710727
0.258867922057
4.47112142302
0.0
3.50163155289
0.258867922057
0.0
3.50163155289
4.44164224497
0.0
0.258867922057
5.73645626715
0.0
6.62049699593
2.83996363694
2.83769948638
0.258867922057
4.030320622
0.0
2.83769948638
3.83566619559
1.47825664166
7.48192699003
3.52097462311
2.83769948638
0.0
1.88395990989
0.258867922057
0.0
1.901615776
5.10439641431
2.83769948638
0.258867922057
1.901615776
0.0
2.83769948638
0.258867922057
1.47825664166
5.70009490222
1.88395990989
5.04550132091
3.46734801976
0.0
0.258867922057
3.46734801976
0.0
2.19139394082
3.98589350794
2.75253889114
0.258867922057
0.258867922057
0.0
2.75253889114
4.02013437842
0.0
2.88105501423
3.52097462311
5.94035693454
3.2638231573
0.0
0.0
0.0
0.0
0.0
0.0
0.0
0.0
0.0
0.0
0.0
0.0
0.0
0.0
0.0
0.0
0.0
0.0
0.0
3.46734801976
0.0
0.258867922057
4.24608529711
0.0
2.67127752987
3.98589350794
7.08480808835
0.258867922057
2.67127752987
0.0
2.75253889114
7.41944239778
1.47825664166
4.54804671427
2.83996363694
4.99828834645
6.02079021482
7.6328147107
0.0
4.05787786643
0.0
1.88395990989
3.46734801976
0.0
2.67127752987
4.29949985932
7.32528350841
0.258867922057
3.40989710727
0.0
1.901615776
3.46734801976
1.47825664166
5.33560560486
3.40989710727
3.46734801976
4.29949985932
3.46734801976
0.0
3.46734801976
4.80335301107
0.0
0.258867922057
3.23016303709
0.0
2.4073371456
2.4073371456
2.19139394082
0.258867922057
0.258867922057
0.0
4.80335301107
2.52163044914
0.0
3.23016303709
3.23016303709
2.8723591574
0.258867922057
6.63432437473
0.0
2.52163044914
4.67476355543
1.901615776
0.0
-0.0314539127118
-0.0314539127118
0.0
2.58818279411
1.05525050774
1.901615776
-0.0314539127118
2.58818279411
0.0
2.58818279411
-0.0314539127118
1.47825664166
2.46487936388
-0.0314539127118
1.901615776
1.901615776
-0.0314539127118
0.0
1.47825664166
1.901615776
-0.0314539127118
3.32028419588
0.0
0.0
0.0
0.0
0.0
0.0
0.0
0.0
0.0
0.0
0.0
0.0
0.0
6.28024771068
3.32028419588
0.0
0.0
3.32028419588
0.0
2.88105501423
0.0
0.0
0.0
2.83769948638
0.0
0.258867922057
5.34580268713
0.0
1.901615776
2.83996363694
2.83769948638
0.258867922057
1.901615776
0.0
2.83769948638
1.80186789467
1.47825664166
2.83769948638
2.83996363694
2.83996363694
3.2638231573
5.45470099664
0.0
3.2638231573
1.901615776
1.80186789467
1.901615776
0.0
1.901615776
0.0
1.88395990989
1.80186789467
0.0
4.25179587426
5.10439641431
1.901615776
3.29569822177
1.901615776
0.0
1.901615776
1.80186789467
1.47825664166
2.8412333706
1.88395990989
2.65736164002
5.10439641431
4.97351384001
0.0
1.80186789467
4.29949985932
1.80186789467
1.901615776
0.0
4.59215404346
6.26553350544
0.0
1.88395990989
4.01224498126
0.0
4.25179587426
2.52944812723
4.56834585101
3.29569822177
4.47112142302
0.0
4.01224498126
4.01224498126
1.47825664166
6.26553350544
4.47112142302
3.68633587351
2.83769948638
2.52163044914
0.0
2.67127752987
4.26844152781
2.52163044914
1.901615776
0.0
2.83769948638
4.25179587426
2.52163044914
0.0
0.258867922057
2.83996363694
0.0
2.52944812723
2.83996363694
3.21683793994
2.52944812723
2.52089831331
0.0
2.52089831331
4.02013437842
2.77189465128
2.52944812723
3.52097462311
3.52097462311
1.47825664166
4.88889179988
0.0
2.83996363694
4.57202000732
4.88889179988
1.47825664166
0.0
2.83996363694
2.52944812723
4.26844152781
0.0
0.0
0.0
0.0
0.0
0.0
0.0
0.0
0.0
0.0
0.0
0.0
0.0
0.0
0.0
0.0
0.0
0.0
0.0
0.0
0.0
0.0
0.0
0.0
0.0
0.0
0.0
0.0
0.0

Topic 6
Mean 2.39426262735
Median 2.52944812723
Sum 756.272451117
0.0
0.0
0.0
0.0
0.0
2.67127752987
0.0
0.0
2.67127752987
3.68633587351
0.0
0.0
4.60064365519
2.67127752987
2.67127752987
0.0
0.0
0.0
0.0
0.0
0.0
0.0
0.0
0.258867922057
4.87841428675
0.258867922057
0.258867922057
0.0
0.0
0.0
4.030320622
2.67127752987
2.67127752987
4.030320622
0.0
1.45665308339
0.0
0.0
0.258867922057
2.52944812723
0.258867922057
1.05525050774
0.0
2.52944812723
2.83996363694
0.0
0.0
0.258867922057
0.258867922057
0.258867922057
0.258867922057
0.0
1.45665308339
4.49511013899
0.258867922057
0.0
0.0
0.258867922057
0.258867922057
0.258867922057
0.258867922057
0.0
1.45665308339
1.83162575173
0.258867922057
1.83162575173
0.0
0.0
3.40989710727
0.258867922057
0.258867922057
4.47112142302
0.0
0.258867922057
3.52097462311
2.83996363694
0.258867922057
0.258867922057
0.0
0.0
5.26165026291
5.70609336725
2.52163044914
4.60064365519
0.0
2.8412333706
3.52097462311
2.83996363694
0.258867922057
0.258867922057
5.37851529035
0.0
0.0
1.88395990989
0.258867922057
0.258867922057
1.88395990989
0.0
0.258867922057
0.258867922057
0.258867922057
0.258867922057
0.258867922057
1.88395990989
1.88395990989
0.0
0.0
0.258867922057
3.29569822177
4.67476355543
2.52163044914
0.0
2.8412333706
2.94156252171
2.52944812723
0.258867922057
0.258867922057
0.258867922057
3.29569822177
0.258867922057
0.0
0.0
0.0
0.0
0.0
0.0
0.0
0.0
3.52097462311
2.83996363694
0.0
0.0
3.52097462311
3.52097462311
0.0
0.0
0.0
0.0
4.05787786643
2.4073371456
2.52163044914
4.05787786643
0.0
0.258867922057
4.4755190297
2.4073371456
0.258867922057
0.258867922057
3.40989710727
4.05787786643
1.88395990989
3.46734801976
0.0
0.0
0.0
0.258867922057
3.29569822177
0.258867922057
0.258867922057
0.0
2.8412333706
0.258867922057
2.52944812723
0.258867922057
0.258867922057
0.258867922057
3.29569822177
0.258867922057
4.8033867767
0.0
0.258867922057
0.0
0.0
3.32028419588
3.29569822177
2.52163044914
2.52163044914
0.0
2.8412333706
2.83769948638
2.52944812723
0.258867922057
0.258867922057
3.32028419588
5.17095834295
0.258867922057
5.363216687
0.0
3.46734801976
4.59804761536
0.0
0.0
0.258867922057
3.29569822177
0.258867922057
0.258867922057
0.0
2.8412333706
2.88105501423
2.52944812723
0.258867922057
0.258867922057
0.258867922057
3.29569822177
0.258867922057
4.8033867767
0.0
0.258867922057
4.97054296193
4.59804761536
0.0
0.0
0.258867922057
2.4073371456
6.66842972727
2.52163044914
0.0
0.258867922057
2.52163044914
2.4073371456
0.258867922057
0.258867922057
3.23016303709
5.17095834295
0.258867922057
4.67476355543
0.0
4.80335301107
0.258867922057
5.40421212656
0.258867922057
0.0
0.0
1.88395990989
4.25179587426
1.80186789467
1.88395990989
0.0
2.8412333706
2.94156252171
5.10439641431
2.62680878715
1.83162575173
1.88395990989
3.29569822177
1.88395990989
3.29569822177
0.0
1.901615776
3.29569822177
3.29569822177
3.29569822177
1.80186789467
0.0
0.0
5.26165026291
3.68633587351
3.68633587351
4.60064365519
0.0
2.8412333706
4.54804671427
2.52944812723
0.258867922057
0.258867922057
3.50163155289
6.59167247447
1.88395990989
2.8412333706
0.0
6.70352506916
2.8412333706
2.8412333706
2.88105501423
3.23016303709
2.8412333706
0.0
0.0
4.05787786643
4.25179587426
4.01224498126
4.47112142302
0.0
2.8412333706
4.4755190297
2.52944812723
0.258867922057
0.258867922057
4.47112142302
4.05787786643
1.88395990989
3.29569822177
0.0
6.26553350544
3.29569822177
3.29569822177
3.29569822177
2.52163044914
4.25179587426
6.26553350544
0.0
0.0
0.258867922057
2.52944812723
0.258867922057
0.258867922057
0.0
2.52944812723
0.258867922057
2.52944812723
0.258867922057
0.258867922057
0.258867922057
2.52944812723
0.258867922057
2.52944812723
0.0
0.258867922057
2.52944812723
2.52944812723
2.52944812723
0.258867922057
2.52944812723
2.52944812723
2.52944812723
0.0
0.0
5.26165026291
5.70609336725
0.258867922057
4.60064365519
0.0
2.8412333706
4.99828834645
2.52944812723
1.45665308339
1.45665308339
5.09207415876
6.59167247447
1.88395990989
3.29569822177
0.0
4.05787786643
3.29569822177
3.29569822177
3.29569822177
3.23016303709
3.29569822177
7.32240750706
4.05787786643
2.52944812723
0.0
0.0
0.258867922057
1.901615776
1.80186789467
1.80186789467
0.0
0.258867922057
6.29975361771
1.05525050774
0.258867922057
0.258867922057
2.8723591574
1.901615776
0.258867922057
2.94156252171
0.0
1.901615776
0.258867922057
2.75253889114
2.75253889114
2.8723591574
4.97351384001
1.901615776
1.901615776
0.258867922057
0.258867922057
0.0
0.0
4.05787786643
2.67127752987
4.67476355543
4.05787786643
0.0
0.258867922057
4.26844152781
4.29949985932
0.258867922057
0.258867922057
3.40989710727
4.05787786643
1.88395990989
5.47514620348
0.0
4.05787786643
0.258867922057
3.46734801976
0.258867922057
4.67476355543
4.29949985932
5.33560560486
4.26844152781
0.258867922057
4.05787786643
1.901615776
0.0
0.0
-0.0314539127118
2.58818279411
-0.0314539127118
1.05525050774
0.0
-0.0314539127118
2.58818279411
1.05525050774
-0.0314539127118
0.0
-0.0314539127118
1.901615776
-0.0314539127118
-0.0314539127118
0.0
1.901615776
-0.0314539127118
1.901615776
0.0
-0.0314539127118
1.901615776
2.46487936388
1.901615776
0.0
-0.0314539127118
1.901615776
1.901615776

Topic 4
Mean 2.37224669841
Median 2.52089831331
Sum 715.286162062
2.52944812723
4.243752572
1.05525050774
3.29569822177
2.52944812723
-0.0314539127118
1.47825664166
1.05525050774
1.901615776
0.0
1.47825664166
1.05525050774
1.901615776
0.258867922057
2.58818279411
3.29569822177
6.15771662112
2.83769948638
3.29569822177
1.901615776
1.901615776
1.47825664166
4.87689762696
2.83769948638
0.258867922057
2.58818279411
2.58818279411
4.87689762696
1.47825664166
1.80186789467
1.901615776
0.258867922057
2.46487936388
2.46487936388
1.901615776
2.65736164002
3.29569822177
3.46734801976
2.83769948638
3.29569822177
1.901615776
1.901615776
4.59804761536
2.83769948638
1.901615776
1.47825664166
4.87689762696
2.83769948638
-0.0314539127118
1.901615776
1.901615776
4.87689762696
5.22977482363
1.901615776
2.83769948638
6.53721708797
5.47389731506
4.243752572
3.29569822177
1.47825664166
1.47825664166
3.29569822177
2.67127752987
1.47825664166
4.25179587426
1.47825664166
4.243752572
5.363216687
4.243752572
3.29569822177
1.47825664166
1.47825664166
5.363216687
1.47825664166
1.47825664166
4.25179587426
1.47825664166
6.75609151219
0.258867922057
2.52163044914
-0.0314539127118
0.258867922057
0.0
2.52089831331
2.52163044914
4.030320622
2.65736164002
2.52163044914
-0.0314539127118
3.68633587351
0.258867922057
0.258867922057
0.258867922057
0.0
0.258867922057
0.0
0.258867922057
0.258867922057
2.67127752987
0.258867922057
0.258867922057
0.0
5.92359866041
0.258867922057
3.68633587351
0.0
0.0
0.0
0.0
0.0
0.0
0.0
0.0
0.0
0.0
0.0
0.0
0.0
0.0
0.0
0.0
0.0
0.0
0.0
0.0
0.0
0.0
0.0
0.0
0.0
0.0
0.0
0.0
0.0
0.0
0.0
1.47825664166
5.92213544768
1.901615776
0.258867922057
6.00941700816
2.58818279411
3.46734801976
2.58818279411
2.46487936388
3.46734801976
1.901615776
1.47825664166
1.47825664166
2.52163044914
0.258867922057
0.0
0.0
1.47825664166
1.05525050774
1.901615776
-0.0314539127118
2.58818279411
5.34602883251
1.901615776
2.58818279411
2.46487936388
1.901615776
1.901615776
1.47825664166
1.47825664166
-0.0314539127118
-0.0314539127118
0.0
0.0
2.58818279411
0.258867922057
3.46734801976
2.75253889114
0.258867922057
0.0
0.258867922057
3.46734801976
4.59215404346
2.65736164002
3.46734801976
2.99292963378
0.258867922057
0.258867922057
2.65736164002
0.258867922057
0.0
0.0
3.46734801976
-0.0314539127118
0.258867922057
0.258867922057
0.0
0.258867922057
0.0
0.258867922057
0.258867922057
0.258867922057
0.258867922057
0.258867922057
0.0
0.258867922057
0.258867922057
1.88395990989
0.258867922057
0.0
0.0
0.258867922057
-0.0314539127118
0.258867922057
0.0
0.0
2.75253889114
0.0
0.0
0.0
2.75253889114
0.0
0.0
0.0
0.0
0.0
0.0
0.0
0.0
0.0
0.0
0.0
0.0
2.88105501423
0.0
0.258867922057
0.258867922057
-0.0314539127118
0.258867922057
0.0
2.52089831331
0.258867922057
2.52089831331
0.258867922057
0.258867922057
-0.0314539127118
0.258867922057
0.258867922057
2.52089831331
4.49511013899
0.0
0.0
0.258867922057
-0.0314539127118
0.258867922057
0.258867922057
0.0
1.47825664166
1.05525050774
6.35592079401
0.258867922057
1.901615776
1.901615776
2.83769948638
2.83769948638
1.901615776
2.83769948638
2.83769948638
1.47825664166
1.47825664166
1.88395990989
0.258867922057
0.0
0.0
1.901615776
1.901615776
3.2638231573
1.88395990989
0.0
0.258867922057
2.8412333706
5.45408296252
-0.0314539127118
2.8412333706
0.0
0.258867922057
3.46734801976
1.80186789467
1.80186789467
6.89357772571
-0.0314539127118
2.8412333706
2.8412333706
2.52163044914
1.45665308339
0.0
0.0
3.46734801976
-0.0314539127118
3.46734801976
0.258867922057
0.0
1.45665308339
0.258867922057
6.53721708797
3.93610638673
-0.0314539127118
3.29569822177
0.0
0.258867922057
3.29569822177
2.94156252171
5.25835142626
3.29569822177
-0.0314539127118
6.53721708797
3.29569822177
2.65736164002
0.258867922057
0.0
0.0
2.52163044914
-0.0314539127118
2.94156252171
0.258867922057
0.0
0.258867922057
0.258867922057
6.86655185611
1.47825664166
1.05525050774
1.901615776
-0.0314539127118
2.58818279411
2.58818279411
1.901615776
2.58818279411
2.46487936388
1.901615776
1.901615776
1.47825664166
1.47825664166
-0.0314539127118
-0.0314539127118
0.0
0.0
2.58818279411
2.58818279411
-0.0314539127118
-0.0314539127118
0.0
-0.0314539127118
1.901615776
-0.0314539127118
-0.0314539127118
3.29569822177
2.52944812723
-0.0314539127118
3.29569822177
0.0
0.258867922057
3.29569822177
0.258867922057
0.258867922057
4.25179587426
-0.0314539127118
4.84040382068
4.25179587426
0.258867922057
0.258867922057
0.0
0.0
0.258867922057
-0.0314539127118
0.258867922057
0.258867922057
0.0
0.258867922057
0.258867922057
2.8412333706
3.29569822177
-0.0314539127118
3.29569822177
4.67476355543
-0.0314539127118
3.29569822177
0.0
0.258867922057
6.35312213906
2.67127752987
1.80186789467
4.59804761536
-0.0314539127118
3.29569822177
3.29569822177
2.67127752987
2.67127752987
0.0
0.0
2.52163044914
-0.0314539127118
2.52163044914
0.258867922057
0.0
0.258867922057
0.258867922057
3.93610638673
3.93610638673
-0.0314539127118
3.29569822177
3.29569822177
5.45408296252
0.0
3.29569822177
0.0
2.52089831331
3.46734801976
3.64276707503
1.80186789467
4.58301236937
3.64276707503
4.84040382068
4.25179587426
5.2214690851
3.68633587351
0.0
0.0
3.46734801976
-0.0314539127118
3.46734801976
3.40989710727
0.0
2.52089831331
1.88395990989
6.37356365054
5.60935679814
-0.0314539127118
4.84040382068
3.93610638673

Topic 0
Mean 2.29435753481
Median 2.41977415455
Sum 546.057093285
0.0
0.0
0.0
0.0
0.0
0.258867922057
0.0
0.0
4.60064365519
0.258867922057
0.0
0.0
0.258867922057
1.45665308339
0.258867922057
0.0
0.0
0.0
0.0
0.0
0.0
0.0
0.0
4.05787786643
0.258867922057
4.56834585101
0.258867922057
0.0
0.0
0.0
2.67127752987
0.258867922057
0.258867922057
0.258867922057
0.0
2.52163044914
0.0
0.0
4.60064365519
0.258867922057
5.26165026291
0.258867922057
0.0
4.05787786643
2.67127752987
0.0
0.0
2.52163044914
3.07502873886
2.83769948638
2.43221116349
0.0
2.83769948638
3.93610638673
1.88395990989
0.0
0.0
2.52163044914
0.258867922057
1.47825664166
0.258867922057
0.0
3.46734801976
2.52163044914
0.258867922057
3.0438081324
0.0
0.0
0.0
0.0
0.0
0.0
0.0
0.0
0.0
0.0
0.0
0.0
0.0
0.0
0.0
0.0
0.0
0.0
0.0
2.19139394082
0.0
0.0
2.88105501423
0.0
0.0
0.0
0.0
2.67127752987
4.87841428675
1.901615776
0.258867922057
0.0
2.4073371456
3.68633587351
2.67127752987
2.58818279411
1.47825664166
0.0
2.19139394082
0.0
0.0
4.60064365519
0.258867922057
5.26165026291
0.258867922057
0.0
4.05787786643
0.258867922057
5.26165026291
1.88395990989
0.258867922057
0.0
0.0
0.258867922057
0.0
0.0
4.60064365519
1.45665308339
5.08107100209
5.19613229774
0.0
4.05787786643
2.67127752987
6.34173350974
2.88105501423
0.258867922057
0.0
4.49118520715
2.67127752987
4.83207011445
0.0
0.0
4.34968295362
0.258867922057
1.05525050774
0.258867922057
0.0
3.46734801976
3.68633587351
2.67127752987
2.65736164002
3.46734801976
0.0
0.0
3.68633587351
0.258867922057
2.67127752987
0.0
0.0
4.030320622
1.45665308339
2.83769948638
1.45665308339
0.0
4.4755190297
4.76291215958
4.030320622
5.29243235454
1.47825664166
0.0
2.19139394082
3.68633587351
0.258867922057
4.030320622
3.68633587351
0.0
0.0
0.0
0.0
0.0
0.0
0.0
0.0
0.0
0.0
0.0
0.0
0.0
0.0
0.0
0.0
0.0
0.0
0.0
0.0
0.0
0.0
0.0
0.0
0.0
0.0
0.0
0.0
0.0
0.0
0.0
0.0
0.0
0.0
0.0
0.0
0.0
0.0
0.0
0.0
0.0
0.258867922057
2.8412333706
0.258867922057
0.258867922057
0.0
0.258867922057
0.258867922057
0.258867922057
0.258867922057
0.258867922057
0.0
0.0
3.29569822177
0.258867922057
0.258867922057
0.258867922057
0.258867922057
0.0
0.0
0.0
0.0
3.40989710727
0.258867922057
3.40989710727
0.258867922057
0.0
4.95683100739
0.258867922057
3.40989710727
1.88395990989
0.258867922057
0.0
0.0
0.258867922057
3.40989710727
3.40989710727
0.258867922057
0.258867922057
0.0
0.0
0.258867922057
0.0
0.0
4.36773432198
2.52944812723
3.2638231573
0.258867922057
0.0
2.52089831331
4.76291215958
0.258867922057
2.35693924394
2.35693924394
0.0
0.0
2.52944812723
0.258867922057
0.258867922057
4.34968295362
4.76291215958
0.0
0.0
2.52944812723
0.258867922057
0.0
0.0
4.36773432198
1.45665308339
6.36861973791
1.45665308339
0.0
6.68782824071
3.68633587351
2.67127752987
7.67518612038
3.46734801976
0.0
0.0
3.68633587351
0.258867922057
2.67127752987
3.68633587351
4.4755190297
0.0
0.0
0.258867922057
0.258867922057
6.54471428897
0.0
0.0
4.36773432198
0.258867922057
0.258867922057
0.258867922057
0.0
4.70386505524
4.01224498126
0.258867922057
2.65736164002
2.52163044914
0.0
2.19139394082
2.4073371456
0.258867922057
0.258867922057
2.65736164002
4.4755190297
0.0
0.0
0.258867922057
0.258867922057
4.36773432198
4.4755190297
0.0
0.0
4.47112142302
0.258867922057
4.05787786643
0.258867922057
0.0
4.4755190297
4.76291215958
4.05787786643
2.83996363694
2.52163044914
0.0
3.52097462311
0.258867922057
5.56213475743
4.05787786643
5.07448871887
7.84152165624
0.0
0.0
0.258867922057
5.41435829436
4.76291215958
4.4755190297
4.4755190297
0.0
0.0
0.0
0.0
0.0
0.0
0.0
0.0
0.0
0.0
0.0
0.0
0.0
0.0
0.0
0.0
0.0
0.0
0.0
0.0
0.0
0.0
0.0
0.0
0.0
0.0
0.0
0.0
0.0
1.88395990989
0.258867922057
1.88395990989
0.258867922057
0.0
1.88395990989
0.258867922057
1.88395990989
1.88395990989
0.258867922057
0.0
0.0
0.258867922057
1.88395990989
1.88395990989
0.258867922057
0.258867922057
0.0
0.0
0.258867922057
1.88395990989
0.258867922057
0.258867922057
0.258867922057
1.88395990989
0.0
0.0
0.0
3.40989710727
0.258867922057
3.40989710727
0.258867922057
0.0
3.40989710727
0.258867922057
3.40989710727
3.50163155289
0.258867922057
0.0
0.0
0.258867922057
3.40989710727
3.40989710727
0.258867922057
0.258867922057
0.0
0.0
0.258867922057
5.81039331012
0.258867922057
0.258867922057
0.258867922057
3.40989710727
0.0
1.88395990989

Topic 8
Mean 2.23321689254
Median 2.52089831331
Sum 780.871018483
3.52097462311
1.88395990989
4.0169117007
0.258867922057
0.258867922057
0.258867922057
5.17095834295
0.258867922057
0.258867922057
0.258867922057
0.258867922057
6.47065149922
0.258867922057
5.29243235454
0.258867922057
3.29569822177
0.258867922057
0.258867922057
0.258867922057
3.29569822177
0.258867922057
3.23016303709
0.258867922057
0.258867922057
2.52089831331
3.46734801976
0.258867922057
2.65803170655
4.05787786643
3.40989710727
1.88395990989
2.52089831331
3.46734801976
2.67127752987
1.47825664166
5.6320668157
3.52097462311
5.65937173778
0.258867922057
4.49511013899
2.83769948638
4.030320622
1.47825664166
5.6320668157
6.98236580701
3.29569822177
0.258867922057
0.258867922057
0.258867922057
4.59804761536
0.258867922057
3.29569822177
1.47825664166
1.901615776
2.58818279411
3.40989710727
3.40989710727
1.88395990989
5.29243235454
0.258867922057
5.29243235454
0.258867922057
0.258867922057
3.40989710727
1.45665308339
0.258867922057
0.0
0.0
0.0
0.0
0.0
0.0
0.0
0.0
0.0
0.0
0.0
0.0
3.29569822177
0.258867922057
0.258867922057
0.258867922057
3.29569822177
0.258867922057
6.53721708797
3.93610638673
3.93610638673
2.94156252171
3.29569822177
0.258867922057
0.0
1.47825664166
0.0
0.0
0.0
1.47825664166
0.0
2.65803170655
7.27725571303
1.47825664166
1.47825664166
1.47825664166
0.0
0.0
0.0
1.901615776
1.88395990989
1.88395990989
0.258867922057
1.901615776
0.258867922057
2.77189465128
2.65803170655
1.901615776
2.58818279411
2.58818279411
1.88395990989
0.0
0.258867922057
2.65803170655
7.25416421293
3.40989710727
1.88395990989
1.45665308339
3.29569822177
2.67127752987
3.29569822177
3.23016303709
4.99828834645
4.99828834645
6.38298370809
3.40989710727
0.0
3.29569822177
2.65803170655
2.77189465128
2.52944812723
2.67127752987
0.258867922057
0.258867922057
2.52944812723
2.67127752987
2.52944812723
4.34968295362
6.90738806576
2.67127752987
2.52944812723
0.258867922057
0.0
2.52944812723
1.47825664166
1.47825664166
2.67127752987
4.05787786643
6.45094695241
1.88395990989
0.258867922057
3.46734801976
4.030320622
2.8412333706
3.46734801976
5.87477909224
4.030320622
2.8412333706
3.40989710727
0.0
2.8412333706
0.0
1.88395990989
4.05787786643
4.85330544807
2.52944812723
2.67127752987
0.258867922057
0.258867922057
2.52944812723
4.030320622
2.52944812723
4.26844152781
4.26844152781
4.26844152781
2.52944812723
0.258867922057
0.0
2.52944812723
0.0
0.258867922057
5.50329216319
3.68633587351
4.030320622
6.62453422756
4.10812273735
1.88395990989
0.258867922057
2.75253889114
4.10812273735
1.47825664166
4.57202000732
6.64990499371
4.49118520715
1.47825664166
1.88395990989
0.0
2.52163044914
1.47825664166
4.92320565668
2.67127752987
7.83049405172
2.67127752987
4.26844152781
2.8412333706
0.258867922057
0.258867922057
1.45665308339
2.8412333706
1.45665308339
2.8412333706
0.258867922057
0.258867922057
1.45665308339
2.8412333706
1.45665308339
0.0
2.8412333706
0.0
0.258867922057
2.8412333706
2.52944812723
2.8412333706
2.52944812723
0.258867922057
1.80186789467
0.258867922057
0.258867922057
2.52089831331
1.80186789467
0.258867922057
0.258867922057
2.52089831331
5.07448871887
5.07448871887
0.258867922057
0.258867922057
0.0
2.94156252171
0.0
0.258867922057
0.258867922057
1.80186789467
1.80186789467
1.80186789467
1.80186789467
0.258867922057
5.17095834295
2.8723591574
0.258867922057
0.258867922057
6.15771662112
0.258867922057
2.52944812723
7.26759833287
3.93610638673
2.52163044914
2.52944812723
0.258867922057
0.0
3.93610638673
1.05525050774
1.05525050774
3.23016303709
4.34968295362
3.46734801976
2.52944812723
2.8723591574
2.52944812723
1.80186789467
2.52944812723
0.258867922057
0.258867922057
0.258867922057
2.52944812723
0.258867922057
3.08315141329
2.65803170655
2.65736164002
2.65736164002
2.52944812723
0.258867922057
0.0
5.25835142626
2.65803170655
4.57850434902
3.08315141329
2.52944812723
2.52944812723
2.52944812723
1.80186789467
2.52944812723
2.65736164002
2.52944812723
0.258867922057
0.258867922057
0.258867922057
1.45665308339
0.258867922057
1.45665308339
0.258867922057
0.258867922057
0.258867922057
1.45665308339
0.258867922057
1.45665308339
0.0
0.258867922057
0.0
0.258867922057
1.45665308339
0.258867922057
0.258867922057
0.258867922057
0.258867922057
3.07502873886
0.258867922057
0.258867922057
0.258867922057
1.901615776
-0.0314539127118
-0.0314539127118
-0.0314539127118
1.901615776
-0.0314539127118
1.47825664166
1.47825664166
1.901615776
2.58818279411
6.01351695123
-0.0314539127118
0.0
-0.0314539127118
1.47825664166
2.58818279411
2.58818279411
1.47825664166
-0.0314539127118
-0.0314539127118
1.47825664166
-0.0314539127118
-0.0314539127118
1.05525050774
1.47825664166
-0.0314539127118
3.52097462311
3.52097462311
0.0
0.0
0.0
0.0
0.0
3.2638231573
3.2638231573
3.52097462311
0.0
0.0
0.0
0.0
0.0
0.0
3.83566619559
0.0
3.2638231573
0.0
3.52097462311
0.0
0.0
0.0
0.0
0.0
0.0
1.901615776
-0.0314539127118
-0.0314539127118
-0.0314539127118
1.901615776
-0.0314539127118
1.47825664166
1.47825664166
1.901615776
2.58818279411
2.58818279411
-0.0314539127118
0.0
-0.0314539127118
1.47825664166
2.58818279411
2.58818279411
1.47825664166
-0.0314539127118
-0.0314539127118
1.47825664166
-0.0314539127118
-0.0314539127118
1.05525050774
1.47825664166
-0.0314539127118
2.58818279411
0.0
0.258867922057
0.258867922057
0.258867922057
1.45665308339
0.258867922057
1.45665308339
0.258867922057
0.258867922057
0.258867922057
1.45665308339
0.258867922057
1.45665308339
0.0
0.258867922057
0.0
0.258867922057
1.45665308339
0.258867922057
0.258867922057
0.258867922057
0.258867922057
3.07502873886
0.258867922057
0.258867922057
0.258867922057
3.07502873886
-0.0314539127118
0.0
-0.0314539127118

Topic 3
Mean 2.21107987539
Median 2.4073371456
Sum 735.943605466
0.0
0.0
3.68633587351
0.0
2.4073371456
6.70352506916
0.0
3.29569822177
2.8412333706
0.258867922057
0.0
0.258867922057
0.258867922057
2.52163044914
0.258867922057
0.0
4.25179587426
7.46599377392
4.56834585101
3.29569822177
0.258867922057
0.0
2.58818279411
2.46487936388
1.901615776
-0.0314539127118
-0.0314539127118
1.901615776
0.0
0.258867922057
3.40989710727
3.40989710727
0.258867922057
2.52163044914
0.258867922057
-0.0314539127118
0.0
3.68633587351
3.68633587351
2.52163044914
0.258867922057
2.52163044914
0.258867922057
-0.0314539127118
5.07448871887
0.0
0.0
6.28024771068
3.32028419588
0.0
0.0
0.0
0.0
0.0
0.0
0.0
4.25179587426
2.8412333706
1.901615776
3.29569822177
1.80186789467
4.25179587426
1.901615776
2.65736164002
2.65736164002
0.0
0.0
2.58818279411
2.52089831331
2.52089831331
0.258867922057
0.258867922057
1.901615776
2.58818279411
0.258867922057
2.52089831331
0.0
1.901615776
0.0
2.4073371456
3.23016303709
4.80335301107
0.258867922057
2.52163044914
3.23016303709
-0.0314539127118
2.52163044914
2.52163044914
0.0
1.80186789467
0.258867922057
0.0
1.47825664166
1.47825664166
1.47825664166
0.0
0.0
1.47825664166
1.47825664166
0.0
0.0
0.0
1.47825664166
1.47825664166
0.0
0.0
2.4073371456
4.58301236937
6.20895380081
0.258867922057
2.52163044914
4.36816707291
-0.0314539127118
2.52163044914
5.2214690851
0.0
1.80186789467
2.52089831331
3.23016303709
0.0
0.0
0.258867922057
5.26165026291
4.05787786643
0.258867922057
0.258867922057
0.258867922057
-0.0314539127118
4.47112142302
1.88395990989
0.0
1.88395990989
0.258867922057
0.258867922057
0.0
0.258867922057
0.0
0.258867922057
3.50163155289
3.40989710727
0.258867922057
0.258867922057
3.50163155289
-0.0314539127118
6.27198864074
1.88395990989
3.32028419588
1.88395990989
0.258867922057
3.23016303709
0.0
3.50163155289
4.47112142302
0.0
0.0
0.0
0.0
0.0
0.0
0.0
0.0
0.0
0.0
0.0
0.0
0.0
0.0
0.0
0.0
0.0
0.0
0.0
2.58818279411
3.40989710727
3.40989710727
0.258867922057
0.258867922057
3.23016303709
2.58818279411
4.47112142302
1.88395990989
0.0
1.901615776
2.58818279411
4.99065912401
1.47825664166
3.23016303709
5.56213475743
4.47112142302
0.0
0.0
3.68633587351
3.68633587351
3.46734801976
0.258867922057
2.52163044914
0.258867922057
-0.0314539127118
2.52163044914
4.01224498126
0.0
1.80186789467
2.52089831331
2.52163044914
0.0
4.01224498126
0.258867922057
0.258867922057
0.0
0.258867922057
0.0
1.05525050774
4.36113548286
1.88395990989
0.258867922057
0.258867922057
4.36113548286
1.05525050774
1.88395990989
1.88395990989
0.0
2.43015895996
1.05525050774
0.258867922057
1.05525050774
0.258867922057
1.88395990989
1.88395990989
0.0
1.88395990989
0.258867922057
0.0
2.52944812723
2.52944812723
2.4073371456
2.52944812723
0.258867922057
2.52944812723
1.05525050774
0.258867922057
0.258867922057
0.0
5.10439641431
1.05525050774
2.4073371456
1.05525050774
2.83996363694
0.258867922057
2.83996363694
0.0
1.05525050774
0.258867922057
1.05525050774
0.0
2.67127752987
2.83769948638
2.83769948638
2.52944812723
1.80186789467
2.83769948638
1.901615776
2.65736164002
4.76291215958
0.0
4.97351384001
5.57278486217
1.80186789467
1.47825664166
4.01224498126
1.88395990989
1.88395990989
0.0
1.901615776
4.01224498126
2.43015895996
2.52944812723
0.0
2.67127752987
4.79430379079
5.87477909224
0.258867922057
6.33568178967
4.36113548286
1.47825664166
3.40989710727
2.67127752987
2.88105501423
1.88395990989
1.47825664166
2.52163044914
4.57850434902
2.99292963378
4.05787786643
3.40989710727
0.0
3.40989710727
2.67127752987
4.36113548286
1.05525050774
5.80734220873
0.0
2.19139394082
2.88105501423
3.46734801976
0.258867922057
2.52163044914
0.258867922057
-0.0314539127118
2.65736164002
2.65736164002
3.32028419588
4.97351384001
0.258867922057
6.63432437473
0.0
3.46734801976
0.258867922057
3.52097462311
0.0
0.258867922057
3.46734801976
0.258867922057
3.98589350794
4.97351384001
2.99292963378
0.0
0.258867922057
1.88395990989
1.88395990989
0.258867922057
0.258867922057
0.258867922057
-0.0314539127118
1.88395990989
1.88395990989
0.0
1.88395990989
0.258867922057
0.258867922057
0.0
0.258867922057
1.88395990989
1.88395990989
0.0
1.88395990989
0.258867922057
1.88395990989
0.258867922057
1.88395990989
1.88395990989
0.258867922057
0.0
6.43821389735
2.8412333706
1.901615776
3.29569822177
0.258867922057
3.29569822177
2.58818279411
0.258867922057
0.258867922057
0.0
3.29569822177
2.58818279411
0.258867922057
1.47825664166
0.258867922057
0.258867922057
0.258867922057
0.0
2.58818279411
0.258867922057
1.05525050774
2.52944812723
2.52944812723
1.47825664166
0.258867922057
0.258867922057
0.0
1.05525050774
3.40989710727
3.40989710727
0.258867922057
2.52163044914
1.05525050774
1.05525050774
6.27198864074
2.52163044914
3.32028419588
1.88395990989
1.05525050774
2.52163044914
1.05525050774
2.52163044914
4.47112142302
7.33555062658
0.0
4.47112142302
2.52163044914
1.88395990989
1.05525050774
1.88395990989
3.40989710727
3.32028419588
1.88395990989
1.05525050774
0.0
2.52944812723
2.52944812723
0.258867922057
2.52944812723
0.258867922057
2.52944812723
0.0
0.258867922057
0.258867922057
0.0
2.52944812723
0.258867922057
0.258867922057
0.0
0.258867922057
0.258867922057
0.258867922057
0.0
0.258867922057
0.258867922057
0.258867922057
2.52944812723
2.52944812723
0.258867922057
0.258867922057
0.258867922057
2.52944812723
0.258867922057

Topic 5
Mean 2.1163681461
Median 1.901615776
Sum 777.754044731
1.88395990989
0.258867922057
0.258867922057
5.64691806841
1.88395990989
0.258867922057
2.67127752987
1.88395990989
0.258867922057
6.43064828856
2.58818279411
0.258867922057
0.258867922057
1.05525050774
2.46487936388
1.901615776
1.88395990989
0.258867922057
2.4661451261
4.05761166247
1.901615776
0.258867922057
0.258867922057
2.8412333706
0.258867922057
0.258867922057
2.35693924394
0.258867922057
1.901615776
-0.0314539127118
-0.0314539127118
1.05525050774
1.901615776
1.901615776
2.83769948638
-0.0314539127118
1.901615776
0.258867922057
2.8412333706
1.05525050774
1.901615776
2.35693924394
2.83769948638
3.29569822177
2.83769948638
3.40989710727
1.88395990989
1.45665308339
4.05787786643
1.88395990989
1.80186789467
1.88395990989
2.65736164002
-0.0314539127118
1.80186789467
1.901615776
-0.0314539127118
-0.0314539127118
1.05525050774
1.901615776
1.901615776
2.83769948638
-0.0314539127118
2.83769948638
4.87689762696
-0.0314539127118
3.40989710727
1.88395990989
2.8412333706
4.05787786643
1.901615776
2.35693924394
5.04550132091
3.29569822177
3.74236277852
5.17095834295
4.05787786643
2.99292963378
2.67127752987
0.258867922057
4.87841428675
2.67127752987
2.67127752987
2.58818279411
1.901615776
3.29569822177
1.901615776
3.29569822177
0.258867922057
1.901615776
5.70609336725
4.030320622
1.88395990989
0.258867922057
4.030320622
2.67127752987
2.35693924394
1.88395990989
2.65736164002
-0.0314539127118
2.52163044914
5.70641777228
-0.0314539127118
2.52163044914
3.68633587351
1.901615776
-0.0314539127118
-0.0314539127118
1.05525050774
6.37318935563
1.901615776
1.901615776
-0.0314539127118
1.901615776
1.901615776
-0.0314539127118
1.901615776
1.901615776
1.901615776
-0.0314539127118
1.47825664166
0.258867922057
2.8412333706
1.05525050774
1.47825664166
1.47825664166
1.47825664166
6.53721708797
1.47825664166
3.29569822177
0.258867922057
1.47825664166
3.29569822177
3.29569822177
0.258867922057
4.243752572
1.47825664166
0.258867922057
2.8412333706
1.05525050774
1.47825664166
1.47825664166
1.47825664166
3.29569822177
1.47825664166
5.363216687
0.258867922057
1.47825664166
3.29569822177
4.25179587426
0.258867922057
4.243752572
4.243752572
0.258867922057
0.258867922057
2.52944812723
0.258867922057
0.258867922057
0.258867922057
0.258867922057
2.52944812723
0.0
2.52944812723
0.258867922057
0.0
2.52944812723
2.52944812723
0.258867922057
0.0
2.52944812723
2.52944812723
2.67127752987
0.258867922057
3.07502873886
2.67127752987
2.67127752987
2.58818279411
1.901615776
0.258867922057
1.901615776
1.901615776
1.45665308339
1.901615776
1.901615776
3.68633587351
3.68633587351
1.901615776
1.47825664166
1.47825664166
0.258867922057
0.0
0.0
0.0
0.0
0.0
0.0
0.0
0.0
0.0
0.0
0.0
0.0
0.0
0.0
0.0
0.0
0.0
0.0
0.0
0.0
2.67127752987
0.258867922057
2.8412333706
2.67127752987
2.67127752987
2.35693924394
0.258867922057
3.93610638673
-0.0314539127118
6.35312213906
1.80186789467
-0.0314539127118
3.29569822177
3.29569822177
2.67127752987
-0.0314539127118
3.29569822177
3.29569822177
2.52944812723
2.67127752987
0.0
2.67127752987
0.258867922057
2.8412333706
2.67127752987
2.67127752987
4.36773432198
2.83769948638
3.29569822177
2.83769948638
3.29569822177
1.80186789467
2.83769948638
3.29569822177
4.25179587426
3.68633587351
4.243752572
7.57668521299
6.43554254664
2.52944812723
3.68633587351
0.0
3.29569822177
2.58818279411
-0.0314539127118
-0.0314539127118
1.05525050774
2.46487936388
2.58818279411
1.901615776
-0.0314539127118
1.901615776
1.901615776
-0.0314539127118
1.901615776
1.901615776
2.58818279411
-0.0314539127118
1.901615776
1.47825664166
1.47825664166
0.0
2.58818279411
0.0
-0.0314539127118
1.901615776
2.67127752987
0.258867922057
2.52944812723
2.67127752987
2.67127752987
1.901615776
2.83769948638
2.52944812723
2.83769948638
2.83769948638
0.258867922057
5.22977482363
2.83769948638
2.67127752987
2.67127752987
1.901615776
2.52944812723
2.52944812723
2.52944812723
5.77565545388
0.0
2.67127752987
5.54715792378
1.901615776
0.258867922057
0.258867922057
0.258867922057
0.258867922057
0.258867922057
4.36773432198
3.2638231573
3.93610638673
2.75253889114
3.46734801976
1.80186789467
2.99292963378
3.52097462311
2.4073371456
2.52163044914
-0.0314539127118
0.258867922057
0.258867922057
0.258867922057
0.258867922057
0.0
3.93610638673
4.36773432198
-0.0314539127118
0.258867922057
2.46487936388
0.258867922057
1.45665308339
1.05525050774
2.46487936388
2.46487936388
1.901615776
0.258867922057
1.901615776
1.901615776
1.83162575173
1.901615776
1.901615776
2.46487936388
0.258867922057
1.901615776
1.47825664166
1.47825664166
0.258867922057
2.46487936388
0.0
0.258867922057
1.901615776
2.46487936388
1.901615776
0.258867922057
1.901615776
0.258867922057
0.258867922057
1.05525050774
1.901615776
1.901615776
3.2638231573
2.94156252171
2.83769948638
2.83769948638
2.65736164002
2.83769948638
2.83996363694
1.901615776
2.65736164002
1.901615776
1.47825664166
1.47825664166
0.258867922057
1.901615776
0.0
1.80186789467
2.83769948638
1.901615776
2.83769948638
3.2638231573
1.901615776
4.01224498126
1.88395990989
0.258867922057
3.40989710727
2.67127752987
0.258867922057
1.88395990989
0.258867922057
-0.0314539127118
0.258867922057
3.40989710727
-0.0314539127118
3.40989710727
3.68633587351
5.46064277793
-0.0314539127118
0.258867922057
0.258867922057
0.258867922057
3.68633587351
0.0
2.67127752987
3.68633587351
-0.0314539127118
2.67127752987
0.258867922057
0.258867922057
0.258867922057
0.258867922057
0.258867922057
1.45665308339
0.258867922057
0.258867922057
0.258867922057
0.258867922057
0.258867922057
-0.0314539127118
0.258867922057
1.83162575173
-0.0314539127118
0.258867922057
0.258867922057
0.258867922057
-0.0314539127118
0.258867922057
0.258867922057
0.258867922057
1.45665308339
0.0
0.258867922057
0.258867922057
-0.0314539127118
0.258867922057
0.258867922057
2.62680878715
0.258867922057
0.258867922057

Topic 2
Mean 2.09898855392
Median 1.84291390228
Sum 621.080434573
0.258867922057
1.45665308339
0.258867922057
0.0
0.0
0.0
0.258867922057
1.88395990989
0.258867922057
0.0
0.258867922057
1.88395990989
0.258867922057
0.0
1.88395990989
0.0
0.0
0.0
0.0
0.0
0.0
0.258867922057
1.88395990989
0.258867922057
0.0
1.901615776
2.67127752987
0.0
0.0
0.0
0.0
0.0
0.0
0.0
0.0
0.0
0.258867922057
0.258867922057
2.8412333706
0.0
2.83769948638
2.75253889114
0.0
1.901615776
0.0
0.258867922057
0.258867922057
2.8412333706
0.0
1.47825664166
1.47825664166
0.0
1.47825664166
0.0
3.29569822177
0.258867922057
0.258867922057
2.52944812723
0.0
1.05525050774
2.8723591574
0.0
1.05525050774
0.0
6.15771662112
2.52944812723
0.258867922057
1.88395990989
2.8412333706
0.0
5.04550132091
6.62453422756
0.0
3.40989710727
0.0
5.17095834295
3.29569822177
5.17095834295
0.258867922057
0.258867922057
0.258867922057
0.0
0.258867922057
5.81805913704
0.0
2.67127752987
0.0
0.258867922057
0.258867922057
0.258867922057
0.258867922057
5.19613229774
0.258867922057
1.45665308339
0.0
1.05525050774
7.07547469554
0.0
2.67127752987
0.0
2.75253889114
1.05525050774
4.34968295362
2.52163044914
5.81805913704
2.43221116349
1.88395990989
1.45665308339
0.0
1.88395990989
5.81805913704
0.0
3.40989710727
0.0
0.258867922057
0.258867922057
0.258867922057
3.40989710727
5.81805913704
5.81805913704
1.45665308339
0.258867922057
3.07502873886
0.0
0.258867922057
0.258867922057
0.0
0.258867922057
0.0
0.258867922057
0.258867922057
0.258867922057
0.258867922057
0.258867922057
1.45665308339
1.45665308339
0.0
0.0
0.0
0.0
3.2638231573
3.52097462311
0.0
0.0
0.0
0.0
0.0
0.0
3.52097462311
0.0
0.0
0.0
0.0
1.45665308339
0.258867922057
3.07502873886
0.0
0.258867922057
0.258867922057
0.0
0.258867922057
0.0
0.258867922057
0.258867922057
0.258867922057
0.258867922057
0.258867922057
1.45665308339
1.45665308339
3.90568410763
0.0
0.0
-0.0314539127118
-0.0314539127118
0.0
2.83769948638
1.47825664166
0.0
1.901615776
0.0
4.87689762696
1.47825664166
4.87689762696
2.99292963378
0.0
1.05525050774
-0.0314539127118
-0.0314539127118
3.64276707503
-0.0314539127118
2.43221116349
1.88395990989
3.07502873886
0.0
3.32445195189
4.92320565668
0.0
2.58818279411
0.0
2.83769948638
3.0438081324
3.93610638673
3.50163155289
0.258867922057
2.88105501423
2.43221116349
3.07502873886
2.83996363694
3.07502873886
2.83769948638
0.258867922057
0.258867922057
0.258867922057
0.0
2.83769948638
2.67127752987
0.0
5.64691806841
0.0
4.87689762696
1.47825664166
4.87689762696
2.99292963378
2.67127752987
2.67127752987
2.67127752987
0.258867922057
3.64276707503
0.258867922057
5.22977482363
4.59215404346
0.258867922057
0.258867922057
0.258867922057
0.0
0.258867922057
4.36773432198
0.0
4.01224498126
0.0
2.52163044914
0.258867922057
2.52163044914
2.52163044914
0.258867922057
4.36773432198
0.258867922057
0.258867922057
0.0
0.258867922057
0.0
2.65736164002
4.01224498126
5.19613229774
0.258867922057
1.45665308339
0.0
2.83769948638
2.52163044914
0.0
2.52089831331
0.0
3.46734801976
1.47825664166
4.67476355543
2.83769948638
0.258867922057
5.19613229774
1.45665308339
1.45665308339
0.0
1.45665308339
2.83769948638
3.93610638673
2.83769948638
5.2214690851
5.19613229774
0.258867922057
1.45665308339
0.0
2.83769948638
2.67127752987
0.0
2.67127752987
0.0
2.83769948638
1.47825664166
1.05525050774
5.92558962747
2.67127752987
5.19613229774
2.67127752987
1.45665308339
2.99292963378
1.45665308339
2.99292963378
7.16023852772
2.99292963378
0.258867922057
5.19613229774
0.0
0.0
0.0
0.0
0.0
0.0
0.0
0.0
0.0
0.0
0.0
0.0
0.0
0.0
0.0
0.0
0.0
0.0
0.0
0.0
0.0
0.0
0.0
0.0
0.0
0.258867922057
0.258867922057
2.52944812723
0.0
1.05525050774
6.73641076022
0.0
1.05525050774
0.0
2.52944812723
2.52944812723
5.73541935498
6.14187103842
0.258867922057
4.36773432198
0.258867922057
0.258867922057
0.0
0.258867922057
1.05525050774
2.35693924394
1.80186789467
4.36773432198
2.35693924394
1.05525050774
0.0
0.258867922057
0.258867922057
0.258867922057
0.0
0.258867922057
2.8723591574
0.0
5.64691806841
0.0
2.52163044914
0.258867922057
2.8723591574
2.52163044914
2.67127752987
2.67127752987
3.68633587351
0.258867922057
0.0
0.258867922057
0.0
2.52163044914
7.61834552897
7.78551806493
5.2214690851
2.67127752987
0.0
2.35693924394
1.45665308339
0.258867922057
3.07502873886
0.0
0.258867922057
0.258867922057
0.0
0.258867922057
0.0
0.258867922057
0.258867922057
0.258867922057
0.258867922057
0.258867922057
1.45665308339
1.45665308339
3.90568410763
0.0
3.90568410763
-0.0314539127118
3.07502873886
0.258867922057
0.258867922057
1.45665308339
1.45665308339
0.0
0.258867922057
0.258867922057
1.45665308339
0.258867922057
3.07502873886
0.0
0.258867922057
0.258867922057
0.0
0.258867922057
0.0
0.258867922057
0.258867922057
0.258867922057
0.258867922057
0.258867922057
1.45665308339
1.45665308339
3.80442387549
0.0
3.80442387549
-0.0314539127118
4.74526744901
0.258867922057
0.258867922057
1.45665308339
1.45665308339
0.0
0.258867922057
0.258867922057
3.80442387549

Topic 7
Mean 2.08032331149
Median 1.47825664166
Sum 794.022972822
0.0
0.258867922057
0.0
1.45665308339
0.0
0.258867922057
1.45665308339
0.0
0.258867922057
3.07502873886
1.45665308339
0.0
0.258867922057
3.07502873886
3.90568410763
-0.0314539127118
0.0
-0.0314539127118
-0.0314539127118
-0.0314539127118
-0.0314539127118
0.258867922057
0.0
1.88395990989
0.258867922057
0.258867922057
0.258867922057
1.47825664166
1.45665308339
0.0
0.258867922057
1.45665308339
1.45665308339
1.45665308339
2.83769948638
2.52163044914
0.258867922057
0.0
0.258867922057
0.258867922057
0.258867922057
0.258867922057
1.901615776
4.10812273735
1.901615776
1.45665308339
0.0
1.88395990989
1.45665308339
1.45665308339
1.45665308339
1.05525050774
2.75253889114
1.45665308339
6.0075117617
0.258867922057
0.0
1.88395990989
0.258867922057
0.258867922057
0.258867922057
1.901615776
2.67127752987
2.52089831331
2.67127752987
1.88395990989
0.258867922057
0.0
1.88395990989
0.258867922057
0.258867922057
0.258867922057
1.901615776
2.67127752987
1.901615776
6.78527272743
6.0075117617
2.67127752987
0.258867922057
0.0
0.258867922057
2.8412333706
0.258867922057
0.258867922057
1.47825664166
1.47825664166
1.47825664166
1.47825664166
1.05525050774
1.47825664166
1.47825664166
5.17001188122
0.0
1.88395990989
1.45665308339
1.45665308339
1.45665308339
1.901615776
5.42222356443
1.901615776
6.78527272743
6.0075117617
2.67127752987
8.36572680165
1.47825664166
1.45665308339
0.0
0.258867922057
3.07502873886
3.07502873886
3.07502873886
-0.0314539127118
0.258867922057
1.45665308339
0.258867922057
1.45665308339
0.258867922057
0.258867922057
0.258867922057
1.45665308339
0.258867922057
0.0
0.258867922057
0.258867922057
0.258867922057
0.258867922057
0.0
3.52097462311
2.52163044914
0.258867922057
0.258867922057
4.01224498126
2.65736164002
0.258867922057
0.258867922057
0.258867922057
0.258867922057
0.0
0.258867922057
2.8412333706
0.258867922057
0.258867922057
1.47825664166
1.80186789467
1.80186789467
1.47825664166
1.05525050774
1.47825664166
2.65736164002
3.29569822177
1.47825664166
0.258867922057
2.65736164002
1.45665308339
0.0
0.258867922057
3.07502873886
3.80442387549
3.80442387549
-0.0314539127118
0.258867922057
1.45665308339
0.258867922057
1.45665308339
0.258867922057
0.258867922057
0.258867922057
1.45665308339
3.07502873886
0.258867922057
0.258867922057
0.258867922057
0.0
0.258867922057
2.52944812723
0.258867922057
0.258867922057
2.83769948638
2.75253889114
6.68068181593
5.08137312853
4.29949985932
2.46487936388
6.81857727646
2.52944812723
5.08137312853
0.258867922057
2.52163044914
2.52944812723
0.258867922057
0.258867922057
0.0
0.258867922057
0.258867922057
0.258867922057
0.258867922057
1.901615776
2.8723591574
1.901615776
1.901615776
2.75253889114
1.901615776
2.65736164002
1.47825664166
1.901615776
0.258867922057
2.65736164002
4.97351384001
0.258867922057
2.75253889114
1.45665308339
0.0
0.258867922057
3.07502873886
3.90568410763
3.90568410763
1.47825664166
6.60253175305
3.93610638673
1.47825664166
1.45665308339
2.52089831331
1.80186789467
3.0438081324
1.47825664166
3.07502873886
3.52097462311
3.0438081324
3.80442387549
5.54715792378
1.80186789467
0.258867922057
0.0
0.258867922057
0.258867922057
0.258867922057
0.258867922057
0.0
4.36773432198
5.2214690851
0.258867922057
0.258867922057
4.01224498126
2.65736164002
0.258867922057
0.258867922057
0.258867922057
8.15243773595
2.65736164002
0.258867922057
2.52163044914
2.65736164002
2.52163044914
0.258867922057
0.0
0.258867922057
0.258867922057
0.258867922057
0.258867922057
5.22977482363
2.67127752987
2.83769948638
2.67127752987
1.05525050774
5.64691806841
2.67127752987
1.47825664166
2.67127752987
0.258867922057
4.01224498126
4.59215404346
0.258867922057
2.83769948638
4.59215404346
2.52089831331
4.01224498126
-0.0314539127118
0.0
-0.0314539127118
-0.0314539127118
-0.0314539127118
-0.0314539127118
1.901615776
1.47825664166
1.901615776
6.04762495261
2.28998951596
2.46487936388
6.37318935563
1.47825664166
6.37318935563
-0.0314539127118
-0.0314539127118
1.47825664166
-0.0314539127118
5.08137312853
1.901615776
1.47825664166
-0.0314539127118
2.46487936388
0.258867922057
0.0
0.258867922057
2.8412333706
0.258867922057
0.258867922057
-0.0314539127118
0.258867922057
0.258867922057
0.258867922057
0.258867922057
0.258867922057
0.258867922057
3.29569822177
0.258867922057
0.258867922057
0.258867922057
5.69538245655
0.258867922057
2.52944812723
0.258867922057
2.52944812723
0.258867922057
0.258867922057
-0.0314539127118
1.45665308339
0.0
0.258867922057
1.45665308339
1.45665308339
1.45665308339
2.83769948638
2.52163044914
7.48783977575
1.901615776
1.45665308339
2.52089831331
1.901615776
1.47825664166
1.901615776
1.45665308339
2.52163044914
1.80186789467
1.45665308339
8.04867873573
1.901615776
3.93610638673
2.52163044914
2.83769948638
1.901615776
0.258867922057
0.258867922057
0.0
0.258867922057
0.258867922057
0.258867922057
0.258867922057
0.0
2.83996363694
7.36387837286
0.258867922057
0.258867922057
4.01224498126
3.2638231573
0.258867922057
0.258867922057
0.258867922057
4.76291215958
4.59215404346
0.258867922057
3.2638231573
4.59215404346
2.83996363694
5.95223893006
4.59215404346
-0.0314539127118
0.258867922057
2.52163044914
1.83162575173
0.0
1.88395990989
1.45665308339
1.45665308339
1.45665308339
2.83769948638
6.13974769993
5.2134863777
4.10812273735
1.88395990989
4.030320622
5.33560560486
1.47825664166
5.42222356443
1.45665308339
5.96827109107
2.94156252171
1.45665308339
5.2134863777
2.94156252171
6.84345544641
2.65736164002
4.030320622
5.33560560486
0.258867922057
5.2134863777
5.45470099664
0.258867922057
0.0
0.258867922057
2.8412333706
0.258867922057
0.258867922057
-0.0314539127118
2.52163044914
6.68068181593
0.258867922057
0.258867922057
0.258867922057
1.80186789467
3.29569822177
0.258867922057
0.258867922057
2.52163044914
5.69538245655
0.258867922057
6.68068181593
1.80186789467
3.93610638673
2.52163044914
1.80186789467
-0.0314539127118
6.69649311121
6.68068181593
2.52163044914
2.52163044914

Topic 9
Mean 1.93639082075
Median 1.45665308339
Sum 346.613956914
0.0
0.0
1.47825664166
0.0
0.0
0.0
0.0
0.0
0.0
0.0
0.0
0.0
0.0
0.0
0.0
0.0
0.258867922057
1.88395990989
0.0
0.0
0.0
0.0
0.258867922057
5.26165026291
0.0
0.0
0.0
1.88395990989
0.0
0.0
0.0
0.0
0.0
0.0
0.0
0.0
0.0
0.258867922057
0.258867922057
0.0
0.0
0.0
0.258867922057
0.258867922057
0.0
0.0
1.47825664166
2.83769948638
0.0
0.0
0.0
0.258867922057
4.030320622
0.0
1.45665308339
0.0
2.52163044914
4.56834585101
0.0
0.0
0.0
0.258867922057
0.258867922057
0.0
1.45665308339
7.17810511094
0.0
0.258867922057
0.258867922057
0.0
0.0
0.0
0.258867922057
0.258867922057
0.0
3.07502873886
1.45665308339
1.45665308339
0.0
0.0
0.0
0.0
0.0
0.0
0.0
0.0
0.0
0.0
0.0
0.0
0.0
0.0
0.0
0.0
0.0
0.0
0.0
0.0
0.0
0.0
0.0
0.0
0.0
0.0
0.0
0.0
0.0
0.0
0.0
0.0
0.0
0.0
0.0
0.0
0.0
0.0
0.0
0.0
0.0
0.0
0.0
0.258867922057
5.26165026291
0.0
0.0
0.0
1.88395990989
5.26165026291
0.0
1.45665308339
1.45665308339
2.43221116349
1.45665308339
0.0
0.0
0.0
0.0
1.47825664166
1.901615776
0.0
0.0
0.0
0.0
0.0
0.0
0.0
1.901615776
1.901615776
0.0
0.0
0.0
0.0
0.0
0.0
2.52163044914
4.60064365519
0.0
0.0
0.0
1.88395990989
4.60064365519
0.0
0.258867922057
4.030320622
2.52163044914
0.258867922057
0.0
0.0
0.0
4.60064365519
1.05525050774
0.0
0.258867922057
5.86143761747
0.0
0.0
0.0
1.88395990989
4.80226415306
0.0
0.258867922057
2.61620369493
2.61620369493
0.258867922057
0.0
0.0
0.0
5.56213475743
0.0
4.47112142302
0.0
0.258867922057
0.258867922057
0.0
0.0
0.0
0.258867922057
0.258867922057
0.0
0.258867922057
0.258867922057
0.258867922057
2.8412333706
0.0
0.0
0.0
0.258867922057
0.0
0.258867922057
0.258867922057
0.0
2.52163044914
0.258867922057
0.0
0.0
0.0
0.258867922057
2.67127752987
0.0
0.258867922057
4.76291215958
4.01224498126
0.258867922057
0.0
0.0
0.0
0.258867922057
0.0
2.67127752987
0.258867922057
0.258867922057
0.0
3.46734801976
4.56834585101
0.0
0.0
0.0
1.88395990989
4.05787786643
0.0
0.258867922057
4.4755190297
4.56834585101
0.258867922057
0.0
0.0
0.0
4.05787786643
1.901615776
4.05787786643
3.40989710727
0.258867922057
2.52163044914
0.0
0.0
0.0
0.0
0.0
0.0
0.0
0.0
0.0
0.0
0.0
0.0
0.0
0.0
0.0
0.0
0.0
0.0
0.0
0.0
0.0
0.0
0.0
0.0
0.0
0.0
0.0
0.0
0.0
0.0
0.0
0.0
0.0
0.0
0.0
0.0
0.0
0.0
0.0
0.0
0.0
0.0
0.0
0.0
0.0
0.0
0.0
0.0
0.258867922057
0.258867922057
0.0
0.0
0.0
0.258867922057
0.258867922057
0.0
3.90568410763
1.45665308339
1.45665308339
3.07502873886
0.0
0.0
0.0
1.45665308339
0.0
0.258867922057
0.258867922057
0.258867922057
0.258867922057
0.258867922057
0.0
0.0
0.0
3.0438081324
1.47825664166
0.0
0.0
0.0
0.258867922057
0.258867922057
0.0
3.90568410763
6.84345544641
4.26844152781
3.07502873886
0.0
0.0
0.0
1.45665308339
1.47825664166
2.52163044914
2.83996363694
2.52944812723
3.93610638673
2.52163044914
0.0
0.0
3.90568410763
0.0
0.258867922057
0.258867922057
0.0
0.0
0.0
0.258867922057
0.258867922057
0.0
3.90568410763
1.45665308339
1.45665308339
3.07502873886
0.0
0.0
0.0
1.45665308339
0.0
0.258867922057
0.258867922057
0.258867922057
0.258867922057
0.258867922057
0.0
0.0
3.90568410763
3.90568410763
0.0
0.258867922057
0.258867922057
0.0
0.0
0.0
0.258867922057
0.258867922057
0.0
1.45665308339
1.45665308339
2.43221116349
1.45665308339
0.0
0.0
0.0
2.43221116349
0.0
0.258867922057
0.258867922057
0.258867922057
0.258867922057
0.258867922057
0.0
0.0
1.45665308339
1.45665308339
1.45665308339
0.0
3.46734801976
5.51153456367
0.0
0.0
0.0
2.75253889114
2.67127752987
0.0
1.45665308339
6.73692478954
3.74236277852
2.8412333706
0.0
0.0
0.0
1.45665308339
1.901615776
4.36773432198
3.50163155289
2.8412333706
3.68633587351
3.74236277852
0.0
0.0
1.45665308339
5.54715792378
1.45665308339
1.45665308339

