Topic 1
Mean 2.92621613675
Median 2.75253889114
Sum 1471.19473071
0.0
1.88395990989
0.0
6.20895380081
0.0
0.258867922057
0.0
0.0
0.0
0.0
2.4073371456
0.0
0.258867922057
2.4073371456
0.0
2.4073371456
0.0
0.258867922057
2.83996363694
0.0
2.52944812723
5.87477909224
0.0
1.88395990989
2.52089831331
0.0
2.19139394082
2.19139394082
0.258867922057
0.0
0.258867922057
0.258867922057
0.0
3.29569822177
2.52944812723
0.258867922057
3.40989710727
0.0
1.88395990989
6.34752937895
0.0
2.67127752987
1.05525050774
3.40989710727
0.258867922057
0.0
0.0
0.0
0.0
0.0
0.0
0.0
0.0
0.0
0.0
4.80335301107
0.0
0.258867922057
6.8975603342
0.0
2.58818279411
1.05525050774
3.74236277852
0.258867922057
6.34752937895
0.0
6.20895380081
0.0
0.258867922057
6.66949908753
0.0
0.258867922057
0.258867922057
6.12927174772
0.258867922057
6.34752937895
0.0
8.41645546321
1.47825664166
0.0
0.0
0.0
0.0
1.47825664166
1.05525050774
1.47825664166
0.0
1.47825664166
0.0
1.47825664166
0.0
6.70352506916
0.0
1.88395990989
4.58301236937
0.0
3.68633587351
2.52944812723
7.14395331171
2.8412333706
3.40989710727
0.0
3.74236277852
2.52089831331
1.47825664166
3.40989710727
0.0
1.88395990989
3.50163155289
0.0
0.258867922057
2.83996363694
3.40989710727
0.258867922057
4.47112142302
0.0
3.50163155289
0.258867922057
0.0
3.50163155289
4.44164224497
0.0
0.258867922057
5.73645626715
0.0
6.62049699593
2.83996363694
2.83769948638
0.258867922057
4.030320622
0.0
2.83769948638
3.83566619559
1.47825664166
7.48192699003
3.52097462311
2.83769948638
0.0
1.88395990989
0.258867922057
0.0
1.901615776
5.10439641431
2.83769948638
0.258867922057
1.901615776
0.0
2.83769948638
0.258867922057
1.47825664166
5.70009490222
1.88395990989
5.04550132091
3.46734801976
0.0
0.258867922057
3.46734801976
0.0
2.19139394082
3.98589350794
2.75253889114
0.258867922057
0.258867922057
0.0
2.75253889114
4.02013437842
0.0
2.88105501423
3.52097462311
5.94035693454
3.2638231573
0.0
0.0
0.0
0.0
0.0
0.0
0.0
0.0
0.0
0.0
0.0
0.0
0.0
0.0
0.0
0.0
0.0
0.0
0.0
3.46734801976
0.0
0.258867922057
4.24608529711
0.0
2.67127752987
3.98589350794
7.08480808835
0.258867922057
2.67127752987
0.0
2.75253889114
7.41944239778
1.47825664166
4.54804671427
2.83996363694
4.99828834645
6.02079021482
7.6328147107
0.0
4.05787786643
0.0
1.88395990989
3.46734801976
0.0
2.67127752987
4.29949985932
7.32528350841
0.258867922057
3.40989710727
0.0
1.901615776
3.46734801976
1.47825664166
5.33560560486
3.40989710727
3.46734801976
4.29949985932
3.46734801976
0.0
3.46734801976
4.80335301107
0.0
0.258867922057
3.23016303709
0.0
2.4073371456
2.4073371456
2.19139394082
0.258867922057
0.258867922057
0.0
4.80335301107
2.52163044914
0.0
3.23016303709
3.23016303709
2.8723591574
0.258867922057
6.63432437473
0.0
2.52163044914
4.67476355543
1.901615776
0.0
-0.0314539127118
-0.0314539127118
0.0
2.58818279411
1.05525050774
1.901615776
-0.0314539127118
2.58818279411
0.0
2.58818279411
-0.0314539127118
1.47825664166
2.46487936388
-0.0314539127118
1.901615776
1.901615776
-0.0314539127118
0.0
1.47825664166
1.901615776
-0.0314539127118
3.32028419588
0.0
0.0
0.0
0.0
0.0
0.0
0.0
0.0
0.0
0.0
0.0
0.0
0.0
6.28024771068
3.32028419588
0.0
0.0
3.32028419588
0.0
2.88105501423
0.0
0.0
0.0
2.83769948638
0.0
0.258867922057
5.34580268713
0.0
1.901615776
2.83996363694
2.83769948638
0.258867922057
1.901615776
0.0
2.83769948638
1.80186789467
1.47825664166
2.83769948638
2.83996363694
2.83996363694
3.2638231573
5.45470099664
0.0
3.2638231573
1.901615776
1.80186789467
1.901615776
0.0
1.901615776
0.0
1.88395990989
1.80186789467
0.0
4.25179587426
5.10439641431
1.901615776
3.29569822177
1.901615776
0.0
1.901615776
1.80186789467
1.47825664166
2.8412333706
1.88395990989
2.65736164002
5.10439641431
4.97351384001
0.0
1.80186789467
4.29949985932
1.80186789467
1.901615776
0.0
4.59215404346
6.26553350544
0.0
1.88395990989
4.01224498126
0.0
4.25179587426
2.52944812723
4.56834585101
3.29569822177
4.47112142302
0.0
4.01224498126
4.01224498126
1.47825664166
6.26553350544
4.47112142302
3.68633587351
2.83769948638
2.52163044914
0.0
2.67127752987
4.26844152781
2.52163044914
1.901615776
0.0
2.83769948638
4.25179587426
2.52163044914
0.0
0.258867922057
2.83996363694
0.0
2.52944812723
2.83996363694
3.21683793994
2.52944812723
2.52089831331
0.0
2.52089831331
4.02013437842
2.77189465128
2.52944812723
3.52097462311
3.52097462311
1.47825664166
4.88889179988
0.0
2.83996363694
4.57202000732
4.88889179988
1.47825664166
0.0
2.83996363694
2.52944812723
4.26844152781
0.0
0.0
0.0
0.0
0.0
0.0
0.0
0.0
0.0
0.0
0.0
0.0
0.0
0.0
0.0
0.0
0.0
0.0
0.0
0.0
0.0
0.0
0.0
0.0
0.0
0.0
0.0
0.0
0.0
1.901615776
0.0
-0.0314539127118
-0.0314539127118
0.0
2.58818279411
1.05525050774
1.901615776
-0.0314539127118
2.58818279411
0.0
2.58818279411
-0.0314539127118
1.47825664166
2.46487936388
-0.0314539127118
1.901615776
1.901615776
-0.0314539127118
0.0
1.47825664166
1.901615776
-0.0314539127118
5.76939156513
0.0
1.901615776
1.901615776
1.901615776
1.47825664166
0.0
2.52163044914
0.0
0.258867922057
2.52163044914
0.0
2.67127752987
1.05525050774
2.75253889114
0.258867922057
2.67127752987
0.0
2.75253889114
2.52163044914
1.05525050774
2.88105501423
0.258867922057
2.75253889114
1.05525050774
2.88105501423
0.0
7.07547469554
4.57202000732
2.52163044914
1.05525050774
2.88105501423
1.80186789467
1.80186789467
4.26844152781
4.57202000732
0.0
1.05525050774
5.87477909224
0.0
1.88395990989
3.46734801976
0.0
3.68633587351
2.52944812723
6.91556785692
2.8412333706
4.87636455629
0.0
0.258867922057
3.46734801976
0.0
4.05787786643
4.47112142302
7.0904552782
3.2638231573
3.46734801976
0.0
5.84294754607
4.05787786643
2.52163044914
-0.0314539127118
0.0
3.2638231573
2.8412333706
4.85330544807
2.52944812723
0.0
-0.0314539127118
2.67127752987
2.52163044914
0.0
0.258867922057
2.52163044914
0.0
0.258867922057
0.258867922057
0.258867922057
0.258867922057
0.258867922057
0.0
0.258867922057
2.52163044914
0.0
0.258867922057
0.258867922057
2.52163044914
0.258867922057
2.52163044914
0.0
2.52163044914
3.93610638673
3.93610638673
-0.0314539127118
0.0
1.80186789467
1.80186789467
2.52163044914
3.93610638673
0.0
-0.0314539127118
2.52163044914
2.52163044914
6.0511028914
0.0
1.88395990989
3.46734801976
0.0
3.68633587351
2.83996363694
4.56834585101
0.258867922057
4.030320622
0.0
3.74236277852
3.46734801976
1.47825664166
4.56834585101
3.52097462311
8.78740503161
2.83769948638
4.82021220383
0.0
3.46734801976
5.50329216319
2.52163044914
1.901615776
0.0
4.59215404346
4.59215404346
4.85330544807
3.52097462311
0.0
1.901615776
4.34968295362
7.0904552782
2.52163044914
3.46734801976
0.0
0.258867922057
3.46734801976
0.0
1.47825664166
1.05525050774
2.75253889114
0.258867922057
2.52089831331
0.0
3.23016303709
3.46734801976
2.65803170655
3.23016303709
3.23016303709
3.46734801976
3.2638231573
5.68437677434
0.0
5.97238152731
4.67476355543
4.99065912401
1.47825664166
2.88105501423
3.2638231573
1.80186789467
4.26844152781
5.6320668157
0.0
1.47825664166
4.57202000732
3.46734801976
3.93610638673
4.34968295362
1.901615776
0.0
0.258867922057
1.80186789467
0.0
1.901615776
1.05525050774
2.75253889114
0.258867922057
1.901615776
0.0
2.75253889114
1.80186789467
1.47825664166
1.901615776
2.8723591574
2.8723591574
1.901615776
6.08747236257
0.0
2.75253889114
1.901615776
2.8723591574
1.901615776
5.56657835182
4.59215404346
4.97351384001
1.901615776
1.80186789467
0.0
1.901615776
2.75253889114
1.80186789467
1.80186789467
4.59215404346
2.75253889114
0.0
0.0
0.0
0.0
0.0
0.0
0.0
0.0
0.0
0.0
0.0
0.0
0.0
0.0
0.0
0.0
0.0
0.0
0.0
0.0
0.0
0.0
0.0
0.0
0.0
0.0
0.0
0.0
0.0
0.0
0.0
0.0
0.0
0.0
0.0
0.0
0.0
2.61620369493
0.0
0.258867922057
2.61620369493
0.0
2.4073371456
2.4073371456
6.1389445154
0.258867922057
0.258867922057
0.0
0.258867922057
7.24029949128
0.0
0.258867922057
0.258867922057
2.4073371456
0.258867922057
4.02013437842
0.0
2.61620369493
2.35693924394
2.4073371456
-0.0314539127118
0.0
1.80186789467
1.80186789467
2.35693924394
4.02013437842
0.0
-0.0314539127118
4.36773432198
2.35693924394
2.35693924394
2.4073371456
2.35693924394
1.80186789467
0.0
4.70386505524
0.0
1.88395990989
5.2214690851
0.0
4.25179587426
2.52944812723
3.40989710727
3.29569822177
4.87636455629
0.0
3.50163155289
7.95457448402
0.0
6.79853690686
4.47112142302
3.83566619559
1.88395990989
3.46734801976
0.0
5.45408296252
3.93610638673
3.93610638673
-0.0314539127118
0.0
1.80186789467
4.25179587426
4.84040382068
3.93610638673
0.0
-0.0314539127118
2.67127752987
7.22811654373
3.93610638673
3.68633587351
3.93610638673
1.80186789467
0.0
2.35693924394

Topic 6
Mean 2.57289554634
Median 2.52944812723
Sum 1507.3393432
0.0
0.0
0.0
0.0
0.0
2.67127752987
0.0
0.0
2.67127752987
3.68633587351
0.0
0.0
4.60064365519
2.67127752987
2.67127752987
0.0
0.0
0.0
0.0
0.0
0.0
0.0
0.0
0.258867922057
4.87841428675
0.258867922057
0.258867922057
0.0
0.0
0.0
4.030320622
2.67127752987
2.67127752987
4.030320622
0.0
1.45665308339
0.0
0.0
0.258867922057
2.52944812723
0.258867922057
1.05525050774
0.0
2.52944812723
2.83996363694
0.0
0.0
0.258867922057
0.258867922057
0.258867922057
0.258867922057
0.0
1.45665308339
4.49511013899
0.258867922057
0.0
0.0
0.258867922057
0.258867922057
0.258867922057
0.258867922057
0.0
1.45665308339
1.83162575173
0.258867922057
1.83162575173
0.0
0.0
3.40989710727
0.258867922057
0.258867922057
4.47112142302
0.0
0.258867922057
3.52097462311
2.83996363694
0.258867922057
0.258867922057
0.0
0.0
5.26165026291
5.70609336725
2.52163044914
4.60064365519
0.0
2.8412333706
3.52097462311
2.83996363694
0.258867922057
0.258867922057
5.37851529035
0.0
0.0
1.88395990989
0.258867922057
0.258867922057
1.88395990989
0.0
0.258867922057
0.258867922057
0.258867922057
0.258867922057
0.258867922057
1.88395990989
1.88395990989
0.0
0.0
0.258867922057
3.29569822177
4.67476355543
2.52163044914
0.0
2.8412333706
2.94156252171
2.52944812723
0.258867922057
0.258867922057
0.258867922057
3.29569822177
0.258867922057
0.0
0.0
0.0
0.0
0.0
0.0
0.0
0.0
3.52097462311
2.83996363694
0.0
0.0
3.52097462311
3.52097462311
0.0
0.0
0.0
0.0
4.05787786643
2.4073371456
2.52163044914
4.05787786643
0.0
0.258867922057
4.4755190297
2.4073371456
0.258867922057
0.258867922057
3.40989710727
4.05787786643
1.88395990989
3.46734801976
0.0
0.0
0.0
0.258867922057
3.29569822177
0.258867922057
0.258867922057
0.0
2.8412333706
0.258867922057
2.52944812723
0.258867922057
0.258867922057
0.258867922057
3.29569822177
0.258867922057
4.8033867767
0.0
0.258867922057
0.0
0.0
3.32028419588
3.29569822177
2.52163044914
2.52163044914
0.0
2.8412333706
2.83769948638
2.52944812723
0.258867922057
0.258867922057
3.32028419588
5.17095834295
0.258867922057
5.363216687
0.0
3.46734801976
4.59804761536
0.0
0.0
0.258867922057
3.29569822177
0.258867922057
0.258867922057
0.0
2.8412333706
2.88105501423
2.52944812723
0.258867922057
0.258867922057
0.258867922057
3.29569822177
0.258867922057
4.8033867767
0.0
0.258867922057
4.97054296193
4.59804761536
0.0
0.0
0.258867922057
2.4073371456
6.66842972727
2.52163044914
0.0
0.258867922057
2.52163044914
2.4073371456
0.258867922057
0.258867922057
3.23016303709
5.17095834295
0.258867922057
4.67476355543
0.0
4.80335301107
0.258867922057
5.40421212656
0.258867922057
0.0
0.0
1.88395990989
4.25179587426
1.80186789467
1.88395990989
0.0
2.8412333706
2.94156252171
5.10439641431
2.62680878715
1.83162575173
1.88395990989
3.29569822177
1.88395990989
3.29569822177
0.0
1.901615776
3.29569822177
3.29569822177
3.29569822177
1.80186789467
0.0
0.0
5.26165026291
3.68633587351
3.68633587351
4.60064365519
0.0
2.8412333706
4.54804671427
2.52944812723
0.258867922057
0.258867922057
3.50163155289
6.59167247447
1.88395990989
2.8412333706
0.0
6.70352506916
2.8412333706
2.8412333706
2.88105501423
3.23016303709
2.8412333706
0.0
0.0
4.05787786643
4.25179587426
4.01224498126
4.47112142302
0.0
2.8412333706
4.4755190297
2.52944812723
0.258867922057
0.258867922057
4.47112142302
4.05787786643
1.88395990989
3.29569822177
0.0
6.26553350544
3.29569822177
3.29569822177
3.29569822177
2.52163044914
4.25179587426
6.26553350544
0.0
0.0
0.258867922057
2.52944812723
0.258867922057
0.258867922057
0.0
2.52944812723
0.258867922057
2.52944812723
0.258867922057
0.258867922057
0.258867922057
2.52944812723
0.258867922057
2.52944812723
0.0
0.258867922057
2.52944812723
2.52944812723
2.52944812723
0.258867922057
2.52944812723
2.52944812723
2.52944812723
0.0
0.0
5.26165026291
5.70609336725
0.258867922057
4.60064365519
0.0
2.8412333706
4.99828834645
2.52944812723
1.45665308339
1.45665308339
5.09207415876
6.59167247447
1.88395990989
3.29569822177
0.0
4.05787786643
3.29569822177
3.29569822177
3.29569822177
3.23016303709
3.29569822177
7.32240750706
4.05787786643
2.52944812723
0.0
0.0
0.258867922057
1.901615776
1.80186789467
1.80186789467
0.0
0.258867922057
6.29975361771
1.05525050774
0.258867922057
0.258867922057
2.8723591574
1.901615776
0.258867922057
2.94156252171
0.0
1.901615776
0.258867922057
2.75253889114
2.75253889114
2.8723591574
4.97351384001
1.901615776
1.901615776
0.258867922057
0.258867922057
0.0
0.0
4.05787786643
2.67127752987
4.67476355543
4.05787786643
0.0
0.258867922057
4.26844152781
4.29949985932
0.258867922057
0.258867922057
3.40989710727
4.05787786643
1.88395990989
5.47514620348
0.0
4.05787786643
0.258867922057
3.46734801976
0.258867922057
4.67476355543
4.29949985932
5.33560560486
4.26844152781
0.258867922057
4.05787786643
1.901615776
0.0
0.0
-0.0314539127118
2.58818279411
-0.0314539127118
1.05525050774
0.0
-0.0314539127118
2.58818279411
1.05525050774
-0.0314539127118
0.0
-0.0314539127118
1.901615776
-0.0314539127118
-0.0314539127118
0.0
1.901615776
-0.0314539127118
1.901615776
0.0
-0.0314539127118
1.901615776
2.46487936388
1.901615776
0.0
-0.0314539127118
1.901615776
1.901615776
0.0
0.0
4.030320622
2.67127752987
2.67127752987
4.030320622
0.0
2.52944812723
4.030320622
4.29949985932
0.258867922057
0.258867922057
0.258867922057
3.74236277852
0.258867922057
2.94156252171
0.0
3.74236277852
2.52944812723
2.83769948638
2.52944812723
1.80186789467
4.59215404346
5.33560560486
3.74236277852
6.50275061462
2.52944812723
4.59215404346
5.72322594265
1.901615776
0.0
0.0
3.40989710727
0.258867922057
2.52163044914
4.47112142302
0.0
0.258867922057
6.3950550795
0.258867922057
0.258867922057
0.258867922057
6.27198864074
3.40989710727
1.88395990989
2.65736164002
0.0
3.40989710727
0.258867922057
2.52163044914
0.258867922057
2.52163044914
2.65736164002
3.40989710727
4.47112142302
0.258867922057
3.40989710727
2.65736164002
3.40989710727
-0.0314539127118
5.25835142626
0.0
0.0
4.05787786643
3.29569822177
2.52089831331
4.05787786643
0.0
2.8412333706
3.5419177341
2.52944812723
0.258867922057
0.258867922057
3.40989710727
4.05787786643
1.88395990989
3.29569822177
0.0
4.05787786643
3.29569822177
3.29569822177
3.29569822177
0.258867922057
3.29569822177
7.98718995179
4.05787786643
2.52944812723
4.05787786643
1.901615776
4.05787786643
1.901615776
2.83769948638
3.40989710727
0.0
0.0
0.258867922057
2.52944812723
4.76291215958
4.36773432198
0.0
2.52944812723
3.2638231573
2.52944812723
0.258867922057
0.258867922057
2.8723591574
2.52944812723
0.258867922057
2.52944812723
3.2638231573
2.52089831331
2.52944812723
2.52944812723
2.52944812723
2.8723591574
2.52944812723
2.52944812723
4.01224498126
2.52944812723
2.52944812723
2.8723591574
2.35693924394
1.05525050774
2.52944812723
2.35693924394
2.52944812723
0.0
0.0
2.67127752987
3.68633587351
3.68633587351
4.36773432198
0.0
1.45665308339
6.98236580701
1.05525050774
1.45665308339
1.45665308339
2.8723591574
2.83769948638
0.258867922057
5.91274128552
0.0
6.68782824071
0.258867922057
3.46734801976
2.75253889114
2.8723591574
4.97351384001
6.40435187644
4.4755190297
0.258867922057
1.45665308339
4.97351384001
3.46734801976
2.58818279411
4.59215404346
2.65736164002
5.99941178532
6.54471428897
0.0
0.0
0.0
0.0
0.0
0.0
0.0
0.0
0.0
0.0
0.0
0.0
0.0
0.0
0.0
0.0
0.0
0.0
0.0
0.0
0.0
0.0
0.0
0.0
0.0
0.0
0.0
0.0
0.0
0.0
0.0
0.0
0.0
0.0
0.0
0.0
0.0
0.258867922057
2.4073371456
4.67476355543
2.52163044914
0.0
0.258867922057
2.52163044914
2.4073371456
0.258867922057
0.258867922057
3.23016303709
5.17095834295
0.258867922057
4.67476355543
0.0
2.52163044914
0.258867922057
5.40421212656
0.258867922057
5.89675756479
1.80186789467
3.23016303709
2.52163044914
0.258867922057
3.23016303709
2.8723591574
4.67476355543
-0.0314539127118
1.80186789467
2.52163044914
0.258867922057
2.8723591574
2.8723591574
0.0
0.0
0.0
0.258867922057
3.29569822177
0.258867922057
1.05525050774
0.0
2.8412333706
2.58818279411
2.52944812723
0.258867922057
0.258867922057
0.258867922057
3.29569822177
0.258867922057
4.8033867767
0.0
1.901615776
4.97054296193
4.59804761536
4.97054296193
0.258867922057
3.29569822177
2.8412333706
3.29569822177
2.52944812723
3.29569822177
1.901615776
1.901615776
2.58818279411
2.52944812723
0.258867922057
3.29569822177
2.52944812723
7.24102498043
0.0
0.258867922057
0.0
0.0
0.258867922057
2.52944812723
2.52089831331
1.05525050774
0.0
2.52944812723
7.32923667891
2.52944812723
1.45665308339
1.45665308339
0.258867922057
6.14187103842
0.258867922057
2.52944812723
0.0
4.56834585101
2.52944812723
2.83769948638
2.52944812723
0.258867922057
2.52944812723
7.01876127861
4.56834585101
2.52944812723
5.00492178927
1.901615776
1.901615776
1.901615776
3.74236277852
0.258867922057
8.5509694725
2.52944812723
7.99449696989
0.0
0.258867922057
2.52944812723
0.0
0.0
5.26165026291
1.901615776
0.258867922057
4.60064365519
0.0
0.258867922057
3.2638231573
1.05525050774
0.258867922057
0.258867922057
3.40989710727
5.26165026291
1.88395990989
0.258867922057
3.2638231573
4.56834585101
0.258867922057
3.32028419588
0.258867922057
0.258867922057
1.901615776
5.26165026291
4.56834585101
0.258867922057
5.26165026291
1.901615776
4.05787786643
1.901615776
6.43049342008
3.40989710727
4.05787786643
3.2638231573
6.36861973791
0.0
0.258867922057
1.901615776
5.51153456367

Topic 0
Mean 2.50427775396
Median 2.67127752987
Sum 1004.21537934
0.0
0.0
0.0
0.0
0.0
0.258867922057
0.0
0.0
4.60064365519
0.258867922057
0.0
0.0
0.258867922057
1.45665308339
0.258867922057
0.0
0.0
0.0
0.0
0.0
0.0
0.0
0.0
4.05787786643
0.258867922057
4.56834585101
0.258867922057
0.0
0.0
0.0
2.67127752987
0.258867922057
0.258867922057
0.258867922057
0.0
2.52163044914
0.0
0.0
4.60064365519
0.258867922057
5.26165026291
0.258867922057
0.0
4.05787786643
2.67127752987
0.0
0.0
2.52163044914
3.07502873886
2.83769948638
2.43221116349
0.0
2.83769948638
3.93610638673
1.88395990989
0.0
0.0
2.52163044914
0.258867922057
1.47825664166
0.258867922057
0.0
3.46734801976
2.52163044914
0.258867922057
3.0438081324
0.0
0.0
0.0
0.0
0.0
0.0
0.0
0.0
0.0
0.0
0.0
0.0
0.0
0.0
0.0
0.0
0.0
0.0
0.0
2.19139394082
0.0
0.0
2.88105501423
0.0
0.0
0.0
0.0
2.67127752987
4.87841428675
1.901615776
0.258867922057
0.0
2.4073371456
3.68633587351
2.67127752987
2.58818279411
1.47825664166
0.0
2.19139394082
0.0
0.0
4.60064365519
0.258867922057
5.26165026291
0.258867922057
0.0
4.05787786643
0.258867922057
5.26165026291
1.88395990989
0.258867922057
0.0
0.0
0.258867922057
0.0
0.0
4.60064365519
1.45665308339
5.08107100209
5.19613229774
0.0
4.05787786643
2.67127752987
6.34173350974
2.88105501423
0.258867922057
0.0
4.49118520715
2.67127752987
4.83207011445
0.0
0.0
4.34968295362
0.258867922057
1.05525050774
0.258867922057
0.0
3.46734801976
3.68633587351
2.67127752987
2.65736164002
3.46734801976
0.0
0.0
3.68633587351
0.258867922057
2.67127752987
0.0
0.0
4.030320622
1.45665308339
2.83769948638
1.45665308339
0.0
4.4755190297
4.76291215958
4.030320622
5.29243235454
1.47825664166
0.0
2.19139394082
3.68633587351
0.258867922057
4.030320622
3.68633587351
0.0
0.0
0.0
0.0
0.0
0.0
0.0
0.0
0.0
0.0
0.0
0.0
0.0
0.0
0.0
0.0
0.0
0.0
0.0
0.0
0.0
0.0
0.0
0.0
0.0
0.0
0.0
0.0
0.0
0.0
0.0
0.0
0.0
0.0
0.0
0.0
0.0
0.0
0.0
0.0
0.0
0.258867922057
2.8412333706
0.258867922057
0.258867922057
0.0
0.258867922057
0.258867922057
0.258867922057
0.258867922057
0.258867922057
0.0
0.0
3.29569822177
0.258867922057
0.258867922057
0.258867922057
0.258867922057
0.0
0.0
0.0
0.0
3.40989710727
0.258867922057
3.40989710727
0.258867922057
0.0
4.95683100739
0.258867922057
3.40989710727
1.88395990989
0.258867922057
0.0
0.0
0.258867922057
3.40989710727
3.40989710727
0.258867922057
0.258867922057
0.0
0.0
0.258867922057
0.0
0.0
4.36773432198
2.52944812723
3.2638231573
0.258867922057
0.0
2.52089831331
4.76291215958
0.258867922057
2.35693924394
2.35693924394
0.0
0.0
2.52944812723
0.258867922057
0.258867922057
4.34968295362
4.76291215958
0.0
0.0
2.52944812723
0.258867922057
0.0
0.0
4.36773432198
1.45665308339
6.36861973791
1.45665308339
0.0
6.68782824071
3.68633587351
2.67127752987
7.67518612038
3.46734801976
0.0
0.0
3.68633587351
0.258867922057
2.67127752987
3.68633587351
4.4755190297
0.0
0.0
0.258867922057
0.258867922057
6.54471428897
0.0
0.0
4.36773432198
0.258867922057
0.258867922057
0.258867922057
0.0
4.70386505524
4.01224498126
0.258867922057
2.65736164002
2.52163044914
0.0
2.19139394082
2.4073371456
0.258867922057
0.258867922057
2.65736164002
4.4755190297
0.0
0.0
0.258867922057
0.258867922057
4.36773432198
4.4755190297
0.0
0.0
4.47112142302
0.258867922057
4.05787786643
0.258867922057
0.0
4.4755190297
4.76291215958
4.05787786643
2.83996363694
2.52163044914
0.0
3.52097462311
0.258867922057
5.56213475743
4.05787786643
5.07448871887
7.84152165624
0.0
0.0
0.258867922057
5.41435829436
4.76291215958
4.4755190297
4.4755190297
0.0
0.0
0.0
0.0
0.0
0.0
0.0
0.0
0.0
0.0
0.0
0.0
0.0
0.0
0.0
0.0
0.0
0.0
0.0
0.0
0.0
0.0
0.0
0.0
0.0
0.0
0.0
0.0
0.0
1.88395990989
0.258867922057
1.88395990989
0.258867922057
0.0
1.88395990989
0.258867922057
1.88395990989
1.88395990989
0.258867922057
0.0
0.0
0.258867922057
1.88395990989
1.88395990989
0.258867922057
0.258867922057
0.0
0.0
0.258867922057
1.88395990989
0.258867922057
0.258867922057
0.258867922057
1.88395990989
0.0
0.0
0.0
3.40989710727
0.258867922057
3.40989710727
0.258867922057
0.0
3.40989710727
0.258867922057
3.40989710727
3.50163155289
0.258867922057
0.0
0.0
0.258867922057
3.40989710727
3.40989710727
0.258867922057
0.258867922057
0.0
0.0
0.258867922057
5.81039331012
0.258867922057
0.258867922057
0.258867922057
3.40989710727
0.0
1.88395990989
0.0
0.0
4.60064365519
0.258867922057
4.87079337259
0.258867922057
0.0
4.05787786643
0.258867922057
4.87079337259
1.88395990989
0.258867922057
0.0
0.0
0.258867922057
4.87079337259
4.83207011445
0.258867922057
0.258867922057
0.0
0.0
0.258867922057
3.40989710727
0.258867922057
0.258867922057
0.258867922057
4.05787786643
0.0
1.88395990989
3.40989710727
0.0
0.0
4.34968295362
0.258867922057
3.74236277852
0.258867922057
0.0
3.74236277852
3.68633587351
2.67127752987
3.32445195189
1.47825664166
0.0
2.19139394082
3.68633587351
1.88395990989
2.67127752987
4.34968295362
3.68633587351
0.0
0.0
0.258867922057
1.88395990989
5.15697821022
3.68633587351
2.92427664783
1.88395990989
0.0
1.88395990989
2.43015895996
1.88395990989
0.0
0.0
0.0
0.0
3.2638231573
0.0
0.0
0.0
0.0
0.0
2.83996363694
0.0
0.0
5.09006560434
0.0
0.0
0.0
0.0
0.0
0.0
0.0
0.0
0.0
3.2638231573
0.0
0.0
3.52097462311
0.0
0.0
0.0
0.0
0.0
0.0
0.0
4.47112142302
0.258867922057
3.40989710727
0.258867922057
0.0
3.46734801976
4.76291215958
3.40989710727
4.58301236937
3.46734801976
0.0
3.52097462311
3.68633587351
4.87636455629
3.40989710727
7.87717330747
4.76291215958
0.0
0.0
0.258867922057
6.61074648038
5.15697821022
3.68633587351
5.2214690851
6.93864945369
0.0
1.88395990989
5.81039331012
3.40989710727
5.47389731506
3.83566619559
0.0
0.0
4.60064365519
2.8412333706
5.26165026291
0.258867922057
0.0
4.05787786643
2.52163044914
5.26165026291
3.50163155289
2.52163044914
0.0
3.52097462311
5.70609336725
5.26165026291
4.83207011445
2.52163044914
2.83769948638
0.0
0.0
3.29569822177
3.40989710727
2.52944812723
2.83769948638
2.52163044914
5.98072913551
0.0
1.88395990989
3.50163155289
4.87079337259
3.74236277852
3.52097462311
3.52097462311
0.0
0.0
4.60064365519
0.258867922057
4.87079337259
0.258867922057
0.0
4.05787786643
0.258867922057
4.87079337259
1.88395990989
0.258867922057
0.0
0.0
0.258867922057
4.87079337259
4.83207011445
0.258867922057
0.258867922057
0.0
0.0
0.258867922057
3.40989710727
0.258867922057
0.258867922057
0.258867922057
4.05787786643
0.0
1.88395990989
3.40989710727
4.87079337259
1.88395990989
0.0
3.40989710727
4.87079337259
0.0
0.0
0.0
0.0
0.0
0.0
0.0
0.0
0.0
0.0
0.0
0.0
0.0
0.0
0.0
0.0
0.0
0.0
0.0
0.0
0.0
0.0
0.0
0.0
0.0
0.0
0.0
0.0
0.0
0.0
0.0
0.0
0.0
0.0
0.0
0.0
0.0
0.0
0.0
0.0
0.0
0.0
0.0
0.0
0.0
0.0
0.0
0.0
0.0
0.0
0.0
0.0
0.0
0.0
0.0
0.0
0.0
0.0
0.0
0.0
6.13741183825
0.0
0.0
0.0
0.0
0.0
0.0
0.0
0.0
2.75253889114
0.0
0.0
0.0
0.0
0.0
4.030320622
0.258867922057
0.258867922057
0.258867922057
0.0
0.258867922057
2.67127752987
5.6265465064
0.258867922057
0.258867922057
0.0
0.0
2.67127752987
0.258867922057
5.6265465064
2.67127752987
4.030320622
0.0
0.0
0.258867922057
0.258867922057
0.258867922057
2.67127752987
0.258867922057
0.258867922057
0.0
0.258867922057
0.258867922057
0.258867922057
2.67127752987
0.0
2.67127752987
0.258867922057
0.258867922057
0.0
0.0
0.0
0.0
0.0
0.0
0.0
0.0
0.0
0.0
0.0
0.0
0.0
0.0
0.0
0.0
0.0
0.0
0.0
0.0
0.0
0.0
0.0
0.0
0.0
0.0
6.09794136303
0.0
0.0
0.0
0.0
0.0
0.0
0.0
3.83566619559
6.78689477673
2.99292963378
0.0
0.0
0.0
0.0

Topic 4
Mean 2.44937709466
Median 2.52944812723
Sum 1372.43349273
2.52944812723
4.243752572
1.05525050774
3.29569822177
2.52944812723
-0.0314539127118
1.47825664166
1.05525050774
1.901615776
0.0
1.47825664166
1.05525050774
1.901615776
0.258867922057
2.58818279411
3.29569822177
6.15771662112
2.83769948638
3.29569822177
1.901615776
1.901615776
1.47825664166
4.87689762696
2.83769948638
0.258867922057
2.58818279411
2.58818279411
4.87689762696
1.47825664166
1.80186789467
1.901615776
0.258867922057
2.46487936388
2.46487936388
1.901615776
2.65736164002
3.29569822177
3.46734801976
2.83769948638
3.29569822177
1.901615776
1.901615776
4.59804761536
2.83769948638
1.901615776
1.47825664166
4.87689762696
2.83769948638
-0.0314539127118
1.901615776
1.901615776
4.87689762696
5.22977482363
1.901615776
2.83769948638
6.53721708797
5.47389731506
4.243752572
3.29569822177
1.47825664166
1.47825664166
3.29569822177
2.67127752987
1.47825664166
4.25179587426
1.47825664166
4.243752572
5.363216687
4.243752572
3.29569822177
1.47825664166
1.47825664166
5.363216687
1.47825664166
1.47825664166
4.25179587426
1.47825664166
6.75609151219
0.258867922057
2.52163044914
-0.0314539127118
0.258867922057
0.0
2.52089831331
2.52163044914
4.030320622
2.65736164002
2.52163044914
-0.0314539127118
3.68633587351
0.258867922057
0.258867922057
0.258867922057
0.0
0.258867922057
0.0
0.258867922057
0.258867922057
2.67127752987
0.258867922057
0.258867922057
0.0
5.92359866041
0.258867922057
3.68633587351
0.0
0.0
0.0
0.0
0.0
0.0
0.0
0.0
0.0
0.0
0.0
0.0
0.0
0.0
0.0
0.0
0.0
0.0
0.0
0.0
0.0
0.0
0.0
0.0
0.0
0.0
0.0
0.0
0.0
0.0
0.0
1.47825664166
5.92213544768
1.901615776
0.258867922057
6.00941700816
2.58818279411
3.46734801976
2.58818279411
2.46487936388
3.46734801976
1.901615776
1.47825664166
1.47825664166
2.52163044914
0.258867922057
0.0
0.0
1.47825664166
1.05525050774
1.901615776
-0.0314539127118
2.58818279411
5.34602883251
1.901615776
2.58818279411
2.46487936388
1.901615776
1.901615776
1.47825664166
1.47825664166
-0.0314539127118
-0.0314539127118
0.0
0.0
2.58818279411
0.258867922057
3.46734801976
2.75253889114
0.258867922057
0.0
0.258867922057
3.46734801976
4.59215404346
2.65736164002
3.46734801976
2.99292963378
0.258867922057
0.258867922057
2.65736164002
0.258867922057
0.0
0.0
3.46734801976
-0.0314539127118
0.258867922057
0.258867922057
0.0
0.258867922057
0.0
0.258867922057
0.258867922057
0.258867922057
0.258867922057
0.258867922057
0.0
0.258867922057
0.258867922057
1.88395990989
0.258867922057
0.0
0.0
0.258867922057
-0.0314539127118
0.258867922057
0.0
0.0
2.75253889114
0.0
0.0
0.0
2.75253889114
0.0
0.0
0.0
0.0
0.0
0.0
0.0
0.0
0.0
0.0
0.0
0.0
2.88105501423
0.0
0.258867922057
0.258867922057
-0.0314539127118
0.258867922057
0.0
2.52089831331
0.258867922057
2.52089831331
0.258867922057
0.258867922057
-0.0314539127118
0.258867922057
0.258867922057
2.52089831331
4.49511013899
0.0
0.0
0.258867922057
-0.0314539127118
0.258867922057
0.258867922057
0.0
1.47825664166
1.05525050774
6.35592079401
0.258867922057
1.901615776
1.901615776
2.83769948638
2.83769948638
1.901615776
2.83769948638
2.83769948638
1.47825664166
1.47825664166
1.88395990989
0.258867922057
0.0
0.0
1.901615776
1.901615776
3.2638231573
1.88395990989
0.0
0.258867922057
2.8412333706
5.45408296252
-0.0314539127118
2.8412333706
0.0
0.258867922057
3.46734801976
1.80186789467
1.80186789467
6.89357772571
-0.0314539127118
2.8412333706
2.8412333706
2.52163044914
1.45665308339
0.0
0.0
3.46734801976
-0.0314539127118
3.46734801976
0.258867922057
0.0
1.45665308339
0.258867922057
6.53721708797
3.93610638673
-0.0314539127118
3.29569822177
0.0
0.258867922057
3.29569822177
2.94156252171
5.25835142626
3.29569822177
-0.0314539127118
6.53721708797
3.29569822177
2.65736164002
0.258867922057
0.0
0.0
2.52163044914
-0.0314539127118
2.94156252171
0.258867922057
0.0
0.258867922057
0.258867922057
6.86655185611
1.47825664166
1.05525050774
1.901615776
-0.0314539127118
2.58818279411
2.58818279411
1.901615776
2.58818279411
2.46487936388
1.901615776
1.901615776
1.47825664166
1.47825664166
-0.0314539127118
-0.0314539127118
0.0
0.0
2.58818279411
2.58818279411
-0.0314539127118
-0.0314539127118
0.0
-0.0314539127118
1.901615776
-0.0314539127118
-0.0314539127118
3.29569822177
2.52944812723
-0.0314539127118
3.29569822177
0.0
0.258867922057
3.29569822177
0.258867922057
0.258867922057
4.25179587426
-0.0314539127118
4.84040382068
4.25179587426
0.258867922057
0.258867922057
0.0
0.0
0.258867922057
-0.0314539127118
0.258867922057
0.258867922057
0.0
0.258867922057
0.258867922057
2.8412333706
3.29569822177
-0.0314539127118
3.29569822177
4.67476355543
-0.0314539127118
3.29569822177
0.0
0.258867922057
6.35312213906
2.67127752987
1.80186789467
4.59804761536
-0.0314539127118
3.29569822177
3.29569822177
2.67127752987
2.67127752987
0.0
0.0
2.52163044914
-0.0314539127118
2.52163044914
0.258867922057
0.0
0.258867922057
0.258867922057
3.93610638673
3.93610638673
-0.0314539127118
3.29569822177
3.29569822177
5.45408296252
0.0
3.29569822177
0.0
2.52089831331
3.46734801976
3.64276707503
1.80186789467
4.58301236937
3.64276707503
4.84040382068
4.25179587426
5.2214690851
3.68633587351
0.0
0.0
3.46734801976
-0.0314539127118
3.46734801976
3.40989710727
0.0
2.52089831331
1.88395990989
6.37356365054
5.60935679814
-0.0314539127118
4.84040382068
3.93610638673
1.47825664166
5.15697821022
6.17822030553
0.258867922057
2.58818279411
2.58818279411
3.46734801976
3.56496301712
2.65736164002
3.46734801976
2.83769948638
5.15697821022
1.47825664166
2.65736164002
0.258867922057
0.0
0.0
3.46734801976
2.58818279411
3.46734801976
3.40989710727
0.0
0.258867922057
2.83769948638
3.93610638673
3.93610638673
2.58818279411
0.258867922057
5.47514620348
3.93610638673
2.65803170655
4.34968295362
6.17822030553
0.258867922057
2.58818279411
2.58818279411
5.85688438467
4.59215404346
2.65736164002
2.83769948638
2.83769948638
4.34968295362
2.65803170655
2.65736164002
0.258867922057
0.0
0.0
2.58818279411
2.58818279411
4.59215404346
0.258867922057
0.0
2.52089831331
4.29949985932
1.80186789467
2.94156252171
4.88596797483
0.258867922057
1.80186789467
4.70386505524
6.57594785815
0.258867922057
4.87689762696
0.0
0.258867922057
0.0
2.52089831331
6.02505152766
4.87689762696
1.80186789467
4.58301236937
4.87689762696
0.258867922057
0.258867922057
5.2214690851
0.258867922057
0.0
0.0
3.46734801976
-0.0314539127118
3.46734801976
0.258867922057
0.0
2.52089831331
0.258867922057
3.46734801976
2.52163044914
-0.0314539127118
0.258867922057
2.52163044914
5.2214690851
3.46734801976
2.52089831331
0.258867922057
3.23016303709
0.0
0.258867922057
0.0
0.258867922057
3.32028419588
0.258867922057
0.258867922057
3.50163155289
0.0
0.258867922057
0.258867922057
1.88395990989
0.258867922057
0.0
0.0
0.258867922057
-0.0314539127118
3.52097462311
3.40989710727
0.0
0.258867922057
1.88395990989
0.258867922057
0.258867922057
-0.0314539127118
0.258867922057
0.258867922057
4.47112142302
3.40989710727
3.32028419588
3.50163155289
2.77189465128
3.23016303709
2.77189465128
0.258867922057
1.47825664166
1.47825664166
2.35693924394
2.65736164002
2.65736164002
5.99941178532
1.47825664166
2.77189465128
5.47721243138
2.65736164002
0.258867922057
0.0
0.0
2.35693924394
1.47825664166
2.88105501423
0.258867922057
5.03091315014
0.258867922057
1.47825664166
2.35693924394
2.65736164002
1.47825664166
0.258867922057
2.35693924394
4.58301236937
3.23016303709
2.65803170655
4.58301236937
3.50163155289
1.47825664166
5.45408296252
2.83769948638
0.258867922057
1.901615776
2.52089831331
3.46734801976
3.64276707503
1.901615776
3.46734801976
3.64276707503
4.34968295362
1.47825664166
3.68633587351
3.68633587351
0.0
0.0
3.46734801976
1.901615776
5.06036567366
0.258867922057
2.75253889114
2.52089831331
3.2638231573
5.45408296252
3.93610638673
1.901615776
0.258867922057
5.50329216319
7.45387190013
4.34968295362
6.74841748563
4.24608529711
0.258867922057
2.35693924394
1.47825664166
1.05525050774
2.83769948638
-0.0314539127118
4.89624282101
2.58818279411
2.83769948638
2.83769948638
2.46487936388
2.83769948638
2.83769948638
1.47825664166
1.47825664166
-0.0314539127118
-0.0314539127118
0.0
0.0
6.01630278466
2.58818279411
-0.0314539127118
-0.0314539127118
0.0
-0.0314539127118
2.83769948638
-0.0314539127118
-0.0314539127118
2.58818279411
-0.0314539127118
-0.0314539127118
-0.0314539127118
2.83769948638
2.83769948638
-0.0314539127118
-0.0314539127118
1.47825664166
3.74236277852
1.47825664166
1.05525050774
2.83769948638
0.258867922057
1.901615776
1.901615776
2.83769948638
2.83769948638
1.901615776
2.83769948638
2.83769948638
1.47825664166
1.47825664166
1.88395990989
0.258867922057
0.0
0.0
1.901615776
1.901615776
0.258867922057
1.88395990989
0.0
0.258867922057
3.32445195189
0.258867922057
0.258867922057
1.901615776
0.258867922057
0.258867922057
1.88395990989
2.83769948638
2.83769948638
0.258867922057
1.88395990989
1.47825664166
4.56834585101
3.74236277852
1.47825664166
1.05525050774
1.901615776
0.258867922057
2.58818279411
2.58818279411
1.901615776
5.64691806841
2.46487936388
1.901615776
1.901615776
2.67127752987
1.47825664166
4.030320622
2.67127752987
0.0
0.0
2.58818279411
2.58818279411
0.258867922057
5.23505870543
0.0
2.52089831331
1.901615776
0.258867922057
0.258867922057
2.58818279411
0.258867922057
2.67127752987
4.87636455629
3.40989710727
2.58818279411
6.34752937895
4.47112142302
1.47825664166
2.67127752987
2.58818279411
1.901615776
0.0
0.0
0.0
0.0
0.0
0.0
0.0
0.0
0.0
0.0
0.0
0.0
0.0
0.0
0.0
0.0
0.0
0.0
0.0
0.0
0.0
0.0
0.0
0.0
0.0
0.0
0.0
0.0
0.0
0.0
0.0
0.0
0.0
0.0
0.0
0.0
0.0
0.0
0.0

Topic 8
Mean 2.31157255633
Median 2.52944812723
Sum 1436.57142744
3.52097462311
1.88395990989
4.0169117007
0.258867922057
0.258867922057
0.258867922057
5.17095834295
0.258867922057
0.258867922057
0.258867922057
0.258867922057
6.47065149922
0.258867922057
5.29243235454
0.258867922057
3.29569822177
0.258867922057
0.258867922057
0.258867922057
3.29569822177
0.258867922057
3.23016303709
0.258867922057
0.258867922057
2.52089831331
3.46734801976
0.258867922057
2.65803170655
4.05787786643
3.40989710727
1.88395990989
2.52089831331
3.46734801976
2.67127752987
1.47825664166
5.6320668157
3.52097462311
5.65937173778
0.258867922057
4.49511013899
2.83769948638
4.030320622
1.47825664166
5.6320668157
6.98236580701
3.29569822177
0.258867922057
0.258867922057
0.258867922057
4.59804761536
0.258867922057
3.29569822177
1.47825664166
1.901615776
2.58818279411
3.40989710727
3.40989710727
1.88395990989
5.29243235454
0.258867922057
5.29243235454
0.258867922057
0.258867922057
3.40989710727
1.45665308339
0.258867922057
0.0
0.0
0.0
0.0
0.0
0.0
0.0
0.0
0.0
0.0
0.0
0.0
3.29569822177
0.258867922057
0.258867922057
0.258867922057
3.29569822177
0.258867922057
6.53721708797
3.93610638673
3.93610638673
2.94156252171
3.29569822177
0.258867922057
0.0
1.47825664166
0.0
0.0
0.0
1.47825664166
0.0
2.65803170655
7.27725571303
1.47825664166
1.47825664166
1.47825664166
0.0
0.0
0.0
1.901615776
1.88395990989
1.88395990989
0.258867922057
1.901615776
0.258867922057
2.77189465128
2.65803170655
1.901615776
2.58818279411
2.58818279411
1.88395990989
0.0
0.258867922057
2.65803170655
7.25416421293
3.40989710727
1.88395990989
1.45665308339
3.29569822177
2.67127752987
3.29569822177
3.23016303709
4.99828834645
4.99828834645
6.38298370809
3.40989710727
0.0
3.29569822177
2.65803170655
2.77189465128
2.52944812723
2.67127752987
0.258867922057
0.258867922057
2.52944812723
2.67127752987
2.52944812723
4.34968295362
6.90738806576
2.67127752987
2.52944812723
0.258867922057
0.0
2.52944812723
1.47825664166
1.47825664166
2.67127752987
4.05787786643
6.45094695241
1.88395990989
0.258867922057
3.46734801976
4.030320622
2.8412333706
3.46734801976
5.87477909224
4.030320622
2.8412333706
3.40989710727
0.0
2.8412333706
0.0
1.88395990989
4.05787786643
4.85330544807
2.52944812723
2.67127752987
0.258867922057
0.258867922057
2.52944812723
4.030320622
2.52944812723
4.26844152781
4.26844152781
4.26844152781
2.52944812723
0.258867922057
0.0
2.52944812723
0.0
0.258867922057
5.50329216319
3.68633587351
4.030320622
6.62453422756
4.10812273735
1.88395990989
0.258867922057
2.75253889114
4.10812273735
1.47825664166
4.57202000732
6.64990499371
4.49118520715
1.47825664166
1.88395990989
0.0
2.52163044914
1.47825664166
4.92320565668
2.67127752987
7.83049405172
2.67127752987
4.26844152781
2.8412333706
0.258867922057
0.258867922057
1.45665308339
2.8412333706
1.45665308339
2.8412333706
0.258867922057
0.258867922057
1.45665308339
2.8412333706
1.45665308339
0.0
2.8412333706
0.0
0.258867922057
2.8412333706
2.52944812723
2.8412333706
2.52944812723
0.258867922057
1.80186789467
0.258867922057
0.258867922057
2.52089831331
1.80186789467
0.258867922057
0.258867922057
2.52089831331
5.07448871887
5.07448871887
0.258867922057
0.258867922057
0.0
2.94156252171
0.0
0.258867922057
0.258867922057
1.80186789467
1.80186789467
1.80186789467
1.80186789467
0.258867922057
5.17095834295
2.8723591574
0.258867922057
0.258867922057
6.15771662112
0.258867922057
2.52944812723
7.26759833287
3.93610638673
2.52163044914
2.52944812723
0.258867922057
0.0
3.93610638673
1.05525050774
1.05525050774
3.23016303709
4.34968295362
3.46734801976
2.52944812723
2.8723591574
2.52944812723
1.80186789467
2.52944812723
0.258867922057
0.258867922057
0.258867922057
2.52944812723
0.258867922057
3.08315141329
2.65803170655
2.65736164002
2.65736164002
2.52944812723
0.258867922057
0.0
5.25835142626
2.65803170655
4.57850434902
3.08315141329
2.52944812723
2.52944812723
2.52944812723
1.80186789467
2.52944812723
2.65736164002
2.52944812723
0.258867922057
0.258867922057
0.258867922057
1.45665308339
0.258867922057
1.45665308339
0.258867922057
0.258867922057
0.258867922057
1.45665308339
0.258867922057
1.45665308339
0.0
0.258867922057
0.0
0.258867922057
1.45665308339
0.258867922057
0.258867922057
0.258867922057
0.258867922057
3.07502873886
0.258867922057
0.258867922057
0.258867922057
1.901615776
-0.0314539127118
-0.0314539127118
-0.0314539127118
1.901615776
-0.0314539127118
1.47825664166
1.47825664166
1.901615776
2.58818279411
6.01351695123
-0.0314539127118
0.0
-0.0314539127118
1.47825664166
2.58818279411
2.58818279411
1.47825664166
-0.0314539127118
-0.0314539127118
1.47825664166
-0.0314539127118
-0.0314539127118
1.05525050774
1.47825664166
-0.0314539127118
3.52097462311
3.52097462311
0.0
0.0
0.0
0.0
0.0
3.2638231573
3.2638231573
3.52097462311
0.0
0.0
0.0
0.0
0.0
0.0
3.83566619559
0.0
3.2638231573
0.0
3.52097462311
0.0
0.0
0.0
0.0
0.0
0.0
1.901615776
-0.0314539127118
-0.0314539127118
-0.0314539127118
1.901615776
-0.0314539127118
1.47825664166
1.47825664166
1.901615776
2.58818279411
2.58818279411
-0.0314539127118
0.0
-0.0314539127118
1.47825664166
2.58818279411
2.58818279411
1.47825664166
-0.0314539127118
-0.0314539127118
1.47825664166
-0.0314539127118
-0.0314539127118
1.05525050774
1.47825664166
-0.0314539127118
2.58818279411
0.0
0.258867922057
0.258867922057
0.258867922057
1.45665308339
0.258867922057
1.45665308339
0.258867922057
0.258867922057
0.258867922057
1.45665308339
0.258867922057
1.45665308339
0.0
0.258867922057
0.0
0.258867922057
1.45665308339
0.258867922057
0.258867922057
0.258867922057
0.258867922057
3.07502873886
0.258867922057
0.258867922057
0.258867922057
3.07502873886
-0.0314539127118
0.0
-0.0314539127118
3.74236277852
4.10812273735
1.88395990989
0.258867922057
4.57272676128
4.10812273735
1.47825664166
2.88105501423
6.77799982194
2.99292963378
1.901615776
1.88395990989
0.0
2.65736164002
1.47825664166
4.92320565668
2.99292963378
3.68633587351
3.68633587351
3.68633587351
4.92320565668
0.258867922057
2.65736164002
2.4073371456
2.65736164002
0.258867922057
1.901615776
2.99292963378
1.901615776
0.258867922057
0.0
0.0
0.0
0.0
0.0
0.0
0.0
0.0
0.0
0.0
0.0
0.0
0.0
0.0
0.0
0.0
0.0
0.0
0.0
0.0
0.0
0.0
0.0
0.0
0.0
0.0
0.0
0.0
0.0
0.0
0.0
3.74236277852
4.10812273735
0.258867922057
0.258867922057
2.83769948638
4.10812273735
1.47825664166
5.47389731506
2.83769948638
2.83769948638
2.58818279411
0.258867922057
0.0
0.258867922057
1.47825664166
6.43725813063
2.67127752987
4.34968295362
2.67127752987
2.67127752987
4.10812273735
0.258867922057
0.258867922057
6.91938829073
1.47825664166
0.258867922057
2.58818279411
0.0
2.58818279411
0.258867922057
7.32335949715
0.0
2.83996363694
2.83996363694
0.258867922057
0.258867922057
2.75253889114
0.258867922057
0.258867922057
2.88105501423
4.49118520715
5.58468256064
0.258867922057
0.258867922057
0.0
2.65736164002
0.0
0.258867922057
0.258867922057
1.80186789467
1.80186789467
1.80186789467
4.49118520715
0.258867922057
2.65736164002
1.80186789467
2.65736164002
0.258867922057
-0.0314539127118
2.83996363694
-0.0314539127118
0.258867922057
2.88105501423
0.0
0.258867922057
2.83769948638
0.0
-0.0314539127118
-0.0314539127118
2.83769948638
-0.0314539127118
4.243752572
2.75253889114
2.83769948638
2.83769948638
1.901615776
-0.0314539127118
0.0
-0.0314539127118
2.65803170655
2.77189465128
3.08315141329
1.47825664166
0.0
-0.0314539127118
2.75253889114
-0.0314539127118
-0.0314539127118
1.05525050774
3.08315141329
-0.0314539127118
1.901615776
0.0
1.901615776
-0.0314539127118
2.83769948638
0.0
2.83769948638
2.75253889114
1.901615776
0.258867922057
0.258867922057
2.52089831331
1.901615776
0.258867922057
1.47825664166
2.52089831331
2.52089831331
2.58818279411
2.58818279411
0.258867922057
0.0
0.258867922057
1.47825664166
2.58818279411
2.58818279411
1.47825664166
0.258867922057
0.258867922057
1.47825664166
0.258867922057
2.52089831331
1.05525050774
1.47825664166
0.258867922057
2.58818279411
0.0
2.58818279411
0.258867922057
1.901615776
0.0
2.58818279411
0.258867922057
1.901615776
1.901615776
0.258867922057
0.258867922057
0.258867922057
1.901615776
0.258867922057
1.47825664166
1.80186789467
2.65736164002
4.80476727432
2.58818279411
0.258867922057
0.0
3.33155299683
1.47825664166
2.58818279411
2.58818279411
1.80186789467
1.80186789467
1.80186789467
1.80186789467
0.258867922057
2.94156252171
1.80186789467
2.65736164002
0.258867922057
5.25593459452
0.0
2.58818279411
0.258867922057
2.65736164002
0.0
2.58818279411
2.65736164002
1.901615776
2.58818279411
6.62453422756
4.10812273735
0.258867922057
1.45665308339
3.46734801976
4.10812273735
1.47825664166
3.46734801976
4.28755821665
4.28755821665
1.47825664166
1.45665308339
0.0
2.65736164002
1.47825664166
1.47825664166
2.99292963378
4.36773432198
3.46734801976
2.67127752987
6.73641076022
3.07502873886
2.65736164002
3.46734801976
2.65736164002
3.07502873886
1.47825664166
2.99292963378
1.47825664166
3.07502873886
4.10812273735
0.0
4.10812273735
5.77688860222
1.47825664166
1.47825664166
2.65736164002
2.52163044914
2.67127752987
1.88395990989
2.52089831331
2.52163044914
4.030320622
0.258867922057
2.52163044914
5.07448871887
5.07448871887
0.258867922057
1.88395990989
0.0
2.65736164002
0.0
1.88395990989
2.67127752987
3.68633587351
4.030320622
4.030320622
2.67127752987
0.258867922057
5.70641777228
2.52163044914
2.65736164002
0.258867922057
-0.0314539127118
0.0
-0.0314539127118
0.258867922057
3.68633587351
0.0
2.67127752987
2.65736164002
-0.0314539127118
2.52089831331
2.65736164002
2.67127752987
6.97019259002
3.40989710727
1.88395990989
2.52089831331
3.29569822177
0.258867922057
3.29569822177
2.52089831331
4.4755190297
4.80476727432
3.29569822177
3.40989710727
0.0
3.29569822177
1.47825664166
2.58818279411
4.05787786643
2.52944812723
4.05787786643
2.52944812723
1.88395990989
2.8412333706
4.90602361857
2.52944812723
2.52944812723
0.258867922057
2.58818279411
0.0
2.58818279411
0.258867922057
2.83769948638
0.0
2.83769948638
0.258867922057
2.83769948638
2.58818279411
4.80476727432
1.47825664166
2.52089831331

Topic 3
Mean 2.30811280476
Median 2.52163044914
Sum 1222.89088566
0.0
0.0
3.68633587351
0.0
2.4073371456
6.70352506916
0.0
3.29569822177
2.8412333706
0.258867922057
0.0
0.258867922057
0.258867922057
2.52163044914
0.258867922057
0.0
4.25179587426
7.46599377392
4.56834585101
3.29569822177
0.258867922057
0.0
2.58818279411
2.46487936388
1.901615776
-0.0314539127118
-0.0314539127118
1.901615776
0.0
0.258867922057
3.40989710727
3.40989710727
0.258867922057
2.52163044914
0.258867922057
-0.0314539127118
0.0
3.68633587351
3.68633587351
2.52163044914
0.258867922057
2.52163044914
0.258867922057
-0.0314539127118
5.07448871887
0.0
0.0
6.28024771068
3.32028419588
0.0
0.0
0.0
0.0
0.0
0.0
0.0
4.25179587426
2.8412333706
1.901615776
3.29569822177
1.80186789467
4.25179587426
1.901615776
2.65736164002
2.65736164002
0.0
0.0
2.58818279411
2.52089831331
2.52089831331
0.258867922057
0.258867922057
1.901615776
2.58818279411
0.258867922057
2.52089831331
0.0
1.901615776
0.0
2.4073371456
3.23016303709
4.80335301107
0.258867922057
2.52163044914
3.23016303709
-0.0314539127118
2.52163044914
2.52163044914
0.0
1.80186789467
0.258867922057
0.0
1.47825664166
1.47825664166
1.47825664166
0.0
0.0
1.47825664166
1.47825664166
0.0
0.0
0.0
1.47825664166
1.47825664166
0.0
0.0
2.4073371456
4.58301236937
6.20895380081
0.258867922057
2.52163044914
4.36816707291
-0.0314539127118
2.52163044914
5.2214690851
0.0
1.80186789467
2.52089831331
3.23016303709
0.0
0.0
0.258867922057
5.26165026291
4.05787786643
0.258867922057
0.258867922057
0.258867922057
-0.0314539127118
4.47112142302
1.88395990989
0.0
1.88395990989
0.258867922057
0.258867922057
0.0
0.258867922057
0.0
0.258867922057
3.50163155289
3.40989710727
0.258867922057
0.258867922057
3.50163155289
-0.0314539127118
6.27198864074
1.88395990989
3.32028419588
1.88395990989
0.258867922057
3.23016303709
0.0
3.50163155289
4.47112142302
0.0
0.0
0.0
0.0
0.0
0.0
0.0
0.0
0.0
0.0
0.0
0.0
0.0
0.0
0.0
0.0
0.0
0.0
0.0
2.58818279411
3.40989710727
3.40989710727
0.258867922057
0.258867922057
3.23016303709
2.58818279411
4.47112142302
1.88395990989
0.0
1.901615776
2.58818279411
4.99065912401
1.47825664166
3.23016303709
5.56213475743
4.47112142302
0.0
0.0
3.68633587351
3.68633587351
3.46734801976
0.258867922057
2.52163044914
0.258867922057
-0.0314539127118
2.52163044914
4.01224498126
0.0
1.80186789467
2.52089831331
2.52163044914
0.0
4.01224498126
0.258867922057
0.258867922057
0.0
0.258867922057
0.0
1.05525050774
4.36113548286
1.88395990989
0.258867922057
0.258867922057
4.36113548286
1.05525050774
1.88395990989
1.88395990989
0.0
2.43015895996
1.05525050774
0.258867922057
1.05525050774
0.258867922057
1.88395990989
1.88395990989
0.0
1.88395990989
0.258867922057
0.0
2.52944812723
2.52944812723
2.4073371456
2.52944812723
0.258867922057
2.52944812723
1.05525050774
0.258867922057
0.258867922057
0.0
5.10439641431
1.05525050774
2.4073371456
1.05525050774
2.83996363694
0.258867922057
2.83996363694
0.0
1.05525050774
0.258867922057
1.05525050774
0.0
2.67127752987
2.83769948638
2.83769948638
2.52944812723
1.80186789467
2.83769948638
1.901615776
2.65736164002
4.76291215958
0.0
4.97351384001
5.57278486217
1.80186789467
1.47825664166
4.01224498126
1.88395990989
1.88395990989
0.0
1.901615776
4.01224498126
2.43015895996
2.52944812723
0.0
2.67127752987
4.79430379079
5.87477909224
0.258867922057
6.33568178967
4.36113548286
1.47825664166
3.40989710727
2.67127752987
2.88105501423
1.88395990989
1.47825664166
2.52163044914
4.57850434902
2.99292963378
4.05787786643
3.40989710727
0.0
3.40989710727
2.67127752987
4.36113548286
1.05525050774
5.80734220873
0.0
2.19139394082
2.88105501423
3.46734801976
0.258867922057
2.52163044914
0.258867922057
-0.0314539127118
2.65736164002
2.65736164002
3.32028419588
4.97351384001
0.258867922057
6.63432437473
0.0
3.46734801976
0.258867922057
3.52097462311
0.0
0.258867922057
3.46734801976
0.258867922057
3.98589350794
4.97351384001
2.99292963378
0.0
0.258867922057
1.88395990989
1.88395990989
0.258867922057
0.258867922057
0.258867922057
-0.0314539127118
1.88395990989
1.88395990989
0.0
1.88395990989
0.258867922057
0.258867922057
0.0
0.258867922057
1.88395990989
1.88395990989
0.0
1.88395990989
0.258867922057
1.88395990989
0.258867922057
1.88395990989
1.88395990989
0.258867922057
0.0
6.43821389735
2.8412333706
1.901615776
3.29569822177
0.258867922057
3.29569822177
2.58818279411
0.258867922057
0.258867922057
0.0
3.29569822177
2.58818279411
0.258867922057
1.47825664166
0.258867922057
0.258867922057
0.258867922057
0.0
2.58818279411
0.258867922057
1.05525050774
2.52944812723
2.52944812723
1.47825664166
0.258867922057
0.258867922057
0.0
1.05525050774
3.40989710727
3.40989710727
0.258867922057
2.52163044914
1.05525050774
1.05525050774
6.27198864074
2.52163044914
3.32028419588
1.88395990989
1.05525050774
2.52163044914
1.05525050774
2.52163044914
4.47112142302
7.33555062658
0.0
4.47112142302
2.52163044914
1.88395990989
1.05525050774
1.88395990989
3.40989710727
3.32028419588
1.88395990989
1.05525050774
0.0
2.52944812723
2.52944812723
0.258867922057
2.52944812723
0.258867922057
2.52944812723
0.0
0.258867922057
0.258867922057
0.0
2.52944812723
0.258867922057
0.258867922057
0.0
0.258867922057
0.258867922057
0.258867922057
0.0
0.258867922057
0.258867922057
0.258867922057
2.52944812723
2.52944812723
0.258867922057
0.258867922057
0.258867922057
2.52944812723
0.258867922057
0.0
1.901615776
2.83769948638
2.83769948638
0.258867922057
1.80186789467
2.83769948638
1.901615776
2.65736164002
2.65736164002
0.0
4.59215404346
1.901615776
1.80186789467
1.47825664166
5.34580268713
0.258867922057
2.83996363694
0.0
1.901615776
1.80186789467
1.05525050774
2.83996363694
5.2134863777
1.80186789467
5.45470099664
0.258867922057
1.901615776
1.80186789467
0.258867922057
0.0
4.87841428675
2.8412333706
2.83769948638
3.29569822177
4.26844152781
3.29569822177
2.58818279411
2.52163044914
2.52163044914
0.0
3.29569822177
2.58818279411
2.52163044914
7.02222202344
2.52163044914
0.258867922057
0.258867922057
0.0
2.58818279411
2.52163044914
1.05525050774
2.52944812723
2.83769948638
4.57850434902
2.52163044914
0.258867922057
3.29569822177
2.52163044914
2.52944812723
2.83769948638
0.0
0.0
0.0
0.0
0.0
0.0
0.0
0.0
0.0
0.0
0.0
0.0
0.0
0.0
0.0
0.0
0.0
0.0
0.0
0.0
0.0
0.0
0.0
0.0
0.0
0.0
0.0
0.0
0.0
0.0
0.0
0.0
0.0
2.19139394082
0.0
2.19139394082
0.0
0.0
0.0
0.0
0.0
0.0
0.0
0.0
0.0
2.8723591574
0.0
2.19139394082
0.0
2.8723591574
0.0
0.0
0.0
0.0
2.19139394082
0.0
0.0
2.8723591574
0.0
0.0
0.0
0.0
0.0
2.19139394082
0.0
0.0
1.901615776
4.56834585101
4.56834585101
0.258867922057
0.258867922057
4.56834585101
1.901615776
1.88395990989
1.88395990989
2.88105501423
2.43015895996
1.901615776
0.258867922057
2.65803170655
0.258867922057
1.88395990989
1.88395990989
0.0
1.901615776
0.258867922057
2.4661451261
1.05525050774
2.83769948638
2.88105501423
2.88105501423
1.88395990989
1.901615776
1.88395990989
0.258867922057
2.83769948638
4.57272676128
0.0
0.0
0.0
2.19139394082
0.0
2.19139394082
0.0
0.0
0.0
0.0
0.0
0.0
0.0
0.0
0.0
2.19139394082
0.0
2.83996363694
0.0
3.52097462311
0.0
0.0
0.0
0.0
2.83996363694
0.0
0.0
3.52097462311
0.0
0.0
0.0
0.0
2.83996363694
2.19139394082
0.0
4.79362581287
0.0
0.0
2.8412333706
2.8412333706
2.52163044914
2.8412333706
2.52163044914
2.8412333706
-0.0314539127118
2.52163044914
2.52163044914
0.0
2.8412333706
0.258867922057
3.93610638673
0.0
2.52163044914
0.258867922057
0.258867922057
0.0
0.258867922057
2.52163044914
0.258867922057
2.52944812723
2.52944812723
2.52163044914
2.52163044914
0.258867922057
2.8412333706
2.52163044914
2.52944812723
1.80186789467
2.8412333706
0.0
0.0
0.258867922057
0.0
0.0
0.0
0.0
0.0
0.0
0.0
0.0
0.0
0.0
0.0
0.0
0.0
0.0
0.0
0.0
0.0
0.0
0.0
0.0
0.0
0.0
0.0
0.0
0.0
0.0
5.06036567366
0.0
0.0
0.0
0.0
3.2638231573
0.0
0.0
0.0
0.0
0.0
0.0
0.0
0.258867922057
2.52089831331
2.52163044914
0.258867922057
2.52163044914
0.258867922057
-0.0314539127118
2.52163044914
5.2214690851
0.0
1.80186789467
2.52089831331
2.52163044914
0.0
6.34752937895
0.258867922057
0.258867922057
0.0
0.258867922057
4.01224498126
0.258867922057
0.258867922057
4.01224498126
2.52163044914
2.52163044914
0.258867922057
0.258867922057
2.52163044914
0.258867922057
1.80186789467
2.52163044914
0.0
0.0
0.258867922057
0.0
2.52163044914
0.0
0.0
6.62049699593
7.48192699003
4.44164224497
0.258867922057
2.52163044914
5.17143363273
1.901615776
5.07448871887
5.42586288991
0.0
2.65736164002
1.901615776
2.8723591574
1.47825664166
5.73645626715
1.45665308339
3.52097462311
0.0
1.901615776
3.68633587351
1.05525050774
2.83996363694
2.83769948638
2.99292963378
5.94035693454
0.258867922057
1.901615776
2.52163044914
0.258867922057
2.83996363694
5.62112902517
0.0
5.79905824247
4.57272676128
3.52097462311
2.52163044914
2.75253889114
2.52163044914

Topic 9
Mean 2.29171635175
Median 1.901615776
Sum 824.640439679
0.0
0.0
1.47825664166
0.0
0.0
0.0
0.0
0.0
0.0
0.0
0.0
0.0
0.0
0.0
0.0
0.0
0.258867922057
1.88395990989
0.0
0.0
0.0
0.0
0.258867922057
5.26165026291
0.0
0.0
0.0
1.88395990989
0.0
0.0
0.0
0.0
0.0
0.0
0.0
0.0
0.0
0.258867922057
0.258867922057
0.0
0.0
0.0
0.258867922057
0.258867922057
0.0
0.0
1.47825664166
2.83769948638
0.0
0.0
0.0
0.258867922057
4.030320622
0.0
1.45665308339
0.0
2.52163044914
4.56834585101
0.0
0.0
0.0
0.258867922057
0.258867922057
0.0
1.45665308339
7.17810511094
0.0
0.258867922057
0.258867922057
0.0
0.0
0.0
0.258867922057
0.258867922057
0.0
3.07502873886
1.45665308339
1.45665308339
0.0
0.0
0.0
0.0
0.0
0.0
0.0
0.0
0.0
0.0
0.0
0.0
0.0
0.0
0.0
0.0
0.0
0.0
0.0
0.0
0.0
0.0
0.0
0.0
0.0
0.0
0.0
0.0
0.0
0.0
0.0
0.0
0.0
0.0
0.0
0.0
0.0
0.0
0.0
0.0
0.0
0.0
0.0
0.258867922057
5.26165026291
0.0
0.0
0.0
1.88395990989
5.26165026291
0.0
1.45665308339
1.45665308339
2.43221116349
1.45665308339
0.0
0.0
0.0
0.0
1.47825664166
1.901615776
0.0
0.0
0.0
0.0
0.0
0.0
0.0
1.901615776
1.901615776
0.0
0.0
0.0
0.0
0.0
0.0
2.52163044914
4.60064365519
0.0
0.0
0.0
1.88395990989
4.60064365519
0.0
0.258867922057
4.030320622
2.52163044914
0.258867922057
0.0
0.0
0.0
4.60064365519
1.05525050774
0.0
0.258867922057
5.86143761747
0.0
0.0
0.0
1.88395990989
4.80226415306
0.0
0.258867922057
2.61620369493
2.61620369493
0.258867922057
0.0
0.0
0.0
5.56213475743
0.0
4.47112142302
0.0
0.258867922057
0.258867922057
0.0
0.0
0.0
0.258867922057
0.258867922057
0.0
0.258867922057
0.258867922057
0.258867922057
2.8412333706
0.0
0.0
0.0
0.258867922057
0.0
0.258867922057
0.258867922057
0.0
2.52163044914
0.258867922057
0.0
0.0
0.0
0.258867922057
2.67127752987
0.0
0.258867922057
4.76291215958
4.01224498126
0.258867922057
0.0
0.0
0.0
0.258867922057
0.0
2.67127752987
0.258867922057
0.258867922057
0.0
3.46734801976
4.56834585101
0.0
0.0
0.0
1.88395990989
4.05787786643
0.0
0.258867922057
4.4755190297
4.56834585101
0.258867922057
0.0
0.0
0.0
4.05787786643
1.901615776
4.05787786643
3.40989710727
0.258867922057
2.52163044914
0.0
0.0
0.0
0.0
0.0
0.0
0.0
0.0
0.0
0.0
0.0
0.0
0.0
0.0
0.0
0.0
0.0
0.0
0.0
0.0
0.0
0.0
0.0
0.0
0.0
0.0
0.0
0.0
0.0
0.0
0.0
0.0
0.0
0.0
0.0
0.0
0.0
0.0
0.0
0.0
0.0
0.0
0.0
0.0
0.0
0.0
0.0
0.0
0.258867922057
0.258867922057
0.0
0.0
0.0
0.258867922057
0.258867922057
0.0
3.90568410763
1.45665308339
1.45665308339
3.07502873886
0.0
0.0
0.0
1.45665308339
0.0
0.258867922057
0.258867922057
0.258867922057
0.258867922057
0.258867922057
0.0
0.0
0.0
3.0438081324
1.47825664166
0.0
0.0
0.0
0.258867922057
0.258867922057
0.0
3.90568410763
6.84345544641
4.26844152781
3.07502873886
0.0
0.0
0.0
1.45665308339
1.47825664166
2.52163044914
2.83996363694
2.52944812723
3.93610638673
2.52163044914
0.0
0.0
3.90568410763
0.0
0.258867922057
0.258867922057
0.0
0.0
0.0
0.258867922057
0.258867922057
0.0
3.90568410763
1.45665308339
1.45665308339
3.07502873886
0.0
0.0
0.0
1.45665308339
0.0
0.258867922057
0.258867922057
0.258867922057
0.258867922057
0.258867922057
0.0
0.0
3.90568410763
3.90568410763
0.0
0.258867922057
0.258867922057
0.0
0.0
0.0
0.258867922057
0.258867922057
0.0
1.45665308339
1.45665308339
2.43221116349
1.45665308339
0.0
0.0
0.0
2.43221116349
0.0
0.258867922057
0.258867922057
0.258867922057
0.258867922057
0.258867922057
0.0
0.0
1.45665308339
1.45665308339
1.45665308339
0.0
3.46734801976
5.51153456367
0.0
0.0
0.0
2.75253889114
2.67127752987
0.0
1.45665308339
6.73692478954
3.74236277852
2.8412333706
0.0
0.0
0.0
1.45665308339
1.901615776
4.36773432198
3.50163155289
2.8412333706
3.68633587351
3.74236277852
0.0
0.0
1.45665308339
5.54715792378
1.45665308339
1.45665308339
0.0
0.0
0.0
0.0
0.0
0.0
0.0
0.0
0.0
0.0
2.19139394082
2.19139394082
0.0
0.0
0.0
0.0
0.0
0.0
0.0
4.94158870798
0.0
0.0
2.19139394082
0.0
0.0
0.0
3.52097462311
0.0
0.0
2.88105501423
0.0
1.47825664166
5.26165026291
0.0
0.0
0.0
1.88395990989
5.26165026291
0.0
0.258867922057
5.98323683613
4.56834585101
2.8412333706
0.0
0.0
0.0
5.26165026291
2.46487936388
4.60064365519
3.50163155289
2.8412333706
3.68633587351
6.70352506916
0.0
0.0
0.258867922057
2.52944812723
0.258867922057
0.258867922057
6.79853690686
2.88105501423
0.0
3.08315141329
4.05787786643
0.0
0.0
0.0
1.88395990989
4.05787786643
0.0
1.45665308339
2.67127752987
6.57230158638
1.45665308339
0.0
0.0
0.0
4.05787786643
1.47825664166
4.05787786643
3.40989710727
0.258867922057
2.67127752987
5.87477909224
0.0
0.0
1.45665308339
4.57202000732
1.45665308339
5.19613229774
6.04500794652
2.88105501423
4.79430379079
0.0
1.47825664166
2.83769948638
0.0
0.0
0.0
-0.0314539127118
-0.0314539127118
0.0
-0.0314539127118
5.2134863777
2.83769948638
-0.0314539127118
0.0
0.0
0.0
-0.0314539127118
1.901615776
1.05525050774
-0.0314539127118
-0.0314539127118
-0.0314539127118
2.83769948638
0.0
0.0
-0.0314539127118
1.47825664166
-0.0314539127118
0.0
5.2134863777
0.0
2.83769948638
1.47825664166
0.0
0.0
0.0
0.0
0.0
0.0
0.0
0.0
0.0
0.0
0.0
0.0
0.0
0.0
0.0
0.0
0.0
0.0
0.0
0.0
0.0
0.0
0.0
0.0
0.0
0.0
0.0
0.0
0.0
0.0
0.0
0.0
0.0
0.0
0.0
3.46734801976
6.36861973791
0.0
0.0
0.0
2.75253889114
2.67127752987
0.0
1.45665308339
4.4755190297
2.83769948638
1.45665308339
0.0
0.0
0.0
1.45665308339
2.58818279411
4.36773432198
2.8723591574
0.258867922057
3.68633587351
6.68782824071
0.0
0.0
1.45665308339
6.29824834267
1.45665308339
1.45665308339
4.36773432198
0.0
6.40435187644
2.67127752987
2.83769948638
0.0
0.0
0.258867922057
0.258867922057
0.0
0.0
0.0
0.258867922057
2.67127752987
0.0
0.258867922057
3.68633587351
0.258867922057
0.258867922057
0.0
0.0
0.0
0.258867922057
0.0
2.67127752987
0.258867922057
0.258867922057
3.68633587351
0.258867922057
0.0
0.0
0.258867922057
0.258867922057
0.258867922057
0.258867922057
3.68633587351
0.0
3.68633587351
2.67127752987
0.0
0.0
3.68633587351
0.0
1.47825664166
1.901615776
0.0
0.0
0.0
0.258867922057
2.67127752987
0.0
0.258867922057
3.68633587351
2.4073371456
4.87841428675
0.0
0.0
0.0
0.258867922057
2.58818279411
2.67127752987
2.4073371456
3.29569822177
3.68633587351
2.4073371456
0.0
0.0
0.258867922057
2.52944812723
0.258867922057
0.258867922057
6.72654899473
2.19139394082
3.68633587351
2.67127752987
1.901615776
0.0
3.68633587351
3.68633587351
0.0
0.258867922057
3.40989710727
0.0
0.0
0.0
1.88395990989
3.40989710727
0.0
0.258867922057
0.258867922057
0.258867922057
0.258867922057
0.0
0.0
0.0
3.40989710727
0.0
3.40989710727
3.40989710727
0.258867922057
0.258867922057
4.95683100739
0.0
0.0
0.258867922057
0.258867922057
0.258867922057
0.258867922057
5.23505870543
0.0
3.40989710727
3.40989710727
-0.0314539127118
0.0
0.258867922057
0.258867922057
0.258867922057
0.0
0.258867922057
5.08107100209
0.0
0.0
0.0
1.88395990989
6.34173350974
0.0
1.45665308339
4.030320622
1.45665308339
1.45665308339
0.0
0.0
0.0
4.83207011445
0.0
4.60064365519
4.80226415306
0.258867922057
2.67127752987
4.05787786643
0.0
0.0
1.45665308339
1.45665308339
1.45665308339
5.19613229774
2.88105501423
4.49118520715
4.83207011445
5.19613229774
-0.0314539127118
0.0
2.67127752987
2.67127752987
2.67127752987
3.40989710727

Topic 7
Mean 2.20845442417
Median 1.901615776
Sum 1542.95474859
0.0
0.258867922057
0.0
1.45665308339
0.0
0.258867922057
1.45665308339
0.0
0.258867922057
3.07502873886
1.45665308339
0.0
0.258867922057
3.07502873886
3.90568410763
-0.0314539127118
0.0
-0.0314539127118
-0.0314539127118
-0.0314539127118
-0.0314539127118
0.258867922057
0.0
1.88395990989
0.258867922057
0.258867922057
0.258867922057
1.47825664166
1.45665308339
0.0
0.258867922057
1.45665308339
1.45665308339
1.45665308339
2.83769948638
2.52163044914
0.258867922057
0.0
0.258867922057
0.258867922057
0.258867922057
0.258867922057
1.901615776
4.10812273735
1.901615776
1.45665308339
0.0
1.88395990989
1.45665308339
1.45665308339
1.45665308339
1.05525050774
2.75253889114
1.45665308339
6.0075117617
0.258867922057
0.0
1.88395990989
0.258867922057
0.258867922057
0.258867922057
1.901615776
2.67127752987
2.52089831331
2.67127752987
1.88395990989
0.258867922057
0.0
1.88395990989
0.258867922057
0.258867922057
0.258867922057
1.901615776
2.67127752987
1.901615776
6.78527272743
6.0075117617
2.67127752987
0.258867922057
0.0
0.258867922057
2.8412333706
0.258867922057
0.258867922057
1.47825664166
1.47825664166
1.47825664166
1.47825664166
1.05525050774
1.47825664166
1.47825664166
5.17001188122
0.0
1.88395990989
1.45665308339
1.45665308339
1.45665308339
1.901615776
5.42222356443
1.901615776
6.78527272743
6.0075117617
2.67127752987
8.36572680165
1.47825664166
1.45665308339
0.0
0.258867922057
3.07502873886
3.07502873886
3.07502873886
-0.0314539127118
0.258867922057
1.45665308339
0.258867922057
1.45665308339
0.258867922057
0.258867922057
0.258867922057
1.45665308339
0.258867922057
0.0
0.258867922057
0.258867922057
0.258867922057
0.258867922057
0.0
3.52097462311
2.52163044914
0.258867922057
0.258867922057
4.01224498126
2.65736164002
0.258867922057
0.258867922057
0.258867922057
0.258867922057
0.0
0.258867922057
2.8412333706
0.258867922057
0.258867922057
1.47825664166
1.80186789467
1.80186789467
1.47825664166
1.05525050774
1.47825664166
2.65736164002
3.29569822177
1.47825664166
0.258867922057
2.65736164002
1.45665308339
0.0
0.258867922057
3.07502873886
3.80442387549
3.80442387549
-0.0314539127118
0.258867922057
1.45665308339
0.258867922057
1.45665308339
0.258867922057
0.258867922057
0.258867922057
1.45665308339
3.07502873886
0.258867922057
0.258867922057
0.258867922057
0.0
0.258867922057
2.52944812723
0.258867922057
0.258867922057
2.83769948638
2.75253889114
6.68068181593
5.08137312853
4.29949985932
2.46487936388
6.81857727646
2.52944812723
5.08137312853
0.258867922057
2.52163044914
2.52944812723
0.258867922057
0.258867922057
0.0
0.258867922057
0.258867922057
0.258867922057
0.258867922057
1.901615776
2.8723591574
1.901615776
1.901615776
2.75253889114
1.901615776
2.65736164002
1.47825664166
1.901615776
0.258867922057
2.65736164002
4.97351384001
0.258867922057
2.75253889114
1.45665308339
0.0
0.258867922057
3.07502873886
3.90568410763
3.90568410763
1.47825664166
6.60253175305
3.93610638673
1.47825664166
1.45665308339
2.52089831331
1.80186789467
3.0438081324
1.47825664166
3.07502873886
3.52097462311
3.0438081324
3.80442387549
5.54715792378
1.80186789467
0.258867922057
0.0
0.258867922057
0.258867922057
0.258867922057
0.258867922057
0.0
4.36773432198
5.2214690851
0.258867922057
0.258867922057
4.01224498126
2.65736164002
0.258867922057
0.258867922057
0.258867922057
8.15243773595
2.65736164002
0.258867922057
2.52163044914
2.65736164002
2.52163044914
0.258867922057
0.0
0.258867922057
0.258867922057
0.258867922057
0.258867922057
5.22977482363
2.67127752987
2.83769948638
2.67127752987
1.05525050774
5.64691806841
2.67127752987
1.47825664166
2.67127752987
0.258867922057
4.01224498126
4.59215404346
0.258867922057
2.83769948638
4.59215404346
2.52089831331
4.01224498126
-0.0314539127118
0.0
-0.0314539127118
-0.0314539127118
-0.0314539127118
-0.0314539127118
1.901615776
1.47825664166
1.901615776
6.04762495261
2.28998951596
2.46487936388
6.37318935563
1.47825664166
6.37318935563
-0.0314539127118
-0.0314539127118
1.47825664166
-0.0314539127118
5.08137312853
1.901615776
1.47825664166
-0.0314539127118
2.46487936388
0.258867922057
0.0
0.258867922057
2.8412333706
0.258867922057
0.258867922057
-0.0314539127118
0.258867922057
0.258867922057
0.258867922057
0.258867922057
0.258867922057
0.258867922057
3.29569822177
0.258867922057
0.258867922057
0.258867922057
5.69538245655
0.258867922057
2.52944812723
0.258867922057
2.52944812723
0.258867922057
0.258867922057
-0.0314539127118
1.45665308339
0.0
0.258867922057
1.45665308339
1.45665308339
1.45665308339
2.83769948638
2.52163044914
7.48783977575
1.901615776
1.45665308339
2.52089831331
1.901615776
1.47825664166
1.901615776
1.45665308339
2.52163044914
1.80186789467
1.45665308339
8.04867873573
1.901615776
3.93610638673
2.52163044914
2.83769948638
1.901615776
0.258867922057
0.258867922057
0.0
0.258867922057
0.258867922057
0.258867922057
0.258867922057
0.0
2.83996363694
7.36387837286
0.258867922057
0.258867922057
4.01224498126
3.2638231573
0.258867922057
0.258867922057
0.258867922057
4.76291215958
4.59215404346
0.258867922057
3.2638231573
4.59215404346
2.83996363694
5.95223893006
4.59215404346
-0.0314539127118
0.258867922057
2.52163044914
1.83162575173
0.0
1.88395990989
1.45665308339
1.45665308339
1.45665308339
2.83769948638
6.13974769993
5.2134863777
4.10812273735
1.88395990989
4.030320622
5.33560560486
1.47825664166
5.42222356443
1.45665308339
5.96827109107
2.94156252171
1.45665308339
5.2134863777
2.94156252171
6.84345544641
2.65736164002
4.030320622
5.33560560486
0.258867922057
5.2134863777
5.45470099664
0.258867922057
0.0
0.258867922057
2.8412333706
0.258867922057
0.258867922057
-0.0314539127118
2.52163044914
6.68068181593
0.258867922057
0.258867922057
0.258867922057
1.80186789467
3.29569822177
0.258867922057
0.258867922057
2.52163044914
5.69538245655
0.258867922057
6.68068181593
1.80186789467
3.93610638673
2.52163044914
1.80186789467
-0.0314539127118
6.69649311121
6.68068181593
2.52163044914
2.52163044914
0.258867922057
0.0
1.88395990989
0.258867922057
0.258867922057
0.258867922057
2.99292963378
6.55160139222
2.83769948638
2.28998951596
3.32445195189
1.901615776
2.4661451261
1.47825664166
7.85609909817
0.258867922057
2.52163044914
1.80186789467
0.258867922057
2.83769948638
2.8723591574
4.57202000732
2.52163044914
2.99292963378
2.28998951596
0.258867922057
2.83769948638
2.52163044914
4.57202000732
2.52163044914
0.258867922057
0.0
1.88395990989
0.258867922057
0.258867922057
0.258867922057
2.83769948638
1.88395990989
2.83769948638
4.05761166247
5.32793715283
1.901615776
4.05761166247
1.47825664166
5.04550132091
0.258867922057
0.258867922057
1.47825664166
0.258867922057
4.29949985932
1.901615776
1.47825664166
0.258867922057
2.83769948638
2.28998951596
0.258867922057
2.83769948638
3.2638231573
3.2638231573
0.258867922057
3.32445195189
1.45665308339
0.0
0.258867922057
3.07502873886
3.07502873886
3.07502873886
2.99292963378
6.73641076022
3.46734801976
4.10812273735
1.45665308339
2.67127752987
5.77688860222
1.47825664166
6.49702799343
3.07502873886
2.65736164002
2.65736164002
3.07502873886
2.52163044914
2.8723591574
4.02013437842
4.36773432198
2.99292963378
1.47825664166
0.258867922057
2.52163044914
3.46734801976
5.81805913704
2.52163044914
8.52623357716
1.47825664166
1.45665308339
0.0
0.258867922057
1.45665308339
1.45665308339
1.45665308339
2.83769948638
4.36773432198
3.46734801976
2.67127752987
2.75253889114
2.67127752987
2.67127752987
2.65803170655
2.67127752987
1.45665308339
4.4755190297
4.97351384001
1.45665308339
6.40435187644
4.97351384001
6.29824834267
4.4755190297
4.59215404346
2.46487936388
0.258867922057
2.83769948638
4.59215404346
2.94156252171
2.52163044914
2.8723591574
2.83769948638
6.54471428897
0.258867922057
0.0
0.258867922057
0.258867922057
0.258867922057
0.258867922057
2.83769948638
5.42222356443
2.83769948638
4.10812273735
4.29949985932
2.67127752987
2.67127752987
2.77189465128
5.42222356443
0.258867922057
2.65736164002
2.94156252171
0.258867922057
5.72322594265
2.94156252171
2.77189465128
2.65736164002
2.94156252171
1.901615776
0.258867922057
2.83769948638
2.94156252171
5.42222356443
1.80186789467
2.83769948638
4.29949985932
5.42222356443
3.68633587351
0.258867922057
0.0
0.258867922057
2.8412333706
0.258867922057
0.258867922057
2.83769948638
4.10812273735
2.83769948638
4.10812273735
1.05525050774
2.67127752987
2.67127752987
3.29569822177
4.10812273735
0.258867922057
0.258867922057
3.29569822177
0.258867922057
2.83769948638
1.901615776
2.65803170655
0.258867922057
2.83769948638
1.901615776
3.29569822177
2.83769948638
0.258867922057
4.10812273735
3.29569822177
3.74236277852
2.83769948638
4.10812273735
7.36057719164
4.10812273735
0.258867922057
0.0
0.258867922057
0.258867922057
0.258867922057
0.258867922057
0.0
2.88105501423
0.258867922057
2.67127752987
0.258867922057
4.030320622
2.67127752987
0.258867922057
2.88105501423
0.258867922057
2.83996363694
0.258867922057
0.258867922057
0.258867922057
2.8723591574
2.83996363694
0.258867922057
4.030320622
-0.0314539127118
0.258867922057
0.258867922057
2.83996363694
4.030320622
0.258867922057
2.88105501423
0.258867922057
2.88105501423
2.8723591574
2.67127752987
2.67127752987
0.258867922057
0.0
0.258867922057
2.8412333706
0.258867922057
0.258867922057
-0.0314539127118
0.258867922057
0.258867922057
0.258867922057
0.258867922057
0.258867922057
0.258867922057
3.29569822177
0.258867922057
0.258867922057
0.258867922057
4.84040382068
0.258867922057
2.52944812723
0.258867922057
2.52944812723
0.258867922057
0.258867922057
-0.0314539127118
4.84040382068
0.258867922057
0.258867922057
0.258867922057
4.84040382068
0.258867922057
0.258867922057
0.258867922057
0.258867922057
0.258867922057
3.29569822177
0.258867922057
1.45665308339
0.0
0.258867922057
1.45665308339
1.45665308339
1.45665308339
1.05525050774
7.07547469554
5.19613229774
4.10812273735
2.75253889114
2.67127752987
2.67127752987
1.05525050774
5.42222356443
1.45665308339
2.52163044914
1.80186789467
1.45665308339
2.75253889114
2.75253889114
4.57202000732
4.36773432198
2.67127752987
1.05525050774
0.258867922057
5.19613229774
2.52163044914
5.81805913704
2.52163044914
4.57202000732
1.05525050774
5.81805913704
4.36773432198
5.42222356443
4.34968295362
2.88105501423
0.258867922057
0.0
0.0
0.0
0.0
0.0
0.0
1.901615776
1.47825664166
1.901615776
2.46487936388
1.05525050774
2.58818279411
2.55832286293
1.47825664166
2.46487936388
0.0
0.0
1.47825664166
0.0
2.46487936388
1.901615776
1.47825664166
0.0
2.58818279411
2.46487936388
0.0
1.901615776
0.0
2.58818279411
0.0
1.901615776
1.901615776
1.47825664166
2.58818279411
1.901615776
1.901615776
0.0
0.0
1.05525050774

Topic 5
Mean 2.07807510868
Median 1.901615776
Sum 1388.50228251
1.88395990989
0.258867922057
0.258867922057
5.64691806841
1.88395990989
0.258867922057
2.67127752987
1.88395990989
0.258867922057
6.43064828856
2.58818279411
0.258867922057
0.258867922057
1.05525050774
2.46487936388
1.901615776
1.88395990989
0.258867922057
2.4661451261
4.05761166247
1.901615776
0.258867922057
0.258867922057
2.8412333706
0.258867922057
0.258867922057
2.35693924394
0.258867922057
1.901615776
-0.0314539127118
-0.0314539127118
1.05525050774
1.901615776
1.901615776
2.83769948638
-0.0314539127118
1.901615776
0.258867922057
2.8412333706
1.05525050774
1.901615776
2.35693924394
2.83769948638
3.29569822177
2.83769948638
3.40989710727
1.88395990989
1.45665308339
4.05787786643
1.88395990989
1.80186789467
1.88395990989
2.65736164002
-0.0314539127118
1.80186789467
1.901615776
-0.0314539127118
-0.0314539127118
1.05525050774
1.901615776
1.901615776
2.83769948638
-0.0314539127118
2.83769948638
4.87689762696
-0.0314539127118
3.40989710727
1.88395990989
2.8412333706
4.05787786643
1.901615776
2.35693924394
5.04550132091
3.29569822177
3.74236277852
5.17095834295
4.05787786643
2.99292963378
2.67127752987
0.258867922057
4.87841428675
2.67127752987
2.67127752987
2.58818279411
1.901615776
3.29569822177
1.901615776
3.29569822177
0.258867922057
1.901615776
5.70609336725
4.030320622
1.88395990989
0.258867922057
4.030320622
2.67127752987
2.35693924394
1.88395990989
2.65736164002
-0.0314539127118
2.52163044914
5.70641777228
-0.0314539127118
2.52163044914
3.68633587351
1.901615776
-0.0314539127118
-0.0314539127118
1.05525050774
6.37318935563
1.901615776
1.901615776
-0.0314539127118
1.901615776
1.901615776
-0.0314539127118
1.901615776
1.901615776
1.901615776
-0.0314539127118
1.47825664166
0.258867922057
2.8412333706
1.05525050774
1.47825664166
1.47825664166
1.47825664166
6.53721708797
1.47825664166
3.29569822177
0.258867922057
1.47825664166
3.29569822177
3.29569822177
0.258867922057
4.243752572
1.47825664166
0.258867922057
2.8412333706
1.05525050774
1.47825664166
1.47825664166
1.47825664166
3.29569822177
1.47825664166
5.363216687
0.258867922057
1.47825664166
3.29569822177
4.25179587426
0.258867922057
4.243752572
4.243752572
0.258867922057
0.258867922057
2.52944812723
0.258867922057
0.258867922057
0.258867922057
0.258867922057
2.52944812723
0.0
2.52944812723
0.258867922057
0.0
2.52944812723
2.52944812723
0.258867922057
0.0
2.52944812723
2.52944812723
2.67127752987
0.258867922057
3.07502873886
2.67127752987
2.67127752987
2.58818279411
1.901615776
0.258867922057
1.901615776
1.901615776
1.45665308339
1.901615776
1.901615776
3.68633587351
3.68633587351
1.901615776
1.47825664166
1.47825664166
0.258867922057
0.0
0.0
0.0
0.0
0.0
0.0
0.0
0.0
0.0
0.0
0.0
0.0
0.0
0.0
0.0
0.0
0.0
0.0
0.0
0.0
2.67127752987
0.258867922057
2.8412333706
2.67127752987
2.67127752987
2.35693924394
0.258867922057
3.93610638673
-0.0314539127118
6.35312213906
1.80186789467
-0.0314539127118
3.29569822177
3.29569822177
2.67127752987
-0.0314539127118
3.29569822177
3.29569822177
2.52944812723
2.67127752987
0.0
2.67127752987
0.258867922057
2.8412333706
2.67127752987
2.67127752987
4.36773432198
2.83769948638
3.29569822177
2.83769948638
3.29569822177
1.80186789467
2.83769948638
3.29569822177
4.25179587426
3.68633587351
4.243752572
7.57668521299
6.43554254664
2.52944812723
3.68633587351
0.0
3.29569822177
2.58818279411
-0.0314539127118
-0.0314539127118
1.05525050774
2.46487936388
2.58818279411
1.901615776
-0.0314539127118
1.901615776
1.901615776
-0.0314539127118
1.901615776
1.901615776
2.58818279411
-0.0314539127118
1.901615776
1.47825664166
1.47825664166
0.0
2.58818279411
0.0
-0.0314539127118
1.901615776
2.67127752987
0.258867922057
2.52944812723
2.67127752987
2.67127752987
1.901615776
2.83769948638
2.52944812723
2.83769948638
2.83769948638
0.258867922057
5.22977482363
2.83769948638
2.67127752987
2.67127752987
1.901615776
2.52944812723
2.52944812723
2.52944812723
5.77565545388
0.0
2.67127752987
5.54715792378
1.901615776
0.258867922057
0.258867922057
0.258867922057
0.258867922057
0.258867922057
4.36773432198
3.2638231573
3.93610638673
2.75253889114
3.46734801976
1.80186789467
2.99292963378
3.52097462311
2.4073371456
2.52163044914
-0.0314539127118
0.258867922057
0.258867922057
0.258867922057
0.258867922057
0.0
3.93610638673
4.36773432198
-0.0314539127118
0.258867922057
2.46487936388
0.258867922057
1.45665308339
1.05525050774
2.46487936388
2.46487936388
1.901615776
0.258867922057
1.901615776
1.901615776
1.83162575173
1.901615776
1.901615776
2.46487936388
0.258867922057
1.901615776
1.47825664166
1.47825664166
0.258867922057
2.46487936388
0.0
0.258867922057
1.901615776
2.46487936388
1.901615776
0.258867922057
1.901615776
0.258867922057
0.258867922057
1.05525050774
1.901615776
1.901615776
3.2638231573
2.94156252171
2.83769948638
2.83769948638
2.65736164002
2.83769948638
2.83996363694
1.901615776
2.65736164002
1.901615776
1.47825664166
1.47825664166
0.258867922057
1.901615776
0.0
1.80186789467
2.83769948638
1.901615776
2.83769948638
3.2638231573
1.901615776
4.01224498126
1.88395990989
0.258867922057
3.40989710727
2.67127752987
0.258867922057
1.88395990989
0.258867922057
-0.0314539127118
0.258867922057
3.40989710727
-0.0314539127118
3.40989710727
3.68633587351
5.46064277793
-0.0314539127118
0.258867922057
0.258867922057
0.258867922057
3.68633587351
0.0
2.67127752987
3.68633587351
-0.0314539127118
2.67127752987
0.258867922057
0.258867922057
0.258867922057
0.258867922057
0.258867922057
1.45665308339
0.258867922057
0.258867922057
0.258867922057
0.258867922057
0.258867922057
-0.0314539127118
0.258867922057
1.83162575173
-0.0314539127118
0.258867922057
0.258867922057
0.258867922057
-0.0314539127118
0.258867922057
0.258867922057
0.258867922057
1.45665308339
0.0
0.258867922057
0.258867922057
-0.0314539127118
0.258867922057
0.258867922057
2.62680878715
0.258867922057
0.258867922057
1.47825664166
0.258867922057
4.87841428675
1.05525050774
1.47825664166
4.36773432198
1.47825664166
3.93610638673
1.47825664166
2.8412333706
1.80186789467
1.47825664166
5.80501599044
6.58712882087
2.52163044914
2.65803170655
2.8412333706
2.8412333706
2.52944812723
1.47825664166
0.0
3.93610638673
6.33568178967
1.47825664166
2.52944812723
4.36773432198
1.47825664166
1.80186789467
0.258867922057
0.258867922057
2.52089831331
0.258867922057
0.258867922057
0.258867922057
0.258867922057
0.258867922057
0.258867922057
0.258867922057
0.0
2.19139394082
0.258867922057
0.0
3.50163155289
2.19139394082
2.52089831331
-0.0314539127118
0.258867922057
0.258867922057
0.258867922057
0.258867922057
0.0
0.258867922057
0.258867922057
-0.0314539127118
0.258867922057
2.19139394082
0.258867922057
0.258867922057
4.90602361857
0.258867922057
3.50163155289
2.52089831331
0.258867922057
0.258867922057
0.258867922057
0.258867922057
2.35693924394
0.258867922057
2.52163044914
0.0
3.46734801976
1.80186789467
0.0
2.52163044914
2.4073371456
5.2214690851
-0.0314539127118
0.258867922057
0.258867922057
0.258867922057
0.258867922057
0.0
2.52163044914
2.52163044914
-0.0314539127118
0.258867922057
3.46734801976
0.258867922057
1.80186789467
2.52089831331
0.258867922057
2.52163044914
2.52089831331
6.81253636762
1.88395990989
0.258867922057
5.64691806841
2.67127752987
0.258867922057
1.88395990989
0.258867922057
0.0
0.258867922057
3.40989710727
0.0
3.40989710727
2.67127752987
4.030320622
-0.0314539127118
0.258867922057
0.258867922057
0.258867922057
2.67127752987
0.0
2.67127752987
2.67127752987
-0.0314539127118
2.67127752987
0.258867922057
0.258867922057
0.258867922057
3.40989710727
0.258867922057
0.258867922057
0.258867922057
0.258867922057
2.58818279411
-0.0314539127118
-0.0314539127118
1.05525050774
2.46487936388
2.58818279411
1.901615776
-0.0314539127118
1.901615776
1.901615776
-0.0314539127118
1.901615776
1.901615776
2.58818279411
-0.0314539127118
1.901615776
1.47825664166
1.47825664166
0.0
4.88596797483
0.0
-0.0314539127118
1.901615776
2.58818279411
1.901615776
0.0
2.46487936388
1.901615776
-0.0314539127118
-0.0314539127118
1.47825664166
0.0
0.0
0.0
2.67127752987
0.258867922057
2.52944812723
2.67127752987
5.33560560486
2.46487936388
4.29949985932
2.94156252171
1.901615776
6.15771662112
2.65736164002
1.901615776
2.52944812723
3.68633587351
3.68633587351
5.33560560486
2.52944812723
5.363216687
2.52944812723
3.68633587351
0.0
2.67127752987
3.68633587351
2.46487936388
2.67127752987
1.80186789467
6.3103978817
2.94156252171
3.68633587351
0.258867922057
2.52944812723
0.258867922057
1.80186789467
2.67127752987
2.46487936388
4.01224498126
0.258867922057
0.258867922057
0.258867922057
0.258867922057
2.35693924394
0.258867922057
2.52163044914
2.75253889114
3.46734801976
1.80186789467
0.0
2.52163044914
0.258867922057
5.46064277793
-0.0314539127118
0.258867922057
0.258867922057
0.258867922057
0.258867922057
0.0
2.52163044914
2.52163044914
-0.0314539127118
0.258867922057
3.46734801976
0.258867922057
1.80186789467
5.96250769095
0.258867922057
2.88105501423
4.90602361857
3.46734801976
0.258867922057
0.0
1.80186789467
0.258867922057
0.258867922057
3.07502873886
0.258867922057
0.258867922057
0.258867922057
0.258867922057
0.258867922057
-0.0314539127118
0.258867922057
1.45665308339
-0.0314539127118
0.258867922057
0.258867922057
0.258867922057
-0.0314539127118
0.258867922057
0.258867922057
0.258867922057
4.74526744901
0.0
0.258867922057
0.258867922057
-0.0314539127118
0.258867922057
0.258867922057
1.45665308339
0.258867922057
0.258867922057
1.45665308339
0.258867922057
0.258867922057
0.258867922057
0.258867922057
-0.0314539127118
0.258867922057
0.258867922057
2.67127752987
0.258867922057
2.8412333706
2.67127752987
2.67127752987
1.47825664166
1.47825664166
6.53721708797
1.47825664166
3.29569822177
0.258867922057
1.47825664166
3.29569822177
4.25179587426
3.68633587351
4.243752572
6.53721708797
6.75609151219
2.52944812723
3.68633587351
0.0
3.29569822177
6.43554254664
1.47825664166
2.67127752987
0.258867922057
1.47825664166
1.47825664166
3.68633587351
0.258867922057
2.8412333706
0.258867922057
0.258867922057
2.67127752987
1.47825664166
3.68633587351
4.56684930335
0.258867922057
2.58818279411
1.88395990989
2.8412333706
2.43015895996
2.46487936388
2.58818279411
4.29949985932
3.29569822177
1.901615776
3.29569822177
1.88395990989
1.901615776
3.29569822177
4.25179587426
1.88395990989
1.901615776
3.29569822177
4.25179587426
2.52944812723
2.58818279411
0.0
3.29569822177
4.25179587426
2.58818279411
2.52944812723
0.258867922057
2.46487936388
1.901615776
1.88395990989
0.258867922057
2.8412333706
0.258867922057
0.258867922057
1.88395990989
2.58818279411
5.57108158752
0.258867922057
0.258867922057
4.25179587426

Topic 2
Mean 2.04496236589
Median 1.64006226816
Sum 1066.71546109
0.258867922057
1.45665308339
0.258867922057
0.0
0.0
0.0
0.258867922057
1.88395990989
0.258867922057
0.0
0.258867922057
1.88395990989
0.258867922057
0.0
1.88395990989
0.0
0.0
0.0
0.0
0.0
0.0
0.258867922057
1.88395990989
0.258867922057
0.0
1.901615776
2.67127752987
0.0
0.0
0.0
0.0
0.0
0.0
0.0
0.0
0.0
0.258867922057
0.258867922057
2.8412333706
0.0
2.83769948638
2.75253889114
0.0
1.901615776
0.0
0.258867922057
0.258867922057
2.8412333706
0.0
1.47825664166
1.47825664166
0.0
1.47825664166
0.0
3.29569822177
0.258867922057
0.258867922057
2.52944812723
0.0
1.05525050774
2.8723591574
0.0
1.05525050774
0.0
6.15771662112
2.52944812723
0.258867922057
1.88395990989
2.8412333706
0.0
5.04550132091
6.62453422756
0.0
3.40989710727
0.0
5.17095834295
3.29569822177
5.17095834295
0.258867922057
0.258867922057
0.258867922057
0.0
0.258867922057
5.81805913704
0.0
2.67127752987
0.0
0.258867922057
0.258867922057
0.258867922057
0.258867922057
5.19613229774
0.258867922057
1.45665308339
0.0
1.05525050774
7.07547469554
0.0
2.67127752987
0.0
2.75253889114
1.05525050774
4.34968295362
2.52163044914
5.81805913704
2.43221116349
1.88395990989
1.45665308339
0.0
1.88395990989
5.81805913704
0.0
3.40989710727
0.0
0.258867922057
0.258867922057
0.258867922057
3.40989710727
5.81805913704
5.81805913704
1.45665308339
0.258867922057
3.07502873886
0.0
0.258867922057
0.258867922057
0.0
0.258867922057
0.0
0.258867922057
0.258867922057
0.258867922057
0.258867922057
0.258867922057
1.45665308339
1.45665308339
0.0
0.0
0.0
0.0
3.2638231573
3.52097462311
0.0
0.0
0.0
0.0
0.0
0.0
3.52097462311
0.0
0.0
0.0
0.0
1.45665308339
0.258867922057
3.07502873886
0.0
0.258867922057
0.258867922057
0.0
0.258867922057
0.0
0.258867922057
0.258867922057
0.258867922057
0.258867922057
0.258867922057
1.45665308339
1.45665308339
3.90568410763
0.0
0.0
-0.0314539127118
-0.0314539127118
0.0
2.83769948638
1.47825664166
0.0
1.901615776
0.0
4.87689762696
1.47825664166
4.87689762696
2.99292963378
0.0
1.05525050774
-0.0314539127118
-0.0314539127118
3.64276707503
-0.0314539127118
2.43221116349
1.88395990989
3.07502873886
0.0
3.32445195189
4.92320565668
0.0
2.58818279411
0.0
2.83769948638
3.0438081324
3.93610638673
3.50163155289
0.258867922057
2.88105501423
2.43221116349
3.07502873886
2.83996363694
3.07502873886
2.83769948638
0.258867922057
0.258867922057
0.258867922057
0.0
2.83769948638
2.67127752987
0.0
5.64691806841
0.0
4.87689762696
1.47825664166
4.87689762696
2.99292963378
2.67127752987
2.67127752987
2.67127752987
0.258867922057
3.64276707503
0.258867922057
5.22977482363
4.59215404346
0.258867922057
0.258867922057
0.258867922057
0.0
0.258867922057
4.36773432198
0.0
4.01224498126
0.0
2.52163044914
0.258867922057
2.52163044914
2.52163044914
0.258867922057
4.36773432198
0.258867922057
0.258867922057
0.0
0.258867922057
0.0
2.65736164002
4.01224498126
5.19613229774
0.258867922057
1.45665308339
0.0
2.83769948638
2.52163044914
0.0
2.52089831331
0.0
3.46734801976
1.47825664166
4.67476355543
2.83769948638
0.258867922057
5.19613229774
1.45665308339
1.45665308339
0.0
1.45665308339
2.83769948638
3.93610638673
2.83769948638
5.2214690851
5.19613229774
0.258867922057
1.45665308339
0.0
2.83769948638
2.67127752987
0.0
2.67127752987
0.0
2.83769948638
1.47825664166
1.05525050774
5.92558962747
2.67127752987
5.19613229774
2.67127752987
1.45665308339
2.99292963378
1.45665308339
2.99292963378
7.16023852772
2.99292963378
0.258867922057
5.19613229774
0.0
0.0
0.0
0.0
0.0
0.0
0.0
0.0
0.0
0.0
0.0
0.0
0.0
0.0
0.0
0.0
0.0
0.0
0.0
0.0
0.0
0.0
0.0
0.0
0.0
0.258867922057
0.258867922057
2.52944812723
0.0
1.05525050774
6.73641076022
0.0
1.05525050774
0.0
2.52944812723
2.52944812723
5.73541935498
6.14187103842
0.258867922057
4.36773432198
0.258867922057
0.258867922057
0.0
0.258867922057
1.05525050774
2.35693924394
1.80186789467
4.36773432198
2.35693924394
1.05525050774
0.0
0.258867922057
0.258867922057
0.258867922057
0.0
0.258867922057
2.8723591574
0.0
5.64691806841
0.0
2.52163044914
0.258867922057
2.8723591574
2.52163044914
2.67127752987
2.67127752987
3.68633587351
0.258867922057
0.0
0.258867922057
0.0
2.52163044914
7.61834552897
7.78551806493
5.2214690851
2.67127752987
0.0
2.35693924394
1.45665308339
0.258867922057
3.07502873886
0.0
0.258867922057
0.258867922057
0.0
0.258867922057
0.0
0.258867922057
0.258867922057
0.258867922057
0.258867922057
0.258867922057
1.45665308339
1.45665308339
3.90568410763
0.0
3.90568410763
-0.0314539127118
3.07502873886
0.258867922057
0.258867922057
1.45665308339
1.45665308339
0.0
0.258867922057
0.258867922057
1.45665308339
0.258867922057
3.07502873886
0.0
0.258867922057
0.258867922057
0.0
0.258867922057
0.0
0.258867922057
0.258867922057
0.258867922057
0.258867922057
0.258867922057
1.45665308339
1.45665308339
3.80442387549
0.0
3.80442387549
-0.0314539127118
4.74526744901
0.258867922057
0.258867922057
1.45665308339
1.45665308339
0.0
0.258867922057
0.258867922057
3.80442387549
1.45665308339
1.88395990989
1.45665308339
0.0
1.88395990989
1.88395990989
0.0
3.40989710727
0.0
0.258867922057
0.258867922057
0.258867922057
3.40989710727
0.258867922057
1.45665308339
3.40989710727
1.45665308339
0.0
1.45665308339
-0.0314539127118
5.29243235454
0.258867922057
0.258867922057
1.45665308339
1.45665308339
0.0
0.258867922057
0.258867922057
1.45665308339
1.45665308339
0.0
-0.0314539127118
-0.0314539127118
0.0
1.47825664166
1.47825664166
0.0
1.47825664166
0.0
1.47825664166
4.243752572
1.05525050774
1.47825664166
0.0
1.05525050774
-0.0314539127118
-0.0314539127118
0.0
-0.0314539127118
1.47825664166
3.0438081324
1.47825664166
-0.0314539127118
1.47825664166
1.47825664166
0.0
1.05525050774
-0.0314539127118
-0.0314539127118
-0.0314539127118
-0.0314539127118
0.258867922057
0.258867922057
2.8412333706
0.0
0.258867922057
2.67127752987
0.0
2.67127752987
0.0
6.35312213906
3.29569822177
4.67476355543
3.29569822177
2.67127752987
2.67127752987
2.67127752987
0.258867922057
0.0
0.258867922057
-0.0314539127118
3.93610638673
2.67127752987
2.52163044914
6.08703275185
2.67127752987
0.0
2.52944812723
2.67127752987
0.258867922057
0.258867922057
0.258867922057
-0.0314539127118
0.0
0.0
0.0
0.0
1.901615776
1.47825664166
0.0
2.58818279411
0.0
1.901615776
1.47825664166
1.05525050774
1.901615776
0.0
1.05525050774
0.0
0.0
0.0
0.0
1.901615776
2.58818279411
2.58818279411
0.0
1.901615776
1.901615776
0.0
1.05525050774
0.0
0.0
0.0
0.0
1.47825664166
0.0
0.258867922057
0.258867922057
0.258867922057
0.0
0.258867922057
2.88105501423
0.0
4.030320622
0.0
0.258867922057
0.258867922057
2.8723591574
2.83996363694
2.67127752987
2.88105501423
2.67127752987
0.258867922057
2.83996363694
0.258867922057
0.0
2.88105501423
4.030320622
0.258867922057
0.258867922057
2.67127752987
0.0
0.258867922057
4.030320622
0.258867922057
0.258867922057
0.258867922057
-0.0314539127118
2.67127752987
0.0
0.258867922057
0.258867922057
0.258867922057
0.0
0.258867922057
3.52097462311
0.0
4.01224498126
0.0
2.4073371456
0.258867922057
2.4073371456
3.52097462311
0.258867922057
0.258867922057
0.258867922057
0.258867922057
3.52097462311
0.258867922057
0.0
3.98589350794
4.01224498126
4.01224498126
2.52089831331
0.258867922057
0.0
0.258867922057
4.76291215958
0.258867922057
0.258867922057
0.258867922057
-0.0314539127118
0.258867922057
0.0
2.83996363694
0.258867922057
0.258867922057
2.8412333706
0.0
0.258867922057
2.52163044914
0.0
0.258867922057
0.0
3.29569822177
6.53721708797
3.93610638673
3.29569822177
0.258867922057
2.52163044914
0.258867922057
0.258867922057
0.0
0.258867922057
-0.0314539127118
5.60935679814
2.94156252171
2.65736164002
3.93610638673
0.258867922057
0.0
2.52944812723
2.52163044914
0.258867922057
0.258867922057
0.258867922057
-0.0314539127118
3.93610638673
0.0
0.258867922057
0.258867922057
0.258867922057
0.258867922057
2.52944812723
0.0
1.47825664166
7.83049405172
0.0
2.67127752987
0.0
2.52944812723
2.52944812723
4.34968295362
2.52944812723
2.67127752987
7.21530111936
4.85330544807
0.258867922057
0.0
0.258867922057
1.47825664166
2.35693924394
2.67127752987
4.36773432198
2.35693924394
2.67127752987
0.0
4.36773432198
3.68633587351
0.258867922057
0.258867922057
0.258867922057
1.47825664166
2.67127752987
1.47825664166
2.67127752987
0.258867922057
2.52944812723
0.0
0.0
0.0
0.0
0.0
0.0
0.0
0.0
0.0
0.0
0.0
0.0
0.0
0.0
0.0
0.0
0.0
0.0
0.0
0.0
0.0
0.0
0.0
0.0
0.0
0.0
0.0
0.0
0.0
0.0
0.0
0.0
0.0
0.0
0.0
0.0
0.0
0.0
0.258867922057
0.258867922057
0.258867922057
0.0
1.47825664166
6.62453422756
0.0
2.67127752987
0.0
2.19139394082
1.47825664166
4.34968295362
6.62453422756
2.67127752987
4.34968295362
4.85330544807
0.258867922057
0.0
0.258867922057
1.47825664166
2.88105501423
2.67127752987
2.19139394082
1.47825664166
2.67127752987
0.0
4.34968295362
3.68633587351
0.258867922057
0.258867922057
0.258867922057
1.47825664166
2.67127752987
1.47825664166
6.5947538666
2.19139394082
0.258867922057
4.85330544807
0.0

