Topic 3
Mean 3.19883293378
Median 3.06846579618
Sum 19.1929976027
0.0
0.0
3.68633587351
0.0
2.4073371456
6.70352506916
0.0
3.29569822177
2.8412333706
0.258867922057

Topic 6
Mean 3.00963031108
Median 2.67127752987
Sum 9.02889093325
0.0
0.0
0.0
0.0
0.0
2.67127752987
0.0
0.0
2.67127752987
3.68633587351

Topic 4
Mean 2.26109006017
Median 2.21553195162
Sum 18.0572665687
2.52944812723
4.243752572
1.05525050774
3.29569822177
2.52944812723
-0.0314539127118
1.47825664166
1.05525050774
1.901615776
0.0

Topic 5
Mean 2.14361953047
Median 1.88395990989
Sum 21.4361953047
1.88395990989
0.258867922057
0.258867922057
5.64691806841
1.88395990989
0.258867922057
2.67127752987
1.88395990989
0.258867922057
6.43064828856

Topic 1
Mean 2.78392721092
Median 1.88395990989
Sum 8.35178163276
0.0
1.88395990989
0.0
6.20895380081
0.0
0.258867922057
0.0
0.0
0.0
0.0

Topic 9
Mean 1.47825664166
Median 1.47825664166
Sum 1.47825664166
0.0
0.0
1.47825664166
0.0
0.0
0.0
0.0
0.0
0.0
0.0

Topic 7
Mean 1.12748977864
Median 0.857760502724
Sum 6.76493867181
0.0
0.258867922057
0.0
1.45665308339
0.0
0.258867922057
1.45665308339
0.0
0.258867922057
3.07502873886

Topic 8
Mean 1.6146012109
Median 0.258867922057
Sum 16.146012109
3.52097462311
1.88395990989
4.0169117007
0.258867922057
0.258867922057
0.258867922057
5.17095834295
0.258867922057
0.258867922057
0.258867922057

Topic 2
Mean 0.729347446918
Median 0.258867922057
Sum 4.37608468151
0.258867922057
1.45665308339
0.258867922057
0.0
0.0
0.0
0.258867922057
1.88395990989
0.258867922057
0.0

Topic 0
Mean 1.70612649977
Median 0.258867922057
Sum 5.1183794993
0.0
0.0
0.0
0.0
0.0
0.258867922057
0.0
0.0
4.60064365519
0.258867922057

