Topic 4
Mean 0.166717772968
Median 0.118055555556
Sum 6.00183982684
0.0909090909091
0.125
0.1
0.111111111111
0.0909090909091
0.25
0.111111111111
0.0909090909091
0.25
0.2
0.125
0.0714285714286
0.0909090909091
0.0833333333333
0.0833333333333
0.166666666667
0.1
0.5
0.2
0.2
0.0909090909091
0.0
0.0
0.0
0.0
0.0
0.0
0.0
0.333333333333
0.1
0.111111111111
0.125
0.0909090909091
0.0909090909091
0.2
0.0
0.142857142857
0.1
0.333333333333
0.25
0.5
0.1
0.25
0.0
0.142857142857

Topic 9
Mean 0.159372998796
Median 0.142857142857
Sum 4.1436979687
0.166666666667
0.0
0.0
0.166666666667
0.0625
0.0
0.25
0.25
0.0
0.333333333333
0.166666666667
0.333333333333
0.0
0.0909090909091
0.25
0.142857142857
0.25
0.0
0.0833333333333
0.2
0.25
0.1
0.0625
0.0
0.0769230769231
0.1
0.0
0.0666666666667
0.142857142857
0.0909090909091
0.0
0.0833333333333
0.25
0.0
0.0909090909091
0.0833333333333
0.0
0.0
0.0
0.0
0.0
0.0
0.0
0.0
0.0

Topic 5
Mean 0.156271654932
Median 0.118055555556
Sum 4.37560633811
0.0
0.0
0.2
0.0
0.111111111111
0.0909090909091
0.0
0.0833333333333
0.166666666667
0.0714285714286
0.0
0.5
0.166666666667
0.1
0.111111111111
0.0
0.0
0.0
0.0
0.0
0.0
0.0
0.2
0.25
0.125
0.142857142857
0.25
0.0
0.0
0.0769230769231
0.0833333333333
0.0666666666667
0.0625
0.1
0.0
0.1
0.0
0.333333333333
0.142857142857
0.0909090909091
0.0833333333333
0.25
0.0
0.166666666667
0.25

Topic 2
Mean 0.149133505384
Median 0.118055555556
Sum 5.36880619381
0.2
0.1
0.166666666667
0.1
0.333333333333
0.0833333333333
0.111111111111
0.125
0.125
0.0909090909091
0.25
0.2
0.1
0.0909090909091
0.25
0.125
0.0909090909091
0.0769230769231
0.0714285714286
0.0833333333333
0.0909090909091
0.111111111111
0.125
0.25
0.0909090909091
0.125
0.125
0.0833333333333
0.333333333333
0.25
0.111111111111
0.1
0.333333333333
0.25
0.0909090909091
0.125
0.0
0.0
0.0
0.0
0.0
0.0
0.0
0.0
0.0

Topic 1
Mean 0.147288709579
Median 0.111111111111
Sum 3.09306290115
0.0
0.0
0.1
0.0
0.111111111111
0.0625
0.0
0.25
0.0769230769231
0.0909090909091
0.0
0.0
0.0
0.0
0.0
0.0
0.0833333333333
0.0666666666667
0.0666666666667
0.0588235294118
0.0
0.0
0.0
0.0
0.0
0.0
0.0
0.0
0.0
0.333333333333
0.0714285714286
0.111111111111
0.2
0.0
0.0769230769231
0.0
0.0
0.333333333333
0.125
0.125
0.25
0.0
0.333333333333
0.0
0.166666666667

Topic 3
Mean 0.143003246753
Median 0.111111111111
Sum 2.86006493506
0.0
0.0
0.0
0.0
0.0
0.0
0.0
0.2
0.0
0.0
0.0
0.0909090909091
0.0
0.0
0.111111111111
0.0
0.166666666667
0.0
0.0
0.0833333333333
0.0714285714286
0.0
0.166666666667
0.0
0.0
0.25
0.1
0.0909090909091
0.0
0.25
0.0
0.0
0.111111111111
0.0909090909091
0.125
0.0
0.0
0.166666666667
0.0
0.0
0.25
0.0909090909091
0.0833333333333
0.25
0.111111111111

Topic 8
Mean 0.138036324605
Median 0.111111111111
Sum 6.21163460722
0.0909090909091
0.0714285714286
0.0833333333333
0.0909090909091
0.0833333333333
0.1
0.111111111111
0.0833333333333
0.125
0.142857142857
0.0909090909091
0.2
0.0833333333333
0.111111111111
0.111111111111
0.0769230769231
0.111111111111
0.0769230769231
0.0909090909091
0.0909090909091
0.0909090909091
0.111111111111
0.2
0.333333333333
0.333333333333
0.142857142857
0.2
0.25
0.333333333333
0.166666666667
0.0833333333333
0.111111111111
0.111111111111
0.166666666667
0.2
0.2
0.0588235294118
0.0833333333333
0.2
0.0666666666667
0.0666666666667
0.0666666666667
0.0769230769231
0.333333333333
0.2

Topic 6
Mean 0.134411223697
Median 0.111111111111
Sum 3.76351426351
0.0769230769231
0.0
0.0
0.2
0.25
0.0
0.111111111111
0.0666666666667
0.0
0.0909090909091
0.0
0.0
0.0
0.0
0.0
0.0833333333333
0.0666666666667
0.0
0.111111111111
0.0714285714286
0.0
0.111111111111
0.0769230769231
0.0
0.111111111111
0.0909090909091
0.0
0.0833333333333
0.142857142857
0.166666666667
0.0
0.166666666667
0.0909090909091
0.0
0.166666666667
0.166666666667
0.111111111111
0.25
0.0
0.333333333333
0.0909090909091
0.0
0.0833333333333
0.25
0.142857142857

Topic 7
Mean 0.131460730174
Median 0.1
Sum 4.73258628626
0.25
0.111111111111
0.111111111111
0.0
0.0
0.0
0.2
0.333333333333
0.25
0.0
0.1
0.142857142857
0.125
0.0
0.125
0.0666666666667
0.0909090909091
0.0666666666667
0.0
0.0588235294118
0.0625
0.111111111111
0.125
0.0833333333333
0.0
0.0714285714286
0.0769230769231
0.2
0.0909090909091
0.1
0.0909090909091
0.0
0.0909090909091
0.1
0.0588235294118
0.0714285714286
0.2
0.2
0.25
0.0
0.2
0.25
0.0769230769231
0.0909090909091
0.1

Topic 0
Mean 0.13003968254
Median 0.105555555556
Sum 1.3003968254
0.0
0.0
0.0
0.0
0.0
0.0
0.0
0.0833333333333
0.0
0.0
0.0
0.0
0.0
0.0
0.0
0.0
0.0833333333333
0.0
0.0
0.0714285714286
0.0
0.0
0.0
0.0
0.0
0.0
0.0
0.0
0.0
0.166666666667
0.0
0.0
0.1
0.0
0.111111111111
0.0
0.0
0.333333333333
0.0
0.0
0.0833333333333
0.0
0.125
0.0
0.142857142857

