Topic 6
Mean 1.73702638699
Median 1.69167601067
Sum 36.4775541267
0.0
0.0
0.0
0.0
0.0
1.44036158239
0.0
0.0
1.55814461805
1.8458266905
0.0
0.0
1.8458266905
1.44036158239
1.44036158239
0.0
0.0
0.0
0.0
0.0
0.0
0.0
0.0
1.33500106673
2.25129179861
1.44036158239
1.44036158239
0.0
0.0
0.0
1.8718021769
1.8458266905
1.69167601067
1.55814461805
0.0
1.55814461805
0.0
0.0
1.69167601067
2.25129179861
1.8458266905
1.8458266905
0.0
2.25129179861
2.02814824729

Topic 1
Mean 1.66888993426
Median 1.64865862559
Sum 46.7289181593
0.0
1.44036158239
0.0
2.53897387106
0.0
1.33500106673
0.0
0.0
0.0
0.0
1.64865862559
0.0
1.23969088693
1.64865862559
0.0
1.8458266905
0.0
1.55814461805
2.02814824729
0.0
2.25129179861
2.94443897917
0.0
1.33500106673
1.8718021769
0.0
1.44036158239
1.8458266905
1.15267950994
0.0
0.998528830111
1.23969088693
0.0
1.8458266905
1.69167601067
1.15267950994
1.69167601067
0.0
1.23969088693
2.53897387106
0.0
1.55814461805
1.8458266905
1.64865862559
1.15267950994

Topic 8
Mean 1.63469203865
Median 1.55814461805
Sum 73.5611417391
1.69167601067
1.33500106673
2.53897387106
1.44036158239
1.55814461805
1.23969088693
1.8718021769
1.64865862559
1.23969088693
1.44036158239
1.33500106673
1.8458266905
1.15267950994
2.25129179861
1.33500106673
1.55814461805
1.23969088693
0.998528830111
1.15267950994
1.44036158239
1.07263680226
1.8718021769
1.64865862559
1.23969088693
1.55814461805
2.15948424935
1.33500106673
1.23969088693
2.02814824729
2.15948424935
1.33500106673
1.55814461805
2.15948424935
1.33500106673
1.07263680226
2.15948424935
1.8718021769
2.15948424935
1.33500106673
2.53897387106
2.15948424935
1.69167601067
1.23969088693
2.15948424935
2.15948424935

Topic 3
Mean 1.53226239842
Median 1.44036158239
Sum 55.1614463431
0.0
0.0
1.8458266905
0.0
1.64865862559
2.94443897917
0.0
1.8458266905
1.44036158239
1.15267950994
0.0
1.33500106673
1.33500106673
1.55814461805
1.07263680226
0.0
2.02814824729
2.53897387106
1.64865862559
1.44036158239
1.07263680226
0.0
1.69167601067
1.33500106673
1.15267950994
0.929535958624
1.07263680226
1.33500106673
0.0
1.44036158239
1.8458266905
2.02814824729
1.15267950994
1.69167601067
1.15267950994
1.15267950994
0.0
1.69167601067
1.55814461805
1.8458266905
1.15267950994
1.69167601067
1.15267950994
1.15267950994
2.02814824729

Topic 2
Mean 1.45750389267
Median 1.44036158239
Sum 30.607581746
1.23969088693
1.69167601067
1.23969088693
0.0
0.0
0.0
1.15267950994
1.07263680226
1.15267950994
0.0
1.33500106673
1.33500106673
1.33500106673
0.0
1.8718021769
0.0
0.0
0.0
0.0
0.0
0.0
1.44036158239
1.23969088693
1.44036158239
0.0
1.64865862559
1.8718021769
0.0
0.0
0.0
0.0
0.0
0.0
0.0
0.0
0.0
1.44036158239
1.23969088693
1.69167601067
0.0
1.64865862559
1.8718021769
0.0
1.64865862559
0.0

Topic 0
Mean 1.64345579603
Median 1.44036158239
Sum 34.5125717167
0.0
0.0
0.0
0.0
0.0
1.44036158239
0.0
0.0
1.8458266905
1.15267950994
0.0
0.0
1.44036158239
1.69167601067
1.15267950994
0.0
0.0
0.0
0.0
0.0
0.0
0.0
0.0
2.25129179861
1.44036158239
1.8718021769
1.44036158239
0.0
0.0
0.0
1.44036158239
1.44036158239
1.15267950994
1.44036158239
0.0
1.44036158239
0.0
0.0
1.8458266905
1.33500106673
3.63758615973
1.33500106673
0.0
2.15948424935
1.55814461805

Topic 4
Mean 1.4721623845
Median 1.33500106673
Sum 66.2473073023
1.33500106673
2.02814824729
1.46633706879
1.55814461805
1.44036158239
1.07263680226
1.07263680226
1.23969088693
1.44036158239
1.07263680226
0.998528830111
1.23969088693
1.33500106673
1.07263680226
1.8458266905
1.44036158239
2.56494935746
1.64865862559
1.55814461805
1.23969088693
1.23969088693
1.23969088693
2.56494935746
1.69167601067
1.33500106673
1.8458266905
1.69167601067
2.15948424935
0.864997437487
1.15267950994
1.07263680226
0.929535958624
1.33500106673
1.23969088693
1.15267950994
1.23969088693
1.69167601067
1.8718021769
1.69167601067
1.8458266905
1.44036158239
1.33500106673
2.02814824729
1.8458266905
1.07263680226

Topic 7
Mean 1.35340709804
Median 1.23969088693
Sum 48.7226555293
0.0
1.07263680226
0.0
1.44036158239
0.0
1.23969088693
1.23969088693
0.0
1.07263680226
2.02814824729
1.23969088693
0.0
1.07263680226
2.02814824729
2.53897387106
0.998528830111
0.0
0.998528830111
1.15267950994
0.998528830111
0.998528830111
1.15267950994
0.0
1.33500106673
1.33500106673
1.15267950994
1.15267950994
1.8718021769
1.55814461805
0.0
1.33500106673
1.8458266905
1.55814461805
1.55814461805
2.02814824729
1.8458266905
0.998528830111
0.0
0.998528830111
1.15267950994
0.998528830111
0.998528830111
1.15267950994
1.33500106673
1.23969088693

Topic 5
Mean 1.3710244956
Median 1.23969088693
Sum 61.696102302
1.23969088693
1.44036158239
1.23969088693
2.25129179861
1.23969088693
1.23969088693
1.33500106673
1.15267950994
1.15267950994
2.02814824729
1.44036158239
1.07263680226
1.23969088693
1.23969088693
1.44036158239
1.64865862559
1.07263680226
1.15267950994
1.33500106673
1.69167601067
1.33500106673
1.33500106673
1.15267950994
1.8458266905
1.15267950994
1.07263680226
1.44036158239
1.07263680226
1.46633706879
0.998528830111
1.15267950994
1.15267950994
1.23969088693
1.44036158239
1.55814461805
1.07263680226
1.64865862559
1.23969088693
1.69167601067
1.23969088693
1.15267950994
1.44036158239
1.64865862559
1.8458266905
1.64865862559

Topic 9
Mean 1.37527505806
Median 1.15267950994
Sum 13.7527505806
0.0
0.0
1.15267950994
0.0
0.0
0.0
0.0
0.0
0.0
0.0
0.0
0.0
0.0
0.0
0.0
0.0
0.998528830111
1.31218638897
0.0
0.0
0.0
0.0
0.929535958624
3.63758615973
0.0
0.0
0.0
1.46633706879
0.0
0.0
0.0
0.0
0.0
0.0
0.0
0.0
0.0
0.864997437487
0.998528830111
0.0
0.0
0.0
1.23969088693
1.15267950994
0.0

