Topic 3
Mean 1.81296534635
Median 1.74724265805
Sum 10.8777920781
0.0
0.0
1.8458266905
0.0
1.64865862559
2.94443897917
0.0
1.8458266905
1.44036158239
1.15267950994

Topic 6
Mean 1.61477763031
Median 1.55814461805
Sum 4.84433289094
0.0
0.0
0.0
0.0
0.0
1.44036158239
0.0
0.0
1.55814461805
1.8458266905

Topic 8
Mean 1.60043613076
Median 1.49925310022
Sum 16.0043613076
1.69167601067
1.33500106673
2.53897387106
1.44036158239
1.55814461805
1.23969088693
1.8718021769
1.64865862559
1.23969088693
1.44036158239

Topic 1
Mean 1.77144550673
Median 1.44036158239
Sum 5.31433652018
0.0
1.44036158239
0.0
2.53897387106
0.0
1.33500106673
0.0
0.0
0.0
0.0

Topic 0
Mean 1.47962259428
Median 1.44036158239
Sum 4.43886778283
0.0
0.0
0.0
0.0
0.0
1.44036158239
0.0
0.0
1.8458266905
1.15267950994

Topic 4
Mean 1.37259554594
Median 1.38768132456
Sum 13.7259554594
1.33500106673
2.02814824729
1.46633706879
1.55814461805
1.44036158239
1.07263680226
1.07263680226
1.23969088693
1.44036158239
1.07263680226

Topic 7
Mean 1.34886086801
Median 1.23969088693
Sum 8.09316520806
0.0
1.07263680226
0.0
1.44036158239
0.0
1.23969088693
1.23969088693
0.0
1.07263680226
2.02814824729

Topic 5
Mean 1.43189252626
Median 1.23969088693
Sum 14.3189252626
1.23969088693
1.44036158239
1.23969088693
2.25129179861
1.23969088693
1.23969088693
1.33500106673
1.15267950994
1.15267950994
2.02814824729

Topic 2
Mean 1.25817560111
Median 1.19618519844
Sum 7.54905360667
1.23969088693
1.69167601067
1.23969088693
0.0
0.0
0.0
1.15267950994
1.07263680226
1.15267950994
0.0

Topic 9
Mean 1.15267950994
Median 1.15267950994
Sum 1.15267950994
0.0
0.0
1.15267950994
0.0
0.0
0.0
0.0
0.0
0.0
0.0

